1048577 2 1048682
1048580 2 1048682
1114113 1 1114116
1114113 1 1114218
1114116 1 1114218
17498113 26 17498118
17498113 49 17498218
17498113 8 17563649
17498116 44 17498121
17498116 2 17498218
17498116 69 17563649
17498116 6 17563652
17498116 7 34340865
17498116 2 34340868
17498116 1 12936019998
17498118 25 17498124
17498118 21 17563649
17498118 51 17563652
17498118 5 17563654
17498118 4 34340865
17498118 5 34340868
17498118 1 12936019998
17498121 42 17563652
17498121 27 17563654
17498121 3 34340868
17498121 1 34340870
17498124 26 17563654
17498124 1 34340870
17498218 44 17563649
17498218 3 34340865
17563649 54 17563654
17563649 104 17563754
17563649 21 17629185
17563649 1 34406404
17563649 1 47262269441
17563652 113 17563657
17563652 1 17563754
17563652 167 17629185
17563652 28 17629188
17563652 4 34406401
17563652 4 34406404
17563654 62 17563660
17563654 52 17629185
17563654 123 17629188
17563654 29 17629190
17563654 1 34406401
17563654 5 34406404
17563654 1 34406406
17563654 1 51183618
17563654 1 4312530956
17563657 2 17629185
17563657 95 17629188
17563657 86 17629190
17563657 1 17629193
17563657 2 34406404
17563657 2 34406406
17563657 1 4312596486
17563660 1 17629188
17563660 59 17629190
17563660 1 17629193
17563660 1 34406406
17563660 1 4312596486
17563754 101 17629185
17563754 1 17629188
17563754 3 34406401
17563754 1 47262269441
17629185 86 17629190
17629185 132 17629290
17629185 54 17694721
17629185 1 17694724
17629185 1 34471937
17629185 3 47262334977
17629188 135 17629193
17629188 4 17629290
17629188 245 17694721
17629188 70 17694724
17629188 2 17694726
17629188 1 34471937
17629188 2 34471940
17629188 2 47262334977
17629190 1 17629193
17629190 81 17629196
17629190 75 17694721
17629190 186 17694724
17629190 64 17694726
17629190 1 17694729
17629190 2 34471940
17629190 2 34471942
17629193 1 17629196
17629193 114 17694724
17629193 138 17694726
17629193 3 17694729
17629193 2 34471942
17629193 3 4312662022
17629196 75 17694726
17629196 2 17694729
17629196 3 4312662022
17629290 134 17694721
17629290 6 47262334977
17694721 70 17694726
17694721 84 17694826
17694721 113 17760257
17694721 1 17760260
17694721 2 17760362
17694721 1 34537473
17694721 3 47262400513
17694724 93 17694729
17694724 3 17694826
17694724 219 17760257
17694724 115 17760260
17694724 2 17760262
17694724 1 17760265
17694724 1 34537473
17694724 3 34537476
17694724 1 47262400513
17694726 40 17694732
17694726 54 17760257
17694726 180 17760260
17694726 129 17760262
17694726 3 17760265
17694726 1 17825798
17694726 4 34537476
17694726 1 4312662028
17694729 70 17760260
17694729 161 17760262
17694729 5 17760265
17694729 1 17825798
17694729 1 34537481
17694729 4 4312727561
17694732 1 17760260
17694732 34 17760262
17694732 1 17760265
17694732 1 34537481
17694732 4 4312727561
17694826 114 17760257
17694826 2 17760362
17694826 4 47262400513
17760257 39 17760262
17760257 37 17760362
17760257 161 17825793
17760257 10 17825796
17760257 1 17825898
17760257 1 34603009
17760257 5 47262466049
17760260 2 1048577
17760260 1 17760262
17760260 40 17760265
17760260 161 17825793
17760260 160 17825796
17760260 10 17825798
17760260 1 17891334
17760260 2 34603012
17760260 1 47262466049
17760262 1 17760265
17760262 19 17760268
17760262 21 17825793
17760262 156 17825796
17760262 163 17825798
17760262 16 17825801
17760262 1 17891334
17760262 1 34603012
17760262 1 34603014
17760262 1 4312793097
17760265 16 17825796
17760265 159 17825798
17760265 18 17825801
17760265 1 34603014
17760265 1 4312793094
17760265 5 4312793097
17760268 15 17825798
17760268 1 17825801
17760268 1 4312793094
17760268 3 4312793097
17760362 2 1048577
17760362 80 17825793
17760362 1 17825898
17760362 6 47262466049
17825793 1 17825796
17825793 6 17825798
17825793 11 17825898
17825793 181 17891329
17825793 14 17891332
17825793 1 17891434
17825793 1 34668545
17825793 3 47262531585
17825796 2 1114113
17825796 7 17825801
17825796 120 17891329
17825796 165 17891332
17825796 16 17891334
17825796 1 34668548
17825798 3 17825804
17825798 2 17891329
17825798 122 17891332
17825798 177 17891334
17825798 21 17891337
17825798 3 34668550
17825801 2 17891332
17825801 132 17891334
17825801 32 17891337
17825801 1 34668550
17825801 4 4312858633
17825804 1 17891334
17825804 1 17891337
17825804 1 4312858633
17825898 2 1114113
17825898 47 17891329
17825898 1 17891434
17825898 1 34668545
17825898 3 47262531585
17891329 100 17891332
17891329 28 17891434
17891332 100 17891334
17891332 2 17891337
17891332 1 17891434
17891334 116 17891337
34340865 3 34340870
34340865 3 34406401
34340865 1 47279046657
34340868 3 34340873
34340868 4 34406401
34340868 3 34406404
34340870 1 34340876
34340870 2 34406401
34340870 6 34406404
34340873 3 34406404
34340873 1 34406406
34340876 1 34406406
34340970 1 34406401
34340970 1 47279046657
34406401 3 34406406
34406401 3 34406506
34406401 3 34471937
34406404 2 34406409
34406404 7 34471937
34406404 11 34471940
34406406 1 34406412
34406406 1 34471937
34406406 12 34471940
34406406 3 34471942
34406409 1 34471940
34406409 3 34471942
34406409 1 34471945
34406412 1 34471945
34406506 5 34471937
34471937 8 34537473
34471937 1 47279177729
34471940 3 34537473
34471940 12 34537476
34471940 2 34537478
34471942 10 34537476
34471942 6 34537478
34471942 1 34537481
34471945 4 34537478
34471945 2 34537481
34472042 5 34537473
34472042 1 47279177729
34537473 6 34603009
34537473 1 34603012
34537473 1 47279243265
34537473 1 47279243370
34537476 2 34603009
34537476 13 34603012
34537476 3 34603014
34537478 10 34603012
34537478 9 34603014
34537481 3 34603014
34537481 3 34603017
34537578 2 34603009
34537578 1 47279243265
34537578 1 47279243370
34603009 6 34668545
34603009 1 47279308906
34603012 13 34668548
34603012 2 34668550
34603014 7 34668548
34603014 9 34668550
34603014 1 34668551
34603014 1 34668552
34603017 3 34668550
34603017 3 34668553
34603114 1 47279308906
34668545 1 34668650
34668548 6 34668550
34668550 4 34668553
34668551 1 36569096
34668552 1 34668554
34668552 1 36569096
51183618 1 43017962271
4312530956 1 17629190
4312596486 1 4312596492
4312596489 1 4312662025
4312596492 1 4312662025
4312662022 3 4312662028
4312662025 1 17760262
4312662025 1 4312727558
4312662025 3 4312727561
4312662028 1 17760262
4312662028 1 4312727558
4312662028 3 4312727561
4312727558 1 4312727564
4312727561 8 4312793097
4312727564 7 4312793097
4312793094 1 4312793100
4312793097 14 4312858633
4312793100 9 4312858633
4312858633 7 4312858636
8675132894 1 8676245524
8675132972 1 8676245524
8676245524 1 8676245526
12936019998 1 12953191131
12936020000 1 12953191131
12953191131 1 12953256959
12953191132 1 12953256959
12953256959 1 8675132894
12953256960 1 8675132894
38724305042 1 34429665355
42967498856 1 42967564389
42967498858 1 42967564389
42967564389 1 42967564392
42986111141 1 42986242210
43017962271 1 43019141277
43019141277 1 38724305042
47262269441 1 47262334977
47262334977 5 47262400513
47262334977 1 47262400618
47262335082 5 47262400513
47262335082 1 47262400618
47262400513 1 42967498856
47262400513 8 47262466049
47262400618 1 42967498856
47262400618 7 47262466049
47262400618 1 47262466154
47262466049 11 47262531585
47262466049 3 47262531690
47262466154 10 47262531585
47262466154 4 47262531690
47262531585 14 47262531690
47279046657 1 47279112193
47279046762 1 47279112193
47279112193 1 47279177834
47279177729 1 47279243265
47279177834 1 47279243265
47279177834 1 47279243371
47279243265 2 47279308906
47279243370 2 47279308906
47279243370 1 47279308908
47279243371 1 47279308907
47279243372 1 47279308907
47279308907 1 42986111141
47279308908 1 42986111141
47279308908 1 47281209509
