983041 1 17760362
1048577 1 1048582
1048580 1 1048582
1048580 1 1048682
1114113 1 1114118
1114113 1 1114218
1114116 1 1114118
1114116 1 1114121
1114116 1 1114218
1114118 1 1114121
17498118 1 17563652
17498118 1 38672269397
17563649 3 17563654
17563649 3 17563754
17563649 1 21475950642
17563652 3 17563657
17563652 1 17563754
17563652 5 17629185
17563652 1 17629188
17563654 1 17563660
17563654 3 17629185
17563654 1 17629188
17563654 2 17629190
17563654 1 17197629484
17563657 3 17629190
17563657 1 17197629484
17563660 1 17629190
17563754 2 17629185
17629185 2 17629190
17629185 4 17629290
17629185 3 17694721
17629188 1 17629190
17629188 1 17629193
17629188 1 17629290
17629188 2 17694721
17629188 4 17694724
17629188 1 21475885103
17629188 1 21475950642
17629190 4 17694724
17629190 6 17694726
17629193 6 17694726
17629290 2 17694721
17629290 1 21475885103
17629290 1 21475950642
17694721 2 17694826
17694721 9 17760257
17694724 1 983041
17694724 6 17760257
17694724 6 17760260
17694726 6 17760260
17694726 9 17760262
17694729 9 17760262
17694826 1 983041
17694826 5 17760257
17760257 1 1048577
17760257 1 1048580
17760257 2 17760362
17760257 11 17825793
17760257 2 17825796
17760260 1 1048577
17760260 2 17760362
17760260 6 17825793
17760260 8 17825796
17760262 8 17825796
17760262 10 17825798
17760262 1 17825801
17760265 9 17825798
17760265 1 17825801
17760362 1 1048580
17760362 3 17825793
17825793 1 1114113
17825793 2 17825898
17825793 12 17891329
17825796 2 1114113
17825796 1 1114116
17825796 1 17825898
17825796 6 17891329
17825796 12 17891332
17825798 1 1114116
17825798 7 17891332
17825798 9 17891334
17825798 1 17891337
17825801 7 17891334
17825801 2 17891337
17825898 1 1114113
17891329 6 17891332
17891329 1 17891434
17891332 9 17891334
17891334 6 17891337
33554593 1 34275332
33554593 1 50397602
33554593 1 51052545
33554593 2 51052548
33554608 1 34275329
33554608 3 51052545
33554609 3 33554625
33554609 1 33554626
33554609 35 34275329
33554609 48 34275332
33554609 24 34275334
33554609 1 34275434
33554609 2 50397537
33554609 2 50397538
33554609 1 50397601
33554609 1 50397602
33554609 2 50397603
33554609 35 51052545
33554609 23 51052548
33554609 18 51052550
33554609 1 51052553
33554609 1 51118086
33554609 1 67174721
33554609 1 67174722
33554609 1 67174753
33554609 1 17230266764
33554609 1 25804079159
33554609 1 43000725608
33554609 2 47278915585
33554609 2 47295037824
33554609 4 47295692801
33554609 1 47295692906
33554610 1 34275332
33554610 28 34275334
33554610 9 34275337
33554610 1 50397538
33554610 1 50397539
33554610 1 50397603
33554610 2 51052548
33554610 21 51052550
33554610 6 51052553
33554610 1 51118086
33554610 1 67174753
33554610 8 4329242633
33554610 5 4346019849
33554610 1 4346019852
33554624 1 33554625
33554624 1 33554640
33554624 17 34275329
33554624 2 51052545
33554624 1 8675000851
33554624 3 47278915585
33554624 3 47295692801
33554624 1 47295692906
33554625 21 34275329
33554625 20 34275332
33554625 4 34275334
33554625 2 50397537
33554625 1 50397538
33554625 1 50397539
33554625 2 50397569
33554625 1 50397570
33554625 2 50397571
33554625 1 50397601
33554625 1 50397602
33554625 1 51052545
33554625 1 4345364901
33554625 1 12969968148
33554625 1 43000070527
33554625 1 43000070558
33554625 1 43000070559
33554625 2 43000070592
33554625 1 47278915585
33554625 1 47295037888
33554626 2 34275332
33554626 12 34275334
33554626 1 34275337
33554626 1 50397569
33554626 4 4329242633
33554626 2 4345364868
33554626 1 4345364869
33554626 1 4345364900
33554626 1 4346019849
33554626 1 4346019852
33554626 1 25870598538
33554626 1 30131945814
33554626 1 47295037856
33554640 6 34275329
33554640 1 43000070527
33554641 1 34275329
33554641 3 34275332
33554641 2 34275334
33554641 1 50397538
33554641 1 50397569
33554641 1 50397601
33554641 2 50397602
33554641 3 50397603
33554641 1 68289155
33554641 1 4345364900
33554641 1 34394013775
33554641 1 42983948392
33554642 1 34275332
33554642 2 34275334
33554642 1 50397601
33554642 2 50397602
33554642 1 50397603
33554642 1 4345364868
33554642 1 4345364900
33554642 1 8658223752
33554642 1 34394013775
33554656 1 34275329
34275329 1 17563649
34275329 1 17563652
34275329 95 34275334
34275329 112 34275434
34275329 258 34340865
34275329 18 34340868
34275329 2 34340970
34275329 4 51118081
34275329 1 51118083
34275329 1 43000791140
34275329 4 47278981121
34275332 6 17563649
34275332 1 17563652
34275332 130 34275337
34275332 342 34340865
34275332 246 34340868
34275332 16 34340870
34275332 2 51118081
34275332 1 51118082
34275332 1 51118083
34275332 6 51118084
34275332 2 51118086
34275332 1 68289196
34275332 1 4329308172
34275332 1 4346085387
34275332 1 4363256453
34275332 1 43000791137
34275332 1 43000791140
34275332 1 43017962189
34275332 1 47278981226
34275334 3 17563649
34275334 2 17563652
34275334 1 34275337
34275334 69 34275340
34275334 68 34340865
34275334 285 34340868
34275334 238 34340870
34275334 14 34340873
34275334 1 51118081
34275334 1 51118082
34275334 4 51118084
34275334 6 51118086
34275334 1 4329242636
34275334 1 4329308172
34275337 3 17563652
34275337 1 17563654
34275337 82 34340868
34275337 265 34340870
34275337 35 34340873
34275337 1 51118081
34275337 3 51118086
34275337 2 4329308166
34275337 5 4329308169
34275337 1 4363256495
34275337 1 8641052701
34275337 1 38672269397
34275340 1 17563654
34275340 60 34340870
34275340 9 34340873
34275340 2 4329308166
34275434 4 17563649
34275434 178 34340865
34275434 2 34340970
34275434 1 51118081
34275434 1 43000791137
34275434 4 47278981121
34275434 1 47278981226
34340865 3 17629185
34340865 46 34340870
34340865 46 34340970
34340865 290 34406401
34340865 34 34406404
34340865 1 34406506
34340865 2 51183617
34340865 1 51183621
34340865 12 47279046657
34340865 1 47279046762
34340868 1 17629185
34340868 2 17629188
34340868 46 34340873
34340868 1 34340970
34340868 250 34406401
34340868 309 34406404
34340868 27 34406406
34340868 1 34471940
34340868 1 51183617
34340868 1 51183622
34340868 1 34377367626
34340868 1 38689112154
34340868 1 43034805115
34340868 1 47295823980
34340870 3 17629188
34340870 2 17629190
34340870 1 34340873
34340870 24 34340876
34340870 24 34406401
34340870 232 34406404
34340870 288 34406406
34340870 25 34406409
34340870 2 34471942
34340870 3 51183622
34340870 1 51183626
34340870 1 4329373705
34340870 1 4329373708
34340870 1 34377367626
34340870 1 38689112154
34340870 1 43034805115
34340873 1 17629188
34340873 2 17629190
34340873 21 34406404
34340873 227 34406406
34340873 52 34406409
34340873 1 34471942
34340873 1 51183622
34340873 1 51183625
34340873 1 51183626
34340873 10 4329373705
34340873 1 4329373708
34340876 20 34406406
34340876 1 34406409
34340876 4 4329373705
34340970 4 17629185
34340970 100 34406401
34340970 1 34406506
34340970 1 21475950642
34340970 12 47279046657
34340970 1 47279046762
34406401 5 17694721
34406401 7 34406406
34406401 7 34406506
34406401 283 34471937
34406401 8 34471938
34406401 2 34471939
34406401 30 34471940
34406401 4 34537474
34406401 3 34537475
34406401 1 34537476
34406401 3 51249154
34406401 5 47279112193
34406401 2 47279112298
34406401 1 47279177730
34406401 1 47279177836
34406404 6 17694721
34406404 2 17694724
34406404 10 34406409
34406404 184 34471937
34406404 3 34471939
34406404 291 34471940
34406404 13 34471941
34406404 32 34471942
34406404 3 34471943
34406404 3 34537475
34406404 1 34537476
34406404 4 34537477
34406404 4 51249157
34406404 1 43017962309
34406404 1 47262334977
34406404 1 47295889516
34406406 2 17694724
34406406 2 17694726
34406406 1 34406409
34406406 8 34406412
34406406 4 34471937
34406406 159 34471940
34406406 270 34471942
34406406 13 34471943
34406406 5 34471944
34406406 39 34471945
34406406 1 34537477
34406406 1 34537478
34406406 1 34537479
34406406 3 34537480
34406406 2 34537481
34406406 1 51249159
34406406 1 51249160
34406406 1 4329439241
34406406 1 47262334977
34406409 3 17694726
34406409 2 34471940
34406409 159 34471942
34406409 2 34471944
34406409 67 34471945
34406409 8 34471946
34406409 1 34537478
34406409 2 34537480
34406409 3 34537481
34406409 5 34537482
34406409 11 4329439241
34406412 1 17694726
34406412 4 34471942
34406412 2 34471945
34406412 1 4329439241
34406506 3 17694721
34406506 45 34471937
34406506 7 47279112193
34406506 2 47279112298
34406506 1 47279177730
34406506 1 47279177836
34471937 7 17760257
34471937 1 34471940
34471937 202 34537473
34471937 22 34537474
34471937 20 34537475
34471937 29 34537476
34471937 1 34537580
34471937 4 34603010
34471937 5 34603011
34471937 2 47279177729
34471937 2 47279177730
34471938 5 34537474
34471938 1 34537475
34471938 1 51314690
34471938 1 51314691
34471939 4 34537474
34471939 4 34537475
34471939 1 51314690
34471939 1 51314691
34471940 3 17760257
34471940 1 17760260
34471940 2 17760262
34471940 105 34537473
34471940 27 34537475
34471940 240 34537476
34471940 33 34537477
34471940 17 34537478
34471940 4 34537479
34471940 2 34603011
34471940 3 34603012
34471940 3 34603013
34471940 2 34603015
34471941 1 34537475
34471941 10 34537477
34471941 1 34603013
34471941 1 51314693
34471941 1 51314695
34471942 1 17760260
34471942 3 17760262
34471942 1 17760265
34471942 98 34537476
34471942 3 34537477
34471942 202 34537478
34471942 28 34537479
34471942 20 34537480
34471942 29 34537481
34471942 1 34603014
34471942 8 34603015
34471942 5 34603016
34471942 1 34603017
34471942 1 34668554
34471942 1 51314690
34471943 1 34471944
34471943 7 34537477
34471943 8 34537479
34471943 3 34537480
34471943 1 51314693
34471943 3 51314695
34471944 6 34537479
34471944 7 34537480
34471944 1 51314696
34471945 1 17760262
34471945 1 17760265
34471945 91 34537478
34471945 7 34537480
34471945 68 34537481
34471945 13 34537482
34471945 1 34603016
34471945 1 34603017
34471945 4 34603018
34471945 1 34668554
34471945 5 4329504777
34471945 2 4329570314
34471946 3 34537480
34471946 6 34537482
34471946 1 51314696
34471946 1 51314698
34471946 1 4329504778
34471947 3 34537482
34471947 1 51314698
34471947 1 4329504778
34472042 1 17760257
34472042 26 34537473
34472042 1 34603010
34472042 2 47279177729
34472042 2 47279177730
34537473 4 17825793
34537473 1 17825796
34537473 1 34537476
34537473 119 34603009
34537473 38 34603010
34537473 16 34603011
34537473 14 34603012
34537473 5 34668546
34537473 1 34668547
34537473 4 47279243265
34537473 1 47279243266
34537474 2 34603009
34537474 23 34603010
34537474 5 34603011
34537474 2 47279243266
34537474 1 47279243372
34537475 2 34603009
34537475 16 34603010
34537475 44 34603011
34537475 2 34603013
34537475 1 34668547
34537475 1 51380227
34537476 1 17825793
34537476 3 17825796
34537476 53 34603009
34537476 1 34603010
34537476 30 34603011
34537476 144 34603012
34537476 50 34603013
34537476 16 34603014
34537476 11 34603015
34537476 5 34668547
34537476 4 34668549
34537476 2 34668551
34537477 25 34603011
34537477 41 34603013
34537477 8 34603015
34537478 1 17825796
34537478 1 34537481
34537478 46 34603012
34537478 1 34603013
34537478 138 34603014
34537478 31 34603015
34537478 29 34603016
34537478 13 34603017
34537478 1 34603018
34537478 1 34668549
34537478 4 34668551
34537478 8 34668552
34537478 1 34668554
34537479 19 34603013
34537479 35 34603015
34537479 7 34603016
34537479 2 51380231
34537480 1 34537482
34537480 19 34603015
34537480 33 34603016
34537480 6 34603018
34537480 1 51380231
34537480 1 51380232
34537481 49 34603014
34537481 11 34603016
34537481 42 34603017
34537481 23 34603018
34537481 2 34668552
34537481 1 4312793097
34537481 4 4329570313
34537481 3 4329570314
34537481 1 4329570315
34537482 13 34603016
34537482 25 34603018
34537482 1 34668554
34537482 1 51380232
34537482 2 51380234
34537482 1 4329570314
34537482 1 4346347530
34537483 5 34603018
34537483 1 4329570314
34537483 1 4346347530
34537578 11 34603009
34537578 4 47279243265
34537580 4 34603010
34537580 2 47279243266
34537580 1 47279243372
34603009 3 17891329
34603009 1 17891332
34603009 4 34603012
34603009 66 34668545
34603009 25 34668546
34603009 11 34668547
34603009 8 34668548
34603009 1 47279308906
34603010 54 34668546
34603010 10 34668547
34603010 1 47279308802
34603010 3 47279308908
34603010 1 47281209509
34603011 33 34668546
34603011 78 34668547
34603011 16 34668549
34603011 1 52822024
34603011 1 47281209509
34603012 1 17891329
34603012 4 17891332
34603012 1 34603014
34603012 23 34668545
34603012 23 34668547
34603012 80 34668548
34603012 37 34668549
34603012 5 34668550
34603012 7 34668551
34603013 41 34668547
34603013 89 34668549
34603013 16 34668551
34603013 1 36438021
34603014 2 17891332
34603014 1 17891334
34603014 2 34603017
34603014 18 34668548
34603014 3 34668549
34603014 71 34668550
34603014 32 34668551
34603014 29 34668552
34603014 6 34668553
34603014 1 36569100
34603015 31 34668549
34603015 78 34668551
34603015 11 34668552
34603015 2 51445767
34603015 1 52822017
34603015 1 47279308908
34603016 2 34603018
34603016 30 34668551
34603016 70 34668552
34603016 11 34668554
34603016 1 47279308908
34603017 1 17891334
34603017 17 34668550
34603017 7 34668552
34603017 22 34668553
34603017 13 34668554
34603017 1 36569100
34603017 1 4312858633
34603017 5 4329635849
34603017 4 4329635850
34603018 29 34668552
34603018 54 34668554
34603018 1 34668555
34603018 1 36438031
34603018 4 4329635850
34603018 2 4329635851
34603019 10 34668554
34603019 2 4329635850
34603019 2 4329635851
34603114 1 17891329
34603114 2 34668545
34603114 1 47279308906
34603116 5 34668546
34603116 2 47279308908
34668545 11 34668548
34668546 27 34668547
34668546 3 34668652
34668546 2 36306945
34668546 11 36438017
34668546 1 36438021
34668546 12 36569089
34668546 4 36569093
34668546 2 53084161
34668546 1 47280947201
34668546 1 47281078273
34668546 1 47281078437
34668546 4 47281078440
34668546 8 47281209512
34668547 31 34668549
34668547 2 36306945
34668547 1 36306949
34668547 22 36438017
34668547 17 36438021
34668547 2 36438024
34668547 19 36569089
34668547 17 36569093
34668547 8 36569096
34668547 1 53084165
34668547 1 47281078273
34668547 4 47281078440
34668547 3 47281209512
34668548 10 34668550
34668549 29 34668551
34668549 3 36306949
34668549 2 36306952
34668549 8 36438017
34668549 24 36438021
34668549 14 36438024
34668549 1 36438028
34668549 8 36569089
34668549 21 36569093
34668549 17 36569096
34668549 3 36569100
34668549 1 53084172
34668550 11 34668553
34668551 30 34668552
34668551 1 36306952
34668551 2 36306956
34668551 2 36438017
34668551 10 36438021
34668551 19 36438024
34668551 11 36438028
34668551 3 36438031
34668551 7 36569093
34668551 18 36569096
34668551 13 36569100
34668551 6 36569103
34668551 1 4347920405
34668552 26 34668554
34668552 1 36306956
34668552 2 36306959
34668552 7 36438024
34668552 15 36438028
34668552 9 36438031
34668552 14 36569096
34668552 14 36569100
34668552 9 36569103
34668552 2 4331405327
34668552 1 4331405330
34668552 2 4331536399
34668552 1 4347920405
34668554 3 34668555
34668554 1 36306959
34668554 7 36438028
34668554 6 36438031
34668554 2 36569096
34668554 10 36569100
34668554 12 36569103
34668554 1 53084175
34668554 1 4331274255
34668554 6 4331405327
34668554 8 4331405330
34668554 1 4331405333
34668554 1 4331536399
34668554 10 4331536402
34668554 2 4331536405
34668555 1 36569103
34668555 1 4331274255
34668555 2 4331405330
34668555 1 4331536402
34668555 3 4331536405
34668652 1 36438017
34668652 1 36569089
34668652 1 47281078440
34668652 2 47281209512
36306945 2 36438017
36306945 1 53215233
36306945 1 47297855656
36306949 3 36438021
36306949 1 53215233
36306949 1 53215237
36306952 1 36438021
36306952 2 36438024
36306952 1 53215237
36306956 5 36438028
36306959 3 36438031
36307112 1 47297855656
36438017 27 36569089
36438017 1 53346305
36438017 1 43003019419
36438017 7 47281209512
36438021 1 36438024
36438021 8 36569089
36438021 42 36569093
36438024 5 36569093
36438024 26 36569096
36438024 6 36569100
36438024 1 53346312
36438028 1 36438031
36438028 3 36569096
36438028 30 36569100
36438028 7 36569103
36438031 2 36569100
36438031 18 36569103
36438031 1 4331536399
36438184 5 47281209512
36569089 5 36569093
36569089 7 36569256
36569093 10 36569096
36569096 8 36569100
36569100 13 36569103
50331825 1 51052545
50397537 3 67240510
50397537 1 47311880816
50397538 1 67240510
50397538 1 67240511
50397538 1 67240512
50397538 1 84017675
50397538 1 84083552
50397539 1 67240461
50397539 1 67240513
50397539 1 84083552
50397569 2 67240562
50397569 1 47311880816
50397569 1 47311880919
50397570 1 67240562
50397570 1 67240563
50397571 1 67240565
50397571 1 67240616
50397601 1 51052546
50397601 1 67240613
50397601 1 47295692907
50397602 1 51052550
50397602 1 51052551
50397602 2 67240615
50397602 1 47312929409
50397603 1 50463401
50397603 1 51052550
50397603 1 51052554
50397603 1 67240616
50397603 1 4345430698
50463401 1 68289115
51052545 23 51118081
51052545 1 51118082
51052545 11 51118084
51052545 1 51183618
51052545 2 47295758337
51052546 1 51118083
51052547 1 51118083
51052548 10 51118081
51052548 1 51118083
51052548 29 51118084
51052548 2 51118085
51052548 2 51118086
51052548 1 51118087
51052548 1 51183623
51052550 7 51118084
51052550 20 51118086
51052550 1 51118087
51052550 4 51118088
51052550 4 51118089
51052550 1 51183623
51052550 1 51183624
51052550 1 68289196
51052550 1 4363256453
51052551 1 51118087
51052553 4 51118086
51052553 1 51118088
51052553 9 51118089
51052553 1 51118090
51052553 1 51183624
51052554 1 4346085386
51052555 1 4346085386
51052650 1 51118081
51052650 2 47295758337
51118081 9 51183617
51118081 8 51183618
51118081 4 51183619
51118081 1 51183621
51118081 3 51249154
51118081 2 51249155
51118081 1 47295823980
51118082 1 51183618
51118082 1 43017962271
51118083 1 51183619
51118083 1 51183621
51118083 1 68289314
51118084 2 51183617
51118084 8 51183619
51118084 12 51183620
51118084 10 51183621
51118084 1 51183622
51118084 2 51183623
51118084 3 51249155
51118084 2 51249157
51118084 1 51249159
51118085 3 51183621
51118086 5 51183620
51118086 1 51183621
51118086 13 51183622
51118086 6 51183623
51118086 4 51183624
51118086 1 51183625
51118086 4 51249159
51118086 1 51249160
51118087 1 51183623
51118087 1 51183624
51118088 4 51183624
51118088 1 51183626
51118089 1 51183622
51118089 2 51183624
51118089 5 51183625
51118089 1 51249162
51118089 1 4346150923
51118089 1 4346216458
51118090 2 51183626
51183617 7 51249154
51183617 4 51249155
51183618 7 51249154
51183618 2 51249155
51183618 1 47295889410
51183619 2 51183621
51183619 2 51249154
51183619 8 51249155
51183619 2 51249157
51183619 1 52690949
51183620 5 51249155
51183620 8 51249157
51183620 2 51249159
51183621 5 51249155
51183621 10 51249157
51183621 3 51249159
51183621 1 68289275
51183622 11 51249159
51183622 7 51249160
51183623 4 51249157
51183623 9 51249159
51183623 2 51249160
51183624 2 51249159
51183624 8 51249160
51183624 2 51249162
51183624 1 52690952
51183624 1 4347658258
51183625 1 51249160
51183625 6 51249162
51183626 3 51249160
51183626 5 51249162
51183724 1 51249154
51183724 1 47295889410
51249154 14 51314690
51249154 2 51314691
51249154 3 47295954946
51249154 1 47295955052
51249155 2 51314690
51249155 20 51314691
51249155 2 51314693
51249155 1 52822017
51249157 6 51314691
51249157 21 51314693
51249157 3 51314695
51249157 1 52822017
51249157 1 52822024
51249159 11 51314693
51249159 22 51314695
51249159 2 51314696
51249159 2 52822028
51249160 9 51314695
51249160 14 51314696
51249160 1 51314698
51249160 1 51380234
51249160 2 52822028
51249160 1 52822031
51249162 7 51314696
51249162 6 51314698
51249162 1 51380234
51249162 1 52822028
51249162 1 52822031
51249162 1 4346281994
51249162 2 4346281995
51249162 1 4347789327
51249162 1 4347789330
51249163 1 4346281994
51249163 2 4346281995
51249260 1 51314690
51249260 2 47295954946
51249260 1 47295955052
51314690 9 51380226
51314690 1 52822021
51314690 2 52953089
51314690 2 47296020588
51314690 1 47297593509
51314690 1 47297593512
51314691 3 51380226
51314691 10 51380227
51314691 4 51380229
51314691 1 52822021
51314691 1 52953089
51314691 3 52953093
51314691 1 47297593345
51314691 1 47297593512
51314693 1 51380227
51314693 17 51380229
51314693 4 51380231
51314693 4 52953093
51314693 2 52953096
51314693 1 52953100
51314695 9 51380229
51314695 14 51380231
51314695 6 51380232
51314695 3 52953093
51314695 1 52953100
51314695 2 52953103
51314696 1 51314698
51314696 1 51380231
51314696 14 51380232
51314696 3 51380234
51314696 1 52822024
51314696 1 4347920402
51314698 4 51380232
51314698 8 51380234
51314698 2 4347920402
51314796 1 51380226
51314796 1 47297593509
51380226 1 51445763
51380226 2 52953089
51380226 2 53084161
51380226 1 53084165
51380226 3 47297724584
51380227 2 51445763
51380227 2 52953089
51380227 5 53084161
51380227 4 53084165
51380227 1 53084168
51380229 2 52953093
51380229 4 52953096
51380229 1 53084161
51380229 9 53084165
51380229 3 53084168
51380229 1 53084172
51380231 3 51445767
51380231 1 52953096
51380231 1 53084165
51380231 5 53084168
51380231 5 53084172
51380231 2 53084175
51380231 1 53215240
51380232 2 51445770
51380232 2 52953100
51380232 2 53084168
51380232 8 53084172
51380232 3 53084175
51380234 5 51445770
51380234 1 53084172
51380234 3 53084175
51380234 1 4346413067
51380234 1 4347920402
51380234 2 4348051471
51380234 2 4348051474
51380235 1 4346413067
51380332 1 47297724584
51445763 1 53084161
51445763 1 53084165
51445767 2 36306956
51445767 1 53084168
51445767 2 53084172
51445768 1 36306956
51445770 1 53084172
51445770 2 53084175
51445770 2 4348051471
52690949 1 52822021
52690952 1 52822024
52690956 1 52822024
52690959 1 52822031
52822017 1 52953089
52822017 1 43019403425
52822021 1 52953093
52822024 1 52953093
52822024 2 52953096
52822024 1 69730308
52822028 3 52953096
52822028 2 52953100
52822028 1 52953103
52822031 3 52953103
52953089 4 53084161
52953089 2 53084165
52953089 1 47297724584
52953093 2 53084161
52953093 11 53084165
52953093 2 53084166
52953096 1 53084165
52953096 4 53084168
52953096 1 53084169
52953096 2 53084172
52953096 1 53215243
52953100 1 53084168
52953100 1 53084169
52953100 1 53084171
52953100 5 53084172
52953100 1 53084175
52953103 2 53084174
52953103 1 53084175
52953103 1 4348051471
52953103 2 4348051474
52953103 1 4348182549
53084161 1 36438017
53084161 10 53215233
53084161 1 47297855489
53084161 3 47297855656
53084162 1 53215234
53084165 6 53215233
53084165 2 53215234
53084165 18 53215237
53084165 1 53215238
53084166 1 53215235
53084166 1 53215236
53084168 1 53215237
53084168 10 53215240
53084168 2 53215241
53084168 2 53215244
53084168 1 53346313
53084169 1 53215241
53084171 1 53215239
53084172 3 53215240
53084172 2 53215243
53084172 18 53215244
53084172 3 53215247
53084174 1 53215245
53084174 1 4348182542
53084175 10 53215247
53084175 2 4348182543
53084175 1 4348313618
53084328 1 47297855656
53215233 7 53346305
53215233 8 53346306
53215233 1 47297986728
53215234 2 53346306
53215234 1 53346308
53215236 1 53346308
53215237 2 53346305
53215237 3 53346306
53215237 7 53346309
53215237 5 53346310
53215237 1 53346312
53215237 2 53346313
53215238 1 53346306
53215238 1 53346310
53215240 2 53346309
53215240 9 53346312
53215240 1 53346313
53215240 1 53346316
53215241 1 53346310
53215241 1 53346311
53215241 1 53346313
53215243 2 53346315
53215243 1 53346318
53215244 1 36569103
53215244 2 53346312
53215244 1 53346313
53215244 2 53346315
53215244 10 53346316
53215244 2 53346318
53215244 1 53346319
53215245 1 53346314
53215246 1 53346318
53215247 2 53346318
53215247 7 53346319
53215247 1 4348313617
53215247 1 4348313618
53215400 1 47297986728
53346305 1 53346309
53346306 1 53346310
53346309 2 53346312
53346314 1 53346317
53346315 1 53346318
67174721 1 47328657928
67174722 1 67240460
67174753 1 47311880764
67174754 1 67240510
67240460 1 84083474
67240461 1 84083475
67240510 1 84083470
67240510 1 84083471
67240510 1 84083548
67240511 1 67306334
67240513 1 84083474
67240562 1 67306411
67240562 1 67306488
67240563 1 67306412
67240565 1 67306414
67240613 1 68289113
67240615 1 67306411
67240615 1 67306491
67240616 1 67306491
67240616 1 68289115
67240616 1 68289155
67306334 1 85066250
67306411 1 85066250
67306411 1 85066289
67306412 1 85066289
67306414 1 85066291
67306488 1 85066329
67306491 1 68289114
68289113 1 85132162
68289114 1 85132162
68289115 1 85132107
68289115 1 85132162
68289115 1 85132163
68289155 1 85132219
68289155 1 85132220
68289195 1 68355059
68289196 1 68355059
68289196 1 68355060
68289314 1 69468165
68355059 1 68421146
68355060 1 68421146
68355060 1 85198284
68421146 1 47314108586
69468165 1 69599238
69468174 1 69599239
69468174 1 69599241
69599238 1 69730313
69599239 1 47314567263
69599241 1 69730307
69599241 1 69730313
69730313 1 69861383
69861383 1 70057990
69992461 1 70189062
70057990 1 70189061
70189061 1 70189063
84017675 1 100860454
84083470 1 85066209
84083471 1 85066209
84083474 1 85066212
84083474 1 101843387
84083475 1 101843427
84083552 1 4380033548
84083553 1 4380033548
85066209 2 101909153
85066209 1 47346549407
85066212 1 4396876454
85066250 1 85131995
85066250 1 85132050
85066289 1 47329772303
85066289 1 47329772416
85066290 1 85132050
85066290 1 47329772416
85066291 1 85131994
85066329 1 47329772416
85131994 1 85132050
85131995 1 101974958
85131995 1 47346615364
85132050 1 85197893
85132050 1 47346615364
85132107 1 47329838305
85132162 1 85198128
85132162 1 85198129
85132163 1 85198051
85132163 1 85198128
85132219 1 85198205
85132220 1 85198209
85197893 1 47346681337
85198051 1 85264071
85198128 1 47329904530
85198129 1 85264178
85198133 1 85264179
85198205 1 43034937433
85198209 1 85264279
85198284 1 85198285
85263873 1 102107012
85264071 1 47329970406
85264178 1 85330162
85264179 1 85330157
85264279 1 85264381
85264280 1 86310916
85264381 1 86310916
85330157 1 47330036856
85330162 1 4380363760
85330281 1 86310914
86245386 1 86441988
86245389 1 47297462440
86441988 1 47314436193
100860454 1 43102240922
101843387 1 101909098
101843427 1 101909098
101843427 1 101909099
101909098 1 47363392267
101909099 1 118752015
101909100 1 118752015
101909153 1 101974877
101909153 1 47346615285
101974877 1 118817795
101974880 1 102040578
101974881 1 102040578
101974958 1 4397008083
102040578 1 118883388
118620481 1 43102240922
118620481 1 43102240925
118620481 1 47380103503
118752015 1 118817585
118817585 1 43068556100
118817686 1 43068556100
118817795 1 4413850691
118883388 1 47363589312
4312793097 1 4312858633
4329242633 9 4329308169
4329242633 1 4346085385
4329242636 5 4329308169
4329242636 1 8641052701
4329308166 2 4329308172
4329308169 14 4329373705
4329308169 2 4346150921
4329308172 4 4329373705
4329308172 1 8624341009
4329308174 1 8624341009
4329373705 19 4329439241
4329373705 1 4329439242
4329373705 3 4329439243
4329373705 1 4329504779
4329373708 6 4329439241
4329373708 1 4329439243
4329373708 1 4329439246
4329439241 17 4329504777
4329439241 2 4329504778
4329439241 7 4329504779
4329439241 2 4329504780
4329439241 1 4329570315
4329439242 1 4329504779
4329439243 3 4329504779
4329439243 1 4346281995
4329439244 5 4329504777
4329439244 2 4329504780
4329439245 1 4329504779
4329439246 1 4329504785
4329504777 12 4329570313
4329504777 2 4329570314
4329504777 6 4329570315
4329504777 2 4329570316
4329504778 3 4329570315
4329504779 10 4329570315
4329504779 2 4329570317
4329504779 1 4329635853
4329504779 1 4346347531
4329504780 2 4329570313
4329504780 3 4329570316
4329504780 1 4329570317
4329504781 1 4329570315
4329504781 2 4329570317
4329504781 1 4329635853
4329504785 1 8624537619
4329570313 6 4329635849
4329570313 3 4329635850
4329570313 4 4329635851
4329570313 1 4329635852
4329570314 1 4329635850
4329570314 7 4329635851
4329570315 2 4329635850
4329570315 22 4329635851
4329570315 2 4329635853
4329570316 1 4329635851
4329570316 1 4329635852
4329570316 2 4329635853
4329570317 1 4329635851
4329570317 4 4329635853
4329570317 1 4329635855
4329570319 1 4329635855
4329635850 8 4329635851
4329635850 1 4331536399
4329635850 1 4331536402
4329635850 1 4331536405
4329635850 1 4348051474
4329635851 3 4329635853
4329635851 1 4331274258
4329635851 7 4331405330
4329635851 4 4331405333
4329635851 1 4331536399
4329635851 6 4331536402
4329635851 7 4331536405
4329635851 1 4331536408
4329635851 1 4348051474
4329635853 1 4329635855
4329635853 1 4331274264
4329635853 3 4331405333
4329635853 2 4331405336
4329635853 1 4331536402
4329635853 3 4331536405
4329635853 1 4331536408
4329635855 1 4331536402
4329635855 1 4348051477
4331274255 1 4331405330
4331274258 2 4331405330
4331274264 1 4331405336
4331405327 3 4331536399
4331405327 4 4331536402
4331405330 13 4331536402
4331405330 5 4331536405
4331405333 9 4331536405
4331405333 1 4331536408
4331405336 2 4331536408
4331405336 1 4331536411
4331536399 3 4331536402
4331536402 1 4331536405
4331536405 1 4331536408
4345364868 1 4362207862
4345364868 1 4362207863
4345364868 1 4362207864
4345364869 1 4362207864
4345364869 1 4362207917
4345364900 1 4346019855
4345364900 1 4362207916
4345364900 1 30148788728
4345364901 1 4346019856
4345364901 1 4362207916
4345430698 1 4363256415
4345430698 1 30165631654
4346019849 4 4346085385
4346019849 1 4346085388
4346019852 2 4346085388
4346019852 1 4346085389
4346019855 1 4346085392
4346019856 1 4363256533
4346085385 1 4346150921
4346085385 1 4346150922
4346085385 1 4346150923
4346085385 2 4346216459
4346085386 1 4346150922
4346085387 1 4346150922
4346085387 1 4363256572
4346085388 2 4346150925
4346085389 1 4346150925
4346085392 1 4363256575
4346150921 3 4346216459
4346150922 1 52690959
4346150922 1 4346216459
4346150923 1 52690959
4346150923 3 4346216459
4346150924 1 4346216459
4346150925 1 4346216461
4346150925 2 4346216463
4346150927 2 4346216463
4346216458 1 4346281995
4346216459 6 4346281995
4346216459 3 4346281997
4346216461 3 4346281997
4346216461 1 4346281999
4346216463 2 4346281999
4346216463 1 4347789339
4346281994 1 4346347531
4346281995 8 4346347531
4346281995 1 4346347533
4346281995 1 4347920402
4346281997 2 4346347533
4346281997 1 4347789333
4346281999 1 4346347535
4346281999 1 4347789336
4346347530 1 4346413067
4346347531 2 4346413067
4346347531 2 4348051474
4346347531 5 4348051477
4346347533 1 4347920405
4346347533 1 4348051477
4346347533 1 4348051480
4346347535 1 4348051483
4346413067 3 4348051474
4347658258 1 4347789333
4347789327 1 4347920399
4347789330 1 4347920405
4347789333 1 4347920405
4347789333 2 4347920408
4347789336 2 4347920408
4347789339 1 4347920411
4347920399 1 4348051474
4347920402 3 4348051474
4347920405 1 4348051473
4347920405 1 4348051477
4347920405 1 4348051480
4347920408 1 4348051480
4347920408 1 4348051483
4347920408 1 4348051485
4347920411 1 4348051485
4348051471 4 4348182546
4348051473 1 69992461
4348051474 2 4348182545
4348051474 10 4348182546
4348051474 1 4348182548
4348051474 3 4348182549
4348051477 6 4348182549
4348051477 2 4348182552
4348051480 1 4348182549
4348051480 1 4348182551
4348051480 1 4348182552
4348051483 1 4348182557
4348051483 1 8643149854
4348051485 2 8643149856
4348182542 1 4348313616
4348182543 2 4348313618
4348182545 1 4348313616
4348182545 1 4348313617
4348182545 1 4348313620
4348182546 1 4348313617
4348182546 9 4348313618
4348182546 1 4348313620
4348182546 2 4348313621
4348182548 1 4348313620
4348182549 3 4348313620
4348182549 4 4348313621
4348182549 2 4348313624
4348182551 1 4348313626
4348182552 1 4348313621
4348182552 1 4348313623
4348182552 2 4348313624
4348182552 1 4348313627
4348182557 1 8643280928
4348313617 1 4348313618
4348313618 1 4348313620
4348313618 1 4348313621
4348313621 2 4348313624
4362207862 1 4362273635
4362207863 1 4362273638
4362207864 1 4362273715
4362207916 1 4362273795
4362207917 1 4363256454
4362273635 1 4380033549
4362273638 1 4380033551
4362273715 1 4380033590
4362273795 1 8675000928
4362273796 1 8675000928
4363256415 1 8675066707
4363256453 1 4380099518
4363256454 1 4363322304
4363256455 1 4363322304
4363256493 1 4380099518
4363256495 1 4363322305
4363256533 1 4363322470
4363256534 1 4363322470
4363256572 1 69468174
4363256573 1 69468174
4363256575 1 8659402786
4363256615 1 8659402786
4363322304 1 4380165587
4363322305 1 4380165511
4363322306 1 4380165511
4363322470 1 69468174
4380033548 1 4396876511
4380033549 1 4396876454
4380033551 1 8675066595
4380033590 1 4380099351
4380099351 1 4380165274
4380099407 1 4380165274
4380099518 1 85198133
4380165274 1 85263873
4380165511 1 4380231582
4380165587 1 86245386
4380231582 1 85330281
4396876454 1 101974880
4396876454 1 4396942179
4396876511 1 4396942261
4396942179 1 4397007983
4397007983 1 4413850818
4397007984 1 4413850818
4397008083 1 4397073720
4413850818 1 4413916531
8624341009 1 8624406551
8624341012 1 8624406551
8624406551 1 8624472090
8624472090 1 8641314843
8624472091 1 8641314843
8624537619 1 8624603157
8624537621 1 8624603157
8624603157 1 8626372648
8624603158 1 8626372648
8626372648 1 8626503723
8626372651 1 8626503723
8641052701 1 12953191133
8641314843 1 8642887723
8642887723 1 8643018795
8643018795 1 8643149865
8643149854 1 8643280930
8643149865 1 8643280937
8658223752 1 8658289604
8658289604 1 8675132814
8659402786 1 8659533862
8659533862 1 8659664937
8659664937 1 12954763312
8675000851 1 12970033898
8675000928 1 8675066709
8675066595 1 8691909562
8675066707 1 8675132580
8675066709 1 8675132582
8675132582 1 12970165887
8675132814 1 8675198892
8675198892 1 12970232193
8675264651 1 8675264652
8675264651 1 47297462440
8675264889 1 8675264890
12953191133 1 12953257020
12953257020 1 17248290358
12969968148 1 12986811059
12970033898 1 17281844245
12970099883 1 12970165885
12970099884 1 12970165885
12970165885 1 86245389
12970165886 1 86245389
12970232193 1 12971212829
12986811059 1 17281844166
17197629484 1 17214472239
17197629487 1 17214472239
17214472239 1 21509505072
17230266764 1 17247109764
17247109764 1 17247175622
17247175622 1 17264935487
17248290358 1 17266114633
17264935487 1 12970099883
17266114633 1 21561278512
17332437061 1 17332568128
17332568128 1 13037731899
21475885103 1 21475885108
21475885106 1 21511405648
21475885108 1 21511405648
21475950642 2 21475950647
21475950644 2 21475950647
21509505072 1 21527920717
21509505073 1 21527920717
21527920717 1 21528051789
21528051789 1 21528182859
21544763442 1 21544894513
21610234157 1 17332437061
21610234157 1 21610299643
21610299643 1 21610299700
21610299644 1 21610299700
25804079159 1 25820921914
25804079162 1 25820921914
25820921914 1 25820987453
25820987453 1 25821052990
25821052990 1 25822494820
25822494820 1 25822625895
25822494823 1 25839403104
25822625895 1 30117724266
25839403104 1 25839534172
25839534172 1 21544763442
25870598538 1 25887441407
25887441407 1 13037731899
30099439690 1 30117986413
30115889228 1 30115889230
30116020294 1 25822494823
30117986413 1 30118117484
30131945814 1 30148788728
30148788728 1 30165631654
30165631654 1 68289195
30165631655 1 68289195
34377367626 1 34377367631
34377367629 1 30116020294
34377367631 1 30116020294
34377564237 1 30099439690
34377564239 1 30099439690
34394013775 1 30115889228
34394144847 1 34410987600
34410987600 1 34412429437
34410987606 1 34412429446
34412429437 1 34429337726
34412429446 1 38724305033
34429337726 1 34429468802
34429468802 1 34429796431
34429796431 1 38724894800
34445002721 1 30151016558
34445002722 1 30151016558
34446049356 1 34446049358
34446049357 1 34446049358
34446180428 1 34446180429
38672269397 1 38672269402
38672269399 1 34394144847
38672269402 1 34394144847
38672466010 1 38672466016
38672466013 1 34377564237
38672466016 1 34377564237
38689112154 1 34410987606
38689112157 1 34410987606
38691143820 1 38708052105
38707396755 1 38707527820
38723060714 1 38739903934
38723060824 1 34429206658
38724305033 1 38724436110
38724305045 1 38724501587
38724632657 1 38724763728
38724632659 1 38724763728
38724763735 1 38724894806
38739837872 1 38739903853
38739837873 1 38739903853
38739903623 1 38756746727
38739903859 1 38740036035
38739903934 1 34445002721
38739904012 1 34429206658
38739970128 1 38741016657
38740035922 1 34446049356
38741016657 1 34446180428
38756614866 1 38756680605
38756680605 1 38773523535
38756680763 1 38756746630
38756680764 1 38756746630
38756746630 1 38756812411
38756812411 1 34461911085
38773523535 1 34478621844
38773523536 1 34478621844
42983948392 1 43000791141
42984079464 1 42984144999
42984144999 1 43000987751
42984341609 1 42986111135
42985980066 1 42986111138
42985980069 1 42986111138
42986111135 1 42986242207
42986111138 1 42986242207
42986111138 3 42986242210
42986111138 1 43003019426
42986111141 1 42986242210
43000070527 1 43016913517
43000070558 1 43016913516
43000070559 1 43016913517
43000070560 1 43016913517
43000070592 2 43016913622
43000725608 1 43000791143
43000791137 1 43017962268
43000791139 1 43017962268
43000791140 1 43017962228
43000791141 1 43000856675
43000791142 1 43017962228
43000791143 1 43000856679
43000791145 1 43000856679
43000856675 1 38707396755
43000856676 1 38707396755
43000856679 1 43000922217
43000856681 1 43000922217
43000922217 1 47297462437
43000987751 1 43001053286
43000987755 1 43002495138
43001053286 1 43002626204
43002364066 1 43019403418
43002495138 1 43002626207
43002626204 1 43002757273
43002626207 1 43002757279
43002626213 1 43002757282
43002626213 1 43002757285
43002757273 1 43002888342
43002757279 1 43002888349
43002757282 1 43002888351
43002757282 2 43002888354
43002757285 5 43002888354
43002757285 1 43002888358
43002888342 1 38708052119
43002888343 1 38708052119
43002888349 1 43003019418
43002888351 1 43003019424
43002888354 2 43003019423
43002888354 1 43003019424
43002888354 2 43003019426
43002888354 3 43003019427
43002888357 1 43003019426
43002888357 3 43003019427
43002888358 1 43003019427
43003019418 1 43003019421
43003019419 1 43003019422
43016913516 1 43033756577
43016913517 1 43033756578
43016913517 1 43033756579
43016913518 1 43033756578
43016913518 1 43033756579
43016913518 1 43033756580
43016913519 1 43016979442
43016913570 1 43016979441
43016913571 1 43016979442
43016913622 1 43017962108
43016913622 1 43017962149
43016979441 1 43034739285
43016979442 1 43034739285
43016979442 1 43034739286
43016979443 1 43034739286
43017962108 1 38739837872
43017962149 1 43018028010
43017962149 1 43034805171
43017962150 1 43018028010
43017962150 1 43034805228
43017962189 1 38723060714
43017962228 1 38723060824
43017962230 1 43018028180
43017962268 1 43018028179
43017962271 1 43018028182
43017962271 1 43019141277
43017962309 1 43018028179
43018028010 1 38739904012
43018028011 1 38739904012
43018028179 2 43019141277
43018028180 1 43019141271
43018028182 1 43019141277
43019141271 1 38724305041
43019141277 1 38724305045
43019141277 1 43019272346
43019141277 1 47314436193
43019141277 1 47331082335
43019141280 1 47314436193
43019141280 1 47331082335
43019272346 1 38724632657
43019403418 1 43019534488
43019403421 1 43019534488
43019534488 1 38724763735
43033756577 1 43033756578
43033756578 1 38756614864
43033756579 1 43034739205
43033756580 1 43034739245
43034739205 1 38756614866
43034739207 1 43051582166
43034739245 1 43034805003
43034739246 1 43034805003
43034739285 1 43034805058
43034739286 1 43034805115
43034805003 1 38756680763
43034805058 1 38739903623
43034805115 1 38739903781
43034805115 1 43034871002
43034805171 1 38739903859
43034805228 1 43034871234
43034805230 1 43034871234
43034805231 1 43034871234
43034871002 1 8675264889
43034871081 1 43034871082
43034871084 1 43034937125
43034871234 1 38739970128
43034871234 1 43034871235
43034937124 1 43034937125
43034937125 1 38740035922
43050533564 1 43068293558
43051582166 1 43051647907
43051647830 1 43068490738
43051647831 1 43068490738
43051647907 1 43051713728
43051647983 1 43051647984
43051713728 1 43068556571
43051713732 1 43051779479
43051779356 1 38773655004
43051779965 1 43051846007
43051846007 1 43051846008
43068293558 1 43068359154
43068359154 1 34495267190
43068359155 1 34495267190
43068556100 1 43068621392
43068556101 1 43068621392
43068556571 1 38773655004
43068621392 1 43068621393
47262334977 1 47262335082
47262335080 1 38672466010
47262335082 1 38672466010
47278194896 1 50397537
47278194912 1 50397603
47278915585 2 47278981121
47278915585 1 47278981226
47278915690 2 47278981121
47278915690 1 47278981226
47278981121 2 47279046657
47278981121 4 47279046762
47278981226 1 42984079464
47278981226 2 47279046657
47278981226 5 47279046762
47279046657 8 47279112193
47279046657 4 47279112298
47279046657 1 47279112300
47279046657 1 47279177836
47279046762 6 47279112193
47279046762 1 47279112194
47279046762 6 47279112298
47279046762 1 47279112299
47279046762 3 47279112300
47279046762 1 47279177836
47279112193 3 47279177729
47279112193 3 47279177730
47279112193 6 47279177834
47279112193 1 47279243372
47279112194 1 47279177836
47279112298 3 47279177729
47279112298 3 47279177730
47279112298 8 47279177834
47279112298 1 47279177835
47279112298 4 47279177836
47279112298 1 47279243372
47279112299 1 47279177835
47279112300 2 47279177835
47279112300 2 47279177836
47279177729 1 47279243265
47279177729 1 47279243266
47279177729 3 47279243370
47279177730 1 47279243266
47279177730 5 47279243372
47279177834 1 47279243265
47279177834 3 47279243266
47279177834 7 47279243370
47279177834 2 47279243371
47279177835 3 47279243371
47279177836 1 47279243266
47279177836 8 47279243371
47279177836 7 47279243372
47279243265 1 47279243370
47279243265 3 47279308802
47279243265 1 47279308906
47279243266 2 47279308802
47279243266 5 47279308908
47279243370 3 47279308802
47279243370 4 47279308906
47279243370 2 47279308907
47279243371 1 42984341609
47279243371 9 47279308907
47279243372 2 47279308802
47279243372 7 47279308907
47279243372 13 47279308908
47279243372 1 47296086124
47279308802 2 47279308908
47279308802 1 47281078437
47279308802 1 47281078440
47279308907 1 42985980066
47279308907 4 42986111138
47279308907 1 42986111141
47279308907 1 42986242210
47279308907 1 42986242213
47279308907 2 43002757282
47279308907 2 47279308908
47279308908 1 38691143820
47279308908 2 42986111138
47279308908 1 42986242210
47279308908 1 42986242213
47279308908 1 47280947368
47279308908 8 47281078437
47279308908 5 47281078440
47279308908 2 47281209509
47279308908 1 47281209512
47280947201 1 47297855656
47280947368 1 47297855653
47280947368 1 47297855656
47281078273 2 47281209512
47281078437 3 42986242213
47281078437 6 47281209509
47281078440 2 47281209509
47281078440 13 47281209512
47295037824 1 43016913518
47295037824 1 43016913519
47295037856 1 43016913570
47295037888 1 47311880919
47295692801 1 47295758337
47295692801 3 47295758442
47295692906 1 47295758337
47295692906 4 47295758442
47295692907 1 43017962230
47295692908 1 43017962230
47295758337 2 47295823874
47295758337 1 47295823978
47295758442 3 47295823874
47295758442 1 47295823978
47295758442 1 47295823979
47295758442 2 47295823980
47295823874 3 47295889516
47295823978 1 47295889516
47295823979 1 47295889515
47295823980 1 43017962271
47295823980 1 47295889515
47295823980 4 47295889516
47295889410 1 47295955052
47295889515 1 43000987755
47295889516 1 43002364066
47295889516 2 47295955051
47295889516 5 47295955052
47295954946 1 47295955052
47295954946 2 47296020588
47295955051 1 47296020587
47295955051 1 47297593509
47295955052 1 43002626213
47295955052 1 47296020587
47295955052 4 47296020588
47295955052 1 47297462440
47295955052 1 47297593509
47295955052 2 47297593512
47296020587 1 43002626213
47296020588 1 43002757285
47296020588 1 47297724581
47296020588 4 47297724584
47296086124 1 43002757285
47297462437 1 47297593512
47297462440 1 47297593509
47297593345 1 47297724584
47297593509 3 43002757285
47297593512 1 53084162
47297593512 1 43002757285
47297593512 2 47297724581
47297593512 3 47297724584
47297724581 1 43002888357
47297724581 2 47297855653
47297724584 5 47297855653
47297724584 1 47297855654
47297724584 5 47297855656
47297724584 1 47297855657
47297855489 1 47297986728
47297855653 1 47297855656
47297855653 3 47297986725
47297855653 3 47297986726
47297855654 1 43003019430
47297855654 1 47297986726
47297855656 1 47297986725
47297855656 3 47297986726
47297855656 6 47297986728
47297855656 2 47297986729
47297855657 1 47297986727
47297986728 2 47297986729
47311880764 1 47328723801
47311880816 1 47328723880
47311880919 1 43017962149
47311880919 1 43017962150
47312929409 1 43034805230
47312929448 1 43034805230
47314567263 1 43019731037
47328657928 1 43050533564
47328723801 1 43034739207
47328723880 1 85066209
47329772303 1 43051647983
47329772416 1 43034871081
47329772416 1 43034871084
47329838305 1 43034937124
47329838382 1 43034937124
47329904530 1 43035003229
47329970406 1 43035069400
47346549407 1 43051647830
47346549408 1 43051647830
47346615285 1 43051713732
47346615286 1 43051713732
47346615364 1 43051713931
47346681337 1 43051779965
47346681338 1 43051779965
47380103503 1 47380103504
