184877057 1 184877162
184877057 1 184942596
184877057 1 184942698
184942593 1 184942698
184942593 1 185008129
184942593 1 185008234
185008129 1 201850884
185008129 1 201850986
201588737 1 184877060
201588737 1 184877162
201588737 2 201588842
201588737 1 201654273
201588737 1 201654276
201588740 2 201588842
201654273 2 201654378
201654273 3 201719809
201654273 1 201719812
201654273 2 201719914
201654276 2 201654378
201719809 3 201785345
201719809 1 201785348
201719809 2 201785450
201785345 3 201850881
201785345 1 201850884
201785345 2 201850986
201850881 1 201850986
201850881 1 201916417
201850881 1 201916420
201850881 1 218693633
201850881 2 218693636
201850881 3 218693738
201916417 1 218759172
201916417 1 218759174
218693633 2 218693738
218759169 2 218759174
218759172 1 218759174
218759174 1 218759180
4513660937 1 218759177
4513660937 1 218759180
4513660937 1 4513660942
4513660940 1 4513660942
