167772209 3 168034305
167772225 1 167837729
167772225 2 168034305
167772225 1 168034308
168034305 3 168099841
168034305 3 184877057
168099841 1 168165377
168099841 1 168165378
168099841 1 168165379
168099841 1 184942593
168165377 1 185008129
168165378 1 185008129
184549409 1 168034305
184549409 1 184549424
184811521 6 184811524
184811521 4 184811526
184811521 21 184811626
184811521 14 184877057
184811521 21 184877060
184811521 4 184877062
184811521 15 184877162
184811521 2 201654273
184811521 4 201654276
184811521 2 201654378
184811524 5 184811526
184811524 11 184811529
184811524 16 184811626
184811524 2 184877060
184811524 9 184877062
184811524 7 184877065
184811524 1 201588742
184811524 2 201654276
184811524 3 201654278
184811524 1 201654281
184811526 11 184811529
184811526 6 184811532
184811526 3 184877062
184811526 4 184877065
184811526 1 184877068
184811526 1 201654276
184811526 2 201654278
184811526 2 201654281
184811526 1 201654284
184811529 6 184811532
184877057 4 184877062
184877057 9 184877162
184877057 17 184942593
184877057 13 184942596
184877057 2 184942598
184877057 5 184942698
184877057 3 201719809
184877057 10 201719812
184877057 2 201719814
184877057 5 201719914
184877060 7 184877065
184877060 4 184942596
184877060 6 184942598
184877060 2 184942601
184877060 2 201719812
184877060 3 201719814
184877060 1 201719817
184877062 1 184877068
184877062 4 184942598
184877062 4 184942601
184942593 1 184942598
184942593 14 185008129
184942593 6 185008132
184942593 4 185008234
184942593 5 201785345
184942593 6 201785348
184942596 2 184942601
184942596 1 185008129
184942596 4 185008132
184942596 5 185008134
184942596 2 185008137
184942596 2 201785348
184942596 2 201785350
184942598 3 185008134
184942598 3 185008137
184942598 1 201785350
184942598 1 201785353
185008129 12 185073665
185008129 6 185073668
185008129 2 185073770
185008129 3 201850881
185008129 2 201850884
185008129 1 201850886
185008129 2 201850986
185008132 2 185073668
185008132 2 185073670
185008132 1 201850884
185008132 1 201850886
185008134 2 185073670
185008134 2 185073673
185008134 3 201850886
185008134 2 201850889
185073665 5 185139201
185073665 2 185139204
185073665 5 201916417
185073665 5 201916420
185073665 1 201916422
185073665 3 201916522
185073668 1 185139206
185073668 2 201916420
185073670 3 201916422
185073670 2 201916425
185139201 5 201981953
185139201 1 201981956
185139206 1 201981958
201588737 11 201588740
201588737 25 201588742
201588737 25 201588842
201588737 5 201654273
201588737 64 201654276
201588737 29 201654278
201588737 32 201654378
201588740 29 201588742
201588740 30 201588745
201588740 25 201588842
201588740 10 201654276
201588740 34 201654278
201588740 27 201654281
201588742 34 201588745
201588742 10 201588748
201588742 2 201654276
201588742 11 201654278
201588742 17 201654281
201588742 8 201654284
201588745 10 201588748
201654273 1 184942593
201654273 1 184942596
201654273 7 201654276
201654273 77 201654278
201654273 94 201654378
201654273 44 201719809
201654273 173 201719812
201654273 71 201719814
201654273 73 201719914
201654276 56 201654278
201654276 101 201654281
201654276 57 201654378
201654276 1 201719809
201654276 46 201719812
201654276 119 201719814
201654276 79 201719817
201654276 3 201719914
201654278 73 201654281
201654278 42 201654284
201654278 1 201719812
201654278 23 201719814
201654278 56 201719817
201654278 34 201719820
201654281 32 201654284
201654281 1 201719814
201654281 1 201719817
201654376 1 201654378
201654378 1 201719812
201654378 1 201719914
201719809 8 201719812
201719809 109 201719814
201719809 135 201719914
201719809 123 201785345
201719809 256 201785348
201719809 91 201785350
201719809 116 201785450
201719812 46 201719814
201719812 129 201719817
201719812 58 201719914
201719812 1 201785345
201719812 83 201785348
201719812 182 201785350
201719812 97 201785353
201719812 1 201785450
201719814 61 201719817
201719814 59 201719820
201719814 1 201785348
201719814 63 201785350
201719814 94 201785353
201719814 32 201785356
201719817 25 201719820
201719817 1 201785350
201719817 1 201785353
201785345 1 201785348
201785345 91 201785350
201785345 84 201785450
201785345 186 201850881
201785345 240 201850884
201785345 73 201850886
201785345 91 201850986
201785348 11 201785350
201785348 89 201785353
201785348 9 201785450
201785348 3 201850881
201785348 125 201850884
201785348 179 201850886
201785348 58 201850889
201785348 1 201850986
201785350 17 201785353
201785350 41 201785356
201785350 2 201850884
201785350 115 201850886
201785350 129 201850889
201785350 15 201850892
201785353 5 201785356
201785353 1 201850889
201850881 53 201850886
201850881 34 201850986
201850881 227 201916417
201850881 185 201916420
201850881 19 201916422
201850881 66 201916522
201850881 1 201981953
201850884 41 201850889
201850884 1 201850986
201850884 157 201916420
201850884 162 201916422
201850884 19 201916425
201850884 3 201981956
201850884 1 201981958
201850886 19 201850892
201850886 143 201916422
201850886 137 201916425
201850886 4 201916428
201850886 1 201981961
201850889 1 201916422
201850889 6 201916425
201850986 3 201916417
201850986 2 201916522
201916417 2 201916420
201916417 7 201916422
201916417 8 201916522
201916417 227 201981953
201916417 136 201981956
201916417 4 201981958
201916417 54 201982058
201916420 3 201916425
201916420 1 201916522
201916420 172 201981956
201916420 124 201981958
201916420 1 201981961
201916420 1 4481744923
201916422 2 201916425
201916422 4 201916428
201916422 160 201981958
201916422 133 201981961
201916422 1 201981964
201916425 1 201916428
201916425 2 201981958
201916425 20 201981961
201916522 1 201981953
201916522 1 4481744923
201981953 2 201981958
201981953 1 201982058
201981953 1 43119673498
201981956 1 201981961
201981958 1 201981961
201981958 2 201981964
201981961 1 201981964
4479778822 1 4479778828
4479778822 1 4479844361
4479778822 1 4479844364
4479778825 1 4479778828
4479778828 1 4479778830
4479778828 1 4479844364
4479778828 1 4479844366
4479844358 1 4479844364
4479844358 1 4479909897
4479844358 1 4479909900
4479844364 1 4479909897
4479844364 1 4479909900
4479909894 1 201785353
4479909894 1 201785356
4479909894 1 4479909900
4479909897 1 201785353
4479909897 1 201785356
4496556038 3 4496556044
4496556038 3 4496621577
4496556038 3 4496621580
4496556041 3 4496556044
4496556044 1 4496621577
4496556044 1 4496621580
4496621574 1 201719817
4496621574 1 201719820
4496621574 11 4496621580
4496621574 10 4496687113
4496621574 10 4496687116
4496621577 6 4496621580
4496687110 4 201785353
4496687110 4 201785356
4496687110 13 4496687116
4496687110 9 4496752649
4496687110 9 4496752652
4496687113 3 4496687116
4496752646 1 201785356
4496752646 6 201850889
4496752646 5 201850892
4496752646 7 4496752652
4496752646 2 4496818185
4496752646 2 4496818188
4496752649 1 201850889
4496752649 1 4496752652
4496752649 2 4496818185
4496752649 1 4496818188
4496818182 1 201916425
4496818182 1 4496818188
4496818185 2 201916425
4496818185 1 4496883721
4496883721 1 201981961
8774811671 1 201719814
8774811671 1 4496687113
13036093544 1 13052936220
13036093544 1 13052936223
13036093544 1 17298489719
13052936220 1 8774811671
13052936220 1 8774811673
17281778359 1 21544304731
17298489719 1 17281778359
43119542428 1 43119673498
47429451777 2 47429451882
47429451777 1 47429517313
47429451777 1 47429517418
47429451777 1 47446294529
47429451777 1 47446294634
47429451880 2 47429451882
47429517313 1 47429582849
47429517313 1 47429582954
47429582849 1 47446425601
47429582849 1 47446425706
47446228993 4 47446229098
47446228993 2 47446294529
47446228993 2 47446294632
47446228993 4 47446294634
47446229096 4 47446229098
47446294529 4 201719809
47446294529 2 201719914
47446294529 7 47446294634
47446294529 6 47446360065
47446294529 2 47446360168
47446294529 8 47446360170
47446294632 1 201654378
47446294632 5 47446294634
47446360065 2 201785345
47446360065 2 201785450
47446360065 6 47446360170
47446360065 9 47446425601
47446360065 1 47446425704
47446360065 10 47446425706
47446360168 5 47446360170
47446425601 2 201850881
47446425601 3 201850986
47446425601 2 47446425706
47446425601 9 47446491137
47446425601 9 47446491242
47446425704 1 47446425706
47446425704 1 47446491137
47446425704 1 47446491242
47446491137 6 201916417
47446491137 6 201916522
47446491137 4 47446556673
47446491137 4 47446556778
47446556673 4 201981953
47446556673 4 201982058
