101909044 1 101974955
101909045 1 101974956
101974803 1 4397007982
101974877 1 102040988
101974955 1 47346681337
101974956 1 47346681338
102040988 1 12954632242
118620482 1 118686203
118620524 1 101909044
118686093 1 118751860
118686203 1 101974803
118686257 1 101974877
118751859 1 118817687
118751860 1 118817687
118751861 1 118817687
118817287 1 118882912
118817389 1 118883150
118817491 1 118883150
118817687 1 43051779365
118882785 1 43068621400
118882912 1 118948607
118882913 1 118948607
118883150 1 47363589310
118883151 1 47363589310
134283425 1 151126121
134349009 1 134414571
134414494 1 135397657
134414495 1 30200168674
134414496 1 30200168674
134414571 1 134414649
134414572 1 118620482
135397579 1 135463195
135397617 1 135463250
135397617 1 43085136263
135397620 1 4430430550
135397657 1 43068359159
135397657 1 47363326345
135397658 1 135463305
135397659 1 135463308
135463083 1 135528606
135463083 1 135528610
135463084 1 135528606
135463137 1 135528606
135463137 1 43085201716
135463139 1 135528685
135463140 1 135528685
135463195 1 135528840
135463196 1 135528840
135463197 1 135528765
135463197 1 135528843
135463198 1 135528765
135463250 1 135528843
135463305 1 47363392112
135463308 1 118751859
135528530 1 135528531
135528533 1 4430561292
135528606 1 135594091
135528606 1 47380234341
135528607 1 47380234341
135528608 1 135528609
135528610 1 4430561394
135528685 1 135594189
135528688 1 135594193
135528689 1 135594193
135528765 1 135594293
135528765 1 135594294
135528766 1 135594294
135528840 1 47380234748
135528843 1 135594396
135528843 1 4430561800
135528844 1 135594396
135594088 1 135659525
135594091 1 135856135
135594189 1 47380300013
135594193 1 47380496480
135594197 1 43102437467
135594293 1 38790561875
135594294 1 38790561875
135594294 1 47380300135
135594396 1 118882785
135659521 1 135659522
135659521 1 47380496480
135659521 1 47380496482
135856135 1 135856137
135856135 1 135987205
135856135 1 135987206
135987205 1 152895492
150995025 1 151060577
150995025 1 151060579
150995025 1 151257091
150995025 1 151257095
150995025 1 167837729
150995025 1 167837761
150995025 1 168034307
150995025 1 168034309
150995026 1 151060579
150995040 1 167837761
151060546 1 25920929872
151060577 1 151126018
151060579 1 151126020
151126018 1 151191554
151126018 1 17366646858
151126018 1 43102372004
151126018 1 47396815048
151126019 1 151191633
151126019 1 43102503064
151126020 1 151126073
151126020 1 4447142053
151126020 1 13071679546
151126021 1 151191558
151126021 1 151191559
151126021 1 151191636
151126021 1 4447142053
151126069 1 151191631
151126071 1 151191634
151126071 1 151191636
151126073 1 151191636
151126073 1 4446158934
151126121 1 134414571
151126121 1 134414572
151126122 1 134414494
151126122 1 25920995449
151126123 1 134414495
151191554 1 135397617
151191555 1 135397617
151191558 1 152174794
151191559 1 135397579
151191631 1 135397617
151191633 1 135397657
151191634 1 135397657
151191634 1 135397658
151191636 1 135397620
151191636 1 135397659
151191637 1 135397659
151257091 1 168361987
151257091 1 168361989
151257095 1 151322631
151322631 1 185204746
152174593 1 152240130
152174633 1 17366646858
152174676 1 152240244
152174713 1 43102240931
152174713 1 47396880440
152174713 1 47396880441
152174713 1 47397208230
152174714 1 152240244
152174714 1 152240300
152174716 1 152240244
152174753 1 135463083
152174755 1 135463083
152174755 1 135463139
152174794 1 135463137
152174796 1 4430430550
152240130 1 135528532
152240244 1 135528533
152240244 1 152305668
152240245 1 152305668
152240300 1 4430495909
152240301 1 135528530
152240301 1 135528608
152240302 1 135528608
152305668 1 43085660256
152305669 1 43085660256
152567809 1 43102372004
152567809 1 43102568537
152567976 1 43102568537
152961027 1 169869314
153157642 1 4448256011
153157642 1 4448256012
167772193 1 167772224
167772193 4 184811521
167772193 2 184811524
167772193 1 186777601
167772193 1 186777605
167772193 1 186777612
167772194 3 167772210
167772194 1 168034308
167772194 2 168034310
167772194 1 184811526
167772194 1 184811529
167772209 1 167837697
167772209 6 168034305
167772209 14 168034308
167772209 6 168034310
167772209 3 184811521
167772209 10 184811524
167772209 7 184811526
167772209 4 186777601
167772209 8 186777605
167772209 8 186777608
167772209 6 186777612
167772209 1 4481613842
167772209 1 4481744911
167772209 1 4481744917
167772209 1 47431418021
167772209 2 47431418024
167772210 2 168034310
167772210 4 168034313
167772210 1 184811526
167772210 2 184811529
167772210 1 186777605
167772210 3 186777608
167772210 5 186777612
167772210 1 4481744911
167772224 1 184811521
167772224 1 186777601
167772224 1 186777608
167772225 1 167837729
167772225 1 167837730
167772225 2 168034305
167772225 1 168034307
167772225 7 168034308
167772225 1 168034309
167772225 1 168034310
167772225 2 186777601
167772225 1 186777608
167772225 1 186777612
167772226 1 167837730
167837697 1 152174753
167837697 1 167837698
167837697 1 47395766323
167837698 2 151126018
167837698 1 151126019
167837698 1 151126020
167837699 1 151126020
167837699 2 151126021
167837699 1 152174755
167837729 1 151126069
167837729 1 151126122
167837729 1 17349869636
167837729 1 17366646852
167837730 1 151126018
167837730 1 151126019
167837730 2 151126071
167837730 1 151126122
167837730 1 151126123
167837730 1 17349869636
167837730 1 17366646846
167837730 1 17366646852
167837731 1 151126071
167837731 1 151126073
167837761 2 151126121
167837761 1 25920929872
167837761 1 47395766376
168034305 6 168099841
168034305 5 168099844
168034305 3 184877057
168034305 2 184877060
168034305 3 186777605
168034307 1 168099843
168034307 1 168099844
168034308 1 168034310
168034308 12 168099844
168034308 1 168099845
168034308 4 168099846
168034308 3 184877060
168034308 2 184877062
168034308 1 186777605
168034309 1 168099845
168034310 5 168099846
168034310 1 168099849
168034310 1 184877062
168034310 2 184877065
168034310 1 186777605
168034310 1 186777615
168034313 1 168099848
168034313 1 168099849
168034313 1 168099850
168034313 1 184877065
168034313 1 186777605
168034313 1 186777615
168099841 4 168165377
168099841 1 168165380
168099841 1 184942593
168099841 2 184942596
168099843 1 168165379
168099843 1 168165381
168099844 1 168165379
168099844 9 168165380
168099844 2 168165381
168099844 3 184942596
168099844 1 184942598
168099845 2 168165381
168099845 1 168165383
168099846 4 168165382
168099846 1 168165385
168099846 2 184942598
168099848 1 152174796
168099848 1 168165384
168099848 1 184942596
168099848 1 184942598
168099849 1 168165385
168165377 2 168230914
168165377 4 168230915
168165377 1 168230917
168165379 1 168230915
168165379 1 185008132
168165380 2 168230915
168165380 5 168230917
168165380 3 168230919
168165380 1 185008131
168165380 4 185008133
168165380 1 185008135
168165381 2 168230917
168165381 1 185008134
168165382 2 168230919
168165382 3 168230920
168165382 1 185008136
168165384 1 168230920
168165385 1 168230922
168165385 1 185008138
168230914 1 168296450
168230914 1 185073666
168230914 1 185073667
168230915 3 168296451
168230915 1 168296453
168230915 2 185073667
168230915 2 185073669
168230917 2 168296451
168230917 3 168296453
168230917 1 168296455
168230917 1 185073669
168230917 1 185073671
168230917 1 185204741
168230919 1 168296455
168230919 1 168296456
168230919 1 185073671
168230920 1 168296456
168230920 1 185204744
168230922 1 185073674
168296450 1 168361986
168296451 2 168361987
168296451 1 168361989
168296451 1 185139203
168296451 2 185139205
168296453 1 185139205
168296455 1 185139208
168296456 1 185139210
168361986 1 185204738
168361987 1 185204738
168361987 1 185204741
168361987 1 185204742
169476111 1 153288714
169476111 1 169607183
169607169 1 43102961753
169607169 1 47397601447
169607169 1 47414378662
169607169 2 47414378665
169607183 1 169738254
169738241 1 47414509736
169738245 1 169738248
169738245 1 169869317
169738252 2 169869320
169738252 1 169869324
169738254 1 153092112
169869314 1 186777608
169869317 1 170000385
169869317 1 170000386
169869320 2 170000392
169869324 1 170000396
184549377 1 167837697
184549377 2 167837698
184549377 2 167837699
184549377 1 184549393
184549377 4 4462804996
184549377 1 25937641522
184549377 1 30183391578
184549377 1 34511913150
184549377 1 43117510717
184549377 3 47412477984
184549378 1 167837697
184549378 1 167837698
184549378 5 184811526
184549378 5 184811529
184549378 1 186777601
184549378 1 186777608
184549378 3 186777612
184549378 4 4462804996
184549392 1 167837698
184549392 1 30183391578
184549392 1 47412477984
184549393 1 150995025
184549393 2 167837698
184549393 2 167837699
184549393 1 167837729
184549393 2 167837730
184549393 1 167837731
184549393 5 184549394
184549393 12 184811521
184549393 23 184811524
184549393 18 184811526
184549393 7 184811529
184549393 1 184811626
184549393 1 186646529
184549393 1 186646536
184549393 1 186646543
184549393 4 186777601
184549393 2 186777605
184549393 5 186777608
184549393 2 186777612
184549393 5 186777615
184549393 1 4462805027
184549393 1 4462805029
184549393 4 4481744914
184549393 1 30200168714
184549393 1 30232608821
184549393 1 38790103353
184549393 1 43085070693
184549393 2 43117510719
184549393 1 43117510751
184549393 1 47412477984
184549393 2 47412478016
184549393 1 47412478017
184549393 1 47412478048
184549393 1 47431286952
184549393 1 47431418024
184549394 1 150995040
184549394 1 167837699
184549394 1 167837730
184549394 1 170000389
184549394 1 184811524
184549394 4 184811526
184549394 2 184811529
184549394 3 186777612
184549394 1 186777615
184549394 1 4462804996
184549394 1 4462805027
184549394 3 4462805028
184549394 1 4462805029
184549394 1 4462805060
184549394 4 4481744914
184549394 1 30232608821
184549394 1 34511913191
184549408 1 167837699
184549408 1 186777608
184549408 1 38822543419
184549408 1 43117510719
184549408 1 47412478048
184549409 1 167837697
184549409 1 167837729
184549409 1 167837730
184549409 1 167837761
184549409 1 170000389
184549409 1 170000396
184549409 1 184549410
184549409 1 184549424
184549409 1 184549425
184549409 34 184811521
184549409 61 184811524
184549409 37 184811526
184549409 7 184811529
184549409 4 184811626
184549409 1 186646533
184549409 1 186646536
184549409 1 186646540
184549409 14 186777601
184549409 15 186777605
184549409 7 186777608
184549409 15 186777612
184549409 2 186777615
184549409 1 4446027844
184549409 1 4462805060
184549409 2 4481744911
184549409 7 4481744914
184549409 1 4481744917
184549409 1 21659385897
184549409 1 43100733567
184549409 1 43117510751
184549409 1 43136450725
184549409 1 47414640808
184549409 1 47431286952
184549409 1 47431418021
184549409 1 47431418024
184549410 1 167837730
184549410 1 167837761
184549410 1 170000396
184549410 1 184549425
184549410 14 184811526
184549410 15 184811529
184549410 1 186777601
184549410 2 186777605
184549410 4 186777608
184549410 7 186777612
184549410 1 186777615
184549410 2 4446027844
184549410 1 4446027876
184549410 1 4462805028
184549410 3 4462805060
184549410 4 4481744911
184549410 3 4481744914
184549410 1 8725332258
184549424 1 167837761
184549424 6 184811521
184549424 5 184811626
184549424 3 186777601
184549424 6 186777605
184549424 2 186777608
184549424 1 186777612
184549424 1 4481744914
184549425 1 167837697
184549425 1 186646540
184549425 1 186777601
184549425 1 186777605
184549425 4 186777612
184549425 1 4481744911
184811521 84 184811524
184811521 71 184811526
184811521 107 184811626
184811521 297 184877057
184811521 306 184877060
184811521 54 184877062
184811521 91 184877162
184811521 20 186777601
184811521 19 186777605
184811521 14 186777608
184811521 5 186777612
184811521 1 186777615
184811521 1 4464967701
184811521 1 43136450725
184811521 1 47431286952
184811521 8 47431418021
184811521 11 47431418024
184811524 1 152174714
184811524 146 184811526
184811524 106 184811529
184811524 83 184811626
184811524 1 184877057
184811524 233 184877060
184811524 278 184877062
184811524 73 184877065
184811524 1 184942596
184811524 1 186646540
184811524 32 186777601
184811524 31 186777605
184811524 23 186777608
184811524 23 186777612
184811524 10 186777615
184811524 1 4447142013
184811524 3 4481744911
184811524 2 4481744914
184811524 1 4481744917
184811524 1 34511913109
184811524 1 43136450725
184811524 1 47431286952
184811524 8 47431418021
184811524 10 47431418024
184811526 1 152174676
184811526 2 152174714
184811526 159 184811529
184811526 44 184811532
184811526 2 184877060
184811526 190 184877062
184811526 190 184877065
184811526 14 184877068
184811526 1 186646540
184811526 21 186777601
184811526 24 186777605
184811526 23 186777608
184811526 40 186777612
184811526 16 186777615
184811526 1 4481613842
184811526 8 4481744911
184811526 11 4481744914
184811526 1 4481744917
184811526 1 43136450725
184811526 2 47431418024
184811529 1 152174676
184811529 1 152174714
184811529 38 184811532
184811529 13 184877065
184811529 2 186777601
184811529 9 186777605
184811529 15 186777608
184811529 26 186777612
184811529 13 186777615
184811529 1 4481613842
184811529 5 4481744911
184811529 10 4481744914
184811529 1 34511913109
184811529 1 43136450725
184811532 1 186777605
184811532 2 186777608
184811532 1 186777612
184811532 3 186777615
184811626 5 186777601
184811626 7 186777605
184811626 2 186777608
184811626 3 186777612
184811626 2 4447142013
184811626 1 4464967701
184811626 3 47431418024
184877057 42 184877062
184877057 43 184877162
184877057 323 184942593
184877057 239 184942596
184877057 30 184942598
184877057 65 184942698
184877057 1 47429582849
184877057 1 47429582954
184877060 51 184877065
184877060 2 184942593
184877060 263 184942596
184877060 232 184942598
184877060 27 184942601
184877060 1 185073669
184877060 1 185073671
184877062 16 184877068
184877062 1 184942596
184877062 231 184942598
184877062 176 184942601
184877062 4 184942604
184877062 1 185008137
184877062 1 186777612
184877062 1 4479844364
184877065 2 184942598
184877065 27 184942601
184877065 1 186777612
184877162 1 47396814967
184942593 1 184942596
184942593 12 184942598
184942593 10 184942698
184942593 279 185008129
184942593 9 185008130
184942593 13 185008131
184942593 157 185008132
184942593 3 185008133
184942593 5 185008134
184942593 33 185008234
184942593 1 185008236
184942593 9 185073666
184942593 12 185073667
184942593 2 185073669
184942596 10 184942601
184942596 1 185008129
184942596 7 185008131
184942596 253 185008132
184942596 24 185008133
184942596 162 185008134
184942596 17 185008135
184942596 6 185008137
184942596 2 185073667
184942596 1 185073668
184942596 6 185073669
184942596 5 185073671
184942596 1 185139205
184942596 1 185139207
184942596 1 186777605
184942598 9 184942604
184942598 1 185008130
184942598 2 185008132
184942598 236 185008134
184942598 6 185008135
184942598 19 185008136
184942598 153 185008137
184942598 8 185008138
184942598 6 185073671
184942598 9 185073672
184942598 3 185073674
184942598 1 186777605
184942598 1 43102634139
184942601 4 185008136
184942601 31 185008137
184942601 9 185008138
184942601 1 185073672
184942601 2 185073674
184942601 1 185139210
184942601 1 43102634139
184942698 1 185008129
185008129 1 153092112
185008129 206 185073665
185008129 34 185073666
185008129 32 185073667
185008129 85 185073668
185008129 3 185073669
185008129 1 185073671
185008129 16 185073770
185008129 6 185073772
185008129 1 185139201
185008129 8 185139202
185008129 7 185139203
185008129 2 185139205
185008129 2 185139308
185008130 6 185073666
185008130 5 185073667
185008131 1 185073666
185008131 15 185073667
185008131 9 185073669
185008132 18 185073667
185008132 200 185073668
185008132 61 185073669
185008132 102 185073670
185008132 26 185073671
185008132 3 185139203
185008132 6 185139205
185008132 3 185139207
185008133 15 185073669
185008133 13 185073671
185008133 1 43102372004
185008134 1 185008137
185008134 1 185073668
185008134 192 185073670
185008134 19 185073671
185008134 37 185073672
185008134 102 185073673
185008134 19 185073674
185008134 3 185139207
185008134 8 185139208
185008134 4 185139210
185008135 1 185073669
185008135 9 185073671
185008135 3 185073672
185008135 1 43102372004
185008136 3 185073671
185008136 18 185073672
185008136 11 185073674
185008136 1 185139208
185008136 1 4447142015
185008137 4 185073670
185008137 6 185073672
185008137 43 185073673
185008137 18 185073674
185008137 4 185073675
185008137 2 185139210
185008137 1 185139211
185008138 7 185073674
185008138 1 185073675
185008139 1 185073674
185008234 2 185073665
185073665 1 152829954
185073665 137 185139201
185073665 35 185139202
185073665 25 185139203
185073665 52 185139204
185073665 4 185139205
185073665 7 185139306
185073665 4 185139308
185073665 3 185204738
185073665 9 185204739
185073665 1 185204741
185073666 1 152174593
185073666 45 185139202
185073666 23 185139203
185073667 1 185139202
185073667 46 185139203
185073667 23 185139205
185073667 2 185204739
185073668 19 185139203
185073668 141 185139204
185073668 51 185139205
185073668 44 185139206
185073668 24 185139207
185073668 2 185204739
185073668 5 185204741
185073668 3 185204743
185073668 1 25922633833
185073669 7 185139203
185073669 51 185139205
185073669 33 185139207
185073669 1 185139208
185073669 1 185204741
185073670 2 185139204
185073670 124 185139206
185073670 26 185139207
185073670 55 185139208
185073670 52 185139209
185073670 18 185139210
185073670 1 185204743
185073670 3 185204744
185073670 3 185204746
185073670 1 43119018146
185073671 3 185139205
185073671 42 185139207
185073671 20 185139208
185073671 1 185204743
185073672 4 185139207
185073672 41 185139208
185073672 24 185139210
185073672 1 185204746
185073673 1 185139206
185073673 7 185139208
185073673 35 185139209
185073673 32 185139210
185073673 10 185139211
185073673 4 185204746
185073673 2 185204747
185073673 1 4447797265
185073673 1 43119018146
185073674 3 185139208
185073674 29 185139210
185073674 2 185139211
185073770 1 152829954
185073770 1 185139201
185073772 1 185139202
185073772 1 185139308
185139201 68 185204737
185139201 41 185204738
185139201 41 185204739
185139201 15 185204740
185139201 3 185204741
185139201 15 185204844
185139202 88 185204738
185139202 21 185204739
185139202 5 185204844
185139203 3 185204738
185139203 82 185204739
185139203 42 185204741
185139203 2 43119673505
185139204 1 185139206
185139204 16 185204739
185139204 82 185204740
185139204 62 185204741
185139204 16 185204742
185139204 36 185204743
185139204 1 186777608
185139204 1 186777612
185139205 10 185204739
185139205 1 185204740
185139205 78 185204741
185139205 1 185204742
185139205 29 185204743
185139206 81 185204742
185139206 19 185204743
185139206 45 185204744
185139206 18 185204745
185139206 17 185204746
185139206 1 186777608
185139206 1 4447797277
185139207 4 185204741
185139207 78 185204743
185139207 35 185204744
185139208 2 185204743
185139208 78 185204744
185139208 33 185204746
185139209 1 185204742
185139209 4 185204744
185139209 39 185204745
185139209 22 185204746
185139209 10 185204747
185139210 4 185204744
185139210 74 185204746
185139210 11 185204747
185139211 2 185204746
185204744 1 30234640501
185204746 1 4464574488
185204746 1 43102503066
185204747 1 4464574488
186515457 2 186515461
186515457 5 186646529
186515457 1 186646533
186515461 1 186515464
186515461 5 186646533
186515464 1 186515468
186515464 3 186646533
186515464 10 186646536
186515464 3 186646540
186515468 2 186646536
186515468 6 186646540
186515471 2 186646543
186646529 9 186646533
186646529 43 186777601
186646529 11 186777605
186646529 3 186777768
186646529 2 47431418024
186646533 1 170000389
186646533 5 186646536
186646533 4 186777601
186646533 56 186777605
186646533 12 186777608
186646536 7 186646540
186646536 6 186777605
186646536 37 186777608
186646536 11 186777612
186646540 8 186646543
186646540 5 186777608
186646540 66 186777612
186646540 9 186777615
186646543 8 186777615
186646543 4 4481744911
186646543 1 4481744914
186777601 10 186777605
186777601 1 186777768
186777605 5 186777608
186777608 9 186777612
186777612 3 186777615
201588737 2 184877057
201588737 5 184877060
201588737 2 184877062
201588737 3 184877162
201588737 7 201588742
201588737 10 201588842
201588737 2 201654273
201588737 11 201654276
201588737 5 201654278
201588737 4 201654378
201588740 2 184877060
201588740 3 184877062
201588740 1 184877065
201588740 1 186777612
201588740 8 201588742
201588740 8 201588745
201588740 10 201588842
201588740 3 201654276
201588740 7 201654278
201588740 4 201654281
201588742 1 184877060
201588742 1 184877062
201588742 1 184877065
201588742 1 184877068
201588742 1 186777612
201588742 9 201588745
201588742 5 201588748
201588742 1 201654276
201588742 1 201654278
201588742 3 201654281
201588742 3 201654284
201588745 1 186777601
201588745 4 201588748
201588748 1 186777601
201654273 4 184942593
201654273 6 184942596
201654273 2 184942598
201654273 7 201654278
201654273 6 201654378
201654273 3 201719809
201654273 9 201719812
201654273 3 201719814
201654273 3 201719914
201654276 1 184942596
201654276 2 184942598
201654276 1 184942601
201654276 1 186777601
201654276 1 201654278
201654276 4 201654281
201654276 2 201654378
201654276 1 201719809
201654276 3 201719812
201654276 5 201719814
201654276 3 201719817
201654278 1 184942598
201654278 3 184942601
201654278 2 184942604
201654278 3 201654284
201654378 1 186777601
201719809 1 185008132
201719809 1 185008134
201719809 3 201719814
201719809 3 201719914
201719809 8 201785345
201719809 7 201785348
201719809 1 201785350
201719809 2 201785450
201719809 1 201850881
201719809 1 201850884
201719812 1 185008132
201719812 2 185008134
201719812 1 185008137
201719812 1 201719814
201719812 2 201719817
201719812 2 201785348
201719812 3 201785350
201719812 1 201785353
201719814 1 185008134
201719814 1 185008137
201785345 1 185073665
201785345 1 185073668
201785345 1 201785450
201785345 7 201850881
201785345 6 201850884
201785345 1 201850886
201785348 1 185073668
201785348 1 185073670
201785348 1 186777612
201785348 2 201850884
201785348 2 201850886
201785350 1 185073670
201785350 1 185073673
201785450 1 186777612
201850881 4 185139201
201850881 2 185139204
201850881 3 201916417
201850881 2 201916420
201850884 2 185139204
201850884 3 185139206
201916417 2 185204737
201916417 2 185204740
4380297224 1 8676245526
4380297224 1 12937986108
4397007982 1 4397074085
4397008084 1 4397074085
4397008091 1 17249730627
4413587820 1 101909045
4413719005 1 118817389
4413719006 1 4413784691
4413719085 1 4413784795
4413719086 1 4413784795
4413719088 1 8708752094
4413719241 1 4397008091
4413784691 1 8708883379
4413784795 1 8708817878
4413785000 1 4413850695
4413850695 1 4413850696
4429381798 1 4430364957
4429381799 1 4430364958
4429381952 1 118620524
4429381953 1 4413587820
4430364876 1 135463197
4430364877 2 135463197
4430364877 1 4430430438
4430364917 1 4430430551
4430364917 1 4430430607
4430364918 1 4430430551
4430364957 1 118686093
4430364957 1 4430430607
4430364958 1 4430430609
4430430384 1 4430495912
4430430438 1 135528688
4430430441 1 4430495988
4430430493 1 135528765
4430430494 1 135528688
4430430494 1 135528765
4430430550 1 4413719006
4430430550 1 4413719241
4430430551 1 4413719005
4430430551 1 4430496220
4430430552 1 4413719005
4430430607 1 4413719085
4430430608 1 4413719085
4430430609 1 4413719088
4430495907 1 135593991
4430495908 1 135593991
4430495912 1 8725528697
4430495988 1 135594197
4430496220 1 118817287
4430561292 1 4430823440
4430561394 1 4430823442
4430561800 1 4413850099
4446027844 2 4446093474
4446027876 2 4446093474
4446093317 1 152174755
4446093318 2 4446158857
4446093318 1 34495529095
4446093319 1 4446158857
4446093319 1 34495529095
4446093321 1 4446158862
4446093371 2 4446158936
4446093372 1 4446158938
4446093372 1 4446158939
4446093422 1 4429381797
4446093423 1 4429381798
4446093423 1 4429381799
4446093474 1 4429381952
4446093474 1 4429381953
4446093474 1 4446093475
4446158857 1 4430364876
4446158857 1 4430364877
4446158862 1 38807535761
4446158934 1 4430364917
4446158936 1 4430364877
4446158936 1 4430364917
4446158938 1 4430364918
4447142013 1 152240301
4447142013 1 4447207601
4447142015 1 8725397740
4447142053 1 152240301
4447142053 1 4430430384
4447142053 1 4447207599
4447142053 1 47380431015
4447142093 1 4430430493
4447142093 1 34495529095
4447142095 1 4430430441
4447142095 1 38807535761
4447207598 1 135528530
4447207599 1 4430495907
4447207601 1 8725463211
4462739506 1 186777608
4462739506 1 186777612
4462739506 2 4463001609
4462739506 2 4463001612
4462739522 1 167837699
4462739522 1 168034313
4462804996 2 4446093318
4462804996 1 4447142053
4462804996 1 47380431015
4462804997 1 47380431015
4462805027 1 4446093317
4462805028 1 4446093318
4462805028 1 4446093371
4462805028 1 4446093422
4462805028 1 4446093423
4462805029 1 4446093321
4462805029 1 4446093372
4462805060 1 4446093371
4462805060 1 4446093372
4462805060 1 4446093423
4463001609 1 186777605
4463001609 2 4463067145
4463001609 1 4463067148
4463001609 1 4479844361
4463001612 1 186777605
4463067145 2 4479909897
4464443410 1 4447797277
4464443410 1 13038059548
4464443413 1 153157637
4464443413 1 4447797265
4464705554 1 4464836626
4464836626 1 4464967701
4479516690 1 186777608
4479516690 2 186777612
4479516690 3 4479778825
4479516690 3 4479778828
4479516706 1 170000392
4479516706 3 184811529
4479516706 2 186777605
4479516706 3 186777608
4479516706 3 186777612
4479516706 1 186777615
4479516706 8 4479778825
4479516706 8 4479778828
4479516722 1 186777612
4479778822 3 184877065
4479778822 1 184877068
4479778822 23 4479778828
4479778822 20 4479844361
4479778822 21 4479844364
4479778825 1 170000392
4479778825 1 184877065
4479778825 1 186777605
4479778825 5 186777608
4479778825 9 186777612
4479778825 5 186777615
4479778825 28 4479778828
4479778825 1 4479778830
4479778825 38 4479844361
4479778825 29 4479844364
4479778825 1 4481744911
4479778828 1 170000392
4479778828 1 186777605
4479778828 4 186777608
4479778828 9 186777612
4479778828 5 186777615
4479778828 1 4479778830
4479778828 1 4481744911
4479778830 1 4479778836
4479778830 1 4479844366
4479778830 1 4479844369
4479778833 1 4479778836
4479844358 1 184942598
4479844358 5 184942601
4479844358 4 184942604
4479844358 12 4479844364
4479844358 7 4479909897
4479844358 7 4479909900
4479844361 1 184942598
4479844361 3 184942601
4479844361 1 4479844366
4479844361 45 4479909897
4479844361 18 4479909900
4479844364 1 4479844366
4479844366 1 4479909900
4479844366 1 4479909902
4479909894 1 185008137
4479909894 2 4479909900
4479909894 1 4479975433
4479909894 1 4479975436
4479909897 7 185008137
4479909897 2 185008138
4479909897 3 185008139
4479909897 1 185073674
4479909897 36 4479975433
4479909897 1 4479975434
4479909897 1 4479975435
4479909897 8 4479975436
4479909897 1 4480040969
4479909897 3 4480040970
4479909897 3 4480040971
4479909900 1 4479975433
4479909900 1 4479975436
4479975433 11 185073673
4479975433 2 185073674
4479975433 2 185073675
4479975433 1 4479975436
4479975433 21 4480040969
4479975433 4 4480040970
4479975433 5 4480040971
4479975433 1 4480106506
4479975433 1 4480106507
4479975434 1 4480040970
4479975434 1 4480040971
4480040969 1 185139206
4480040969 9 185139209
4480040969 4 185139210
4480040969 5 185139211
4480040969 1 185204746
4480040969 1 185204747
4480040969 4 4480106505
4480040969 3 4480106506
4480040969 3 4480106507
4480040970 8 185139210
4480040970 5 185139211
4480040971 1 4480106506
4480040971 1 4480106507
4480040972 1 4480106505
4480106505 1 185204744
4480106505 3 185204745
4480106505 2 185204746
4480106505 1 185204747
4480106506 5 185204746
4480106506 5 185204747
4481482767 1 4481482770
4481482767 1 4481613842
4481482770 1 4481613842
4481613839 3 4481613842
4481613839 3 4481744911
4481613839 5 4481744914
4481613842 9 4481744914
4481613842 2 4481744917
4481613845 2 4481744917
4481744911 6 4481744914
4481744914 1 4481744917
4496556038 1 4496556044
4496556038 1 4496621577
4496556038 1 4496621580
4496556041 1 4496556044
4496621574 1 4496621580
4496621574 1 4496687113
4496621574 1 4496687116
4496621580 1 4496621585
4496621580 1 4496687116
4496621580 1 4496687118
4496621582 1 4496621585
4496687113 1 4479975433
4496687113 1 4479975436
4496687113 1 4496687118
4496687113 1 4496752649
4496687113 1 4496752652
4496752649 1 185073670
4496752649 1 185073673
4496752654 1 170000385
4496752654 1 4480040972
4496752654 1 4480040974
4496752657 1 170000385
8675132657 1 152961027
8675132657 1 8691975491
8676245526 1 8676376602
8691975491 1 152895492
8692106921 1 8692106922
8708620749 1 8708686464
8708686464 1 4413785000
8708686465 1 4413785000
8708752094 1 8708817882
8708817878 1 8708883680
8708817882 1 8708883685
8708818118 1 135856135
8725332258 1 8708620749
8725528697 1 8725790743
8725790743 1 8725790744
8791719959 1 185073671
8791719959 1 185073672
8791719959 1 8791719964
8791719961 1 43102503070
8791719964 1 43102503070
12954632242 1 12937986108
12971212830 1 12971343904
12971212830 1 17249730627
12971343904 1 17249665060
13003653615 1 13003719403
13003719403 1 13003785187
13003785187 1 8692106921
13020430832 1 13003719403
17298818155 1 21593785452
17315332397 1 13003653615
17315529113 1 17315529114
17332043992 1 17315332397
17332437066 1 38807732305
17332437066 1 43102503066
17347903529 1 184877162
17347903529 1 17332043992
17347903531 1 17332043992
17347969068 1 184942593
17347969068 1 184942596
17347969068 1 21627011292
17349738564 1 17349869636
17366515774 1 17366646846
21610299701 1 25888555598
21610299757 1 25888555598
21610365359 1 21610430922
21610365360 1 21610430922
21610430922 1 17315529113
21627011292 1 21610299701
21642674225 1 151060546
21659385896 1 21642674225
21659385897 1 21642674225
25871778696 1 25871844710
25871778697 1 25871844710
25888555601 1 25888621317
25888555602 1 25888621317
25888621317 1 25888686984
25888686984 1 17298818155
25888686985 1 17298818155
25888687230 1 25888687231
25905201376 1 25905267000
25905267000 1 21610365359
25905398022 1 25905398023
25920929825 1 25920995375
25920929872 1 21609251013
25920929872 1 25920995449
25920929873 1 21609251013
25920995375 1 25905201376
25920995376 1 25905201376
25937641522 1 25920929872
30151082051 1 30151213119
30151082052 1 30151213120
30151082053 1 30151213119
30151213119 1 30151213121
30183391578 1 30183457307
30183391579 1 30183457307
30183457307 1 25871778696
30183457308 1 25871778696
30183588723 1 25888687230
30200168674 1 30200234301
30200168714 1 30200234412
30200168715 1 30200234412
30200234301 1 30200299886
30200234412 1 25888555601
30200299726 1 25905398022
30200299804 1 25905398022
30200299886 1 34495332734
30217011406 1 30200299726
30217011407 1 30200299726
30232608821 1 25920929825
30232805452 1 34544615503
30232805452 1 34544615506
30234247283 1 25922633833
30234247283 1 25922830392
30234509424 1 30234640501
34444936478 1 34445983865
34445002315 1 34445068727
34445002316 1 34445068727
34445068727 1 30151082051
34461647507 1 30149969172
34461647562 1 30149969172
34461845471 1 30151082052
34478358960 1 34461647507
34478424497 1 30183588723
34478555826 1 34478555827
34494152921 1 34495136055
34494152922 1 34495136055
34495136055 1 34478424497
34495201490 1 34495267110
34495201548 1 34495267112
34495201714 1 30183588723
34495267110 1 38790561880
34495267112 1 38790299936
34495267186 1 34495267264
34495267187 1 34495267265
34495267264 1 34495267265
34495332838 1 34495332839
34495397979 1 34495397980
34495397979 1 34495594566
34495397979 1 34495594567
34511913109 1 30217011406
34511913150 1 34495201490
34511913191 1 34495201548
34544615503 1 184942593
38739903697 1 34445983865
38756549043 1 38756614863
38756614809 1 38756680760
38756614810 1 38756680760
38756614863 1 38739903697
38756614864 1 38739903697
38756680606 1 38756746627
38756680760 1 34445002315
38756746627 1 34461845471
38773326216 1 34478358960
38773326217 1 34461647507
38773391855 1 38773457666
38773457666 1 43051713627
38773523438 1 38773523540
38773523439 1 38756812052
38773523439 1 38756812172
38773523540 1 38756812172
38789120300 1 38773326216
38789120378 1 38773326216
38790103315 1 38790168902
38790103353 1 38773391855
38790168902 1 34495267186
38790168961 1 38790234567
38790168961 1 38790234645
38790168962 1 38790234645
38790234413 1 38790299935
38790234567 1 34495332838
38790234645 1 34478555826
38790234646 1 34478555826
38790299935 1 34495594566
38790299936 1 34495594566
38790299936 1 38790365407
38790299942 1 34495594570
38790365283 1 38790561880
38790365404 1 34495594570
38790365404 1 38790365405
38790365529 1 38790430999
38805831774 1 38805831826
38805831775 1 38805831827
38805831826 1 34494152921
38805831827 1 34494152921
38805831830 1 38789120300
38822543419 1 38805831774
38822543420 1 38805831774
38839779418 1 185139202
38839779418 1 47397601447
38839779421 1 47397601447
43051713623 1 43051713624
43051713629 1 43051779484
43051779484 1 47346813007
43068293556 1 38756614809
43068359156 1 43068424886
43068359156 1 43068424887
43068359156 1 43068424967
43068359159 1 43068424966
43068359210 1 38756680606
43068359211 1 38756680606
43068424886 1 38773523438
43068424887 1 38773523439
43068424892 1 43068424970
43068424966 1 43068424967
43068424967 1 43051713629
43068424969 1 43051713623
43068424970 1 43051713623
43068621400 1 43068621401
43084022017 1 43084087758
43084087525 1 43085070693
43084087528 1 43085070654
43084087679 1 38756549043
43084087758 1 43068293556
43085070612 1 38790168961
43085070613 1 38790168961
43085070613 1 38790169017
43085070615 1 43085136205
43085070654 2 43068359156
43085070693 1 43068359156
43085070693 1 43068359210
43085136146 1 38790234413
43085136149 1 43085201713
43085136205 1 43085201792
43085136206 1 43085201792
43085201713 1 38790299942
43085201714 1 38790299942
43085201716 1 43085201717
43085201792 1 43085267342
43085201793 1 43085267342
43085267342 1 38790365529
43085529181 1 43085660249
43100733567 1 43084022017
43100799076 1 43100864660
43100799078 1 43084087525
43100799078 1 43100864585
43100799078 1 43100864663
43100799129 1 43100864662
43100799180 1 43084087679
43100799181 1 43084087679
43100799183 1 47379054902
43100864585 1 43101847789
43100864660 1 38790103315
43100864662 1 43085070612
43100864663 1 43085070613
43100864665 1 43085070613
43100864665 1 43085070654
43101847710 1 43101913252
43101847710 1 43102240920
43101847751 1 43085136149
43101847789 1 43085136146
43101847791 1 43085136149
43101913252 1 38790824020
43102240931 1 43102371997
43102371997 1 43102503064
43102372006 1 38807732311
43102372006 1 43102503070
43102503072 1 43102634139
43102503072 1 43102634142
43102961751 1 43102961752
43117510717 1 38805831830
43117510718 1 38805831830
43117510719 1 43100799076
43117510719 1 43100799078
43117510751 1 43100799129
43117510751 1 43100799180
43119149218 1 43102503072
43119149218 1 43102961751
43119542435 1 43119673505
43119542438 1 43119673505
43119542438 1 43119673508
43134222384 1 186777608
43134222384 1 47429451880
43134222384 1 47429451882
43134484581 1 43134484586
43134484581 1 47429517416
43134484581 1 47429517418
43134484584 1 186777601
43134484586 1 186777601
47346681337 1 38741016659
47363260816 1 118686257
47363326345 1 47363326456
47363326400 1 43068424892
47363326456 1 43068424892
47363392112 1 47363392190
47363392189 1 43068490642
47363392190 1 43068490642
47363589310 1 47363589311
47379054902 1 47363260816
47380037952 1 43068359159
47380168860 1 135594088
47380234341 1 43085660249
47380234748 1 47380234851
47380234749 1 47380234851
47380300013 1 47380300014
47380300135 1 38790561875
47380496481 1 43102437467
47395766323 1 43100864665
47395766324 1 43100864665
47395766324 1 47395831885
47395766375 1 43100864665
47395766376 1 47395831963
47395766427 1 43084087528
47395831885 1 47396815048
47395831886 1 47396815048
47395831963 1 43085070615
47396814967 1 47396880551
47396814968 1 47396880551
47396815048 1 135463137
47396815048 1 43085136151
47396815088 1 135463137
47396815088 1 43085136151
47396880441 1 43102568541
47396880496 1 43102568541
47396880551 1 47380168860
47396880552 1 47380168860
47397208230 1 43102372004
47412412449 1 184811521
47412412449 1 184811626
47412412449 1 186777605
47412412480 2 186777601
47412412480 4 186777605
47412412480 1 47412674561
47412412480 5 47412674666
47412477984 1 43100799078
47412477984 1 43101847751
47412477984 1 43102240920
47412477984 1 47395766375
47412478016 1 43100799078
47412478016 1 47395766324
47412478017 1 47395766427
47412478048 1 43100799183
47412478048 1 47395766427
47412674561 1 184877057
47412674561 1 47429517418
47412674666 3 47412740202
47412674666 1 47429517418
47412740202 1 47412805738
47412740202 2 47429582954
47412805738 1 47412871276
47412871276 1 47412936706
47412871276 1 47412936812
47412936706 1 47413002242
47412936706 1 47413002348
47412936812 1 152174593
47413002242 1 185204738
47414116520 1 152829954
47414116520 1 4448256011
47414378662 1 43119542435
47414378665 1 43119542438
47414509736 1 47414640808
47429189649 2 184811521
47429189649 2 184811626
47429189649 1 186777601
47429189649 2 186777605
47429189649 1 47429451777
47429189649 1 47429451882
47429189664 1 184811521
47429189664 1 184811626
47429189664 1 186777601
47429189664 2 186777605
47429189665 2 184811521
47429189665 1 184811626
47429189665 1 186777605
47429189665 1 186777608
47429189665 1 47429189696
47429189665 1 47429451777
47429189665 1 47429451882
47429189680 6 184811521
47429189680 6 184811626
47429189680 1 186646529
47429189680 3 186777601
47429189680 5 186777605
47429189680 2 186777608
47429189680 2 186777612
47429189680 7 47429451777
47429189680 9 47429451882
47429189696 2 186777612
47429451777 6 184877057
47429451777 6 184877162
47429451777 2 186777601
47429451777 5 186777605
47429451777 16 47429451882
47429451777 24 47429517313
47429451777 27 47429517418
47429451777 1 47446229098
47429451880 1 186777601
47429451880 3 186777605
47429451880 1 186777608
47429451880 4 47429451882
47429451880 3 47429517416
47429451880 6 47429517418
47429451880 1 47431418021
47429451880 1 47446229098
47429451882 3 186777601
47429451882 8 186777605
47429451882 1 186777608
47429451882 2 47429517418
47429451882 1 47431418021
47429517313 5 184942593
47429517313 5 184942698
47429517313 1 47429517418
47429517313 17 47429582849
47429517313 20 47429582954
47429517416 1 47429582849
47429517416 2 47429582952
47429517416 4 47429582954
47429517418 9 47429582954
47429582849 6 185008129
47429582849 4 185008234
47429582849 1 185073666
47429582849 11 47429648385
47429582849 13 47429648490
47429582952 2 47429648490
47429582954 1 185073666
47429582954 1 185073772
47429582954 1 47429648386
47429582954 10 47429648490
47429582954 4 47429648492
47429648385 3 185073665
47429648385 1 185073666
47429648385 3 185073770
47429648385 1 185073772
47429648385 6 47429713921
47429648385 7 47429714026
47429648386 1 47429713922
47429648386 1 47429714028
47429648490 1 185073772
47429648490 3 47429713922
47429648490 5 47429714026
47429648490 5 47429714028
47429648490 1 47429779458
47429648490 2 47429779564
47429648492 3 47429714028
47429713921 2 185139201
47429713921 2 185139306
47429713921 3 47429779457
47429713921 4 47429779562
47429713922 3 185139202
47429713922 2 185139308
47429713922 1 47429779458
47429713922 1 47429779564
47429714026 1 185139202
47429714026 1 185139308
47429714026 5 47429779458
47429714026 4 47429779564
47429714028 1 185139202
47429714028 4 47429779458
47429714028 5 47429779564
47429779457 3 185204737
47429779457 3 185204842
47429779458 11 185204738
47429779458 5 185204844
47429779562 1 185204738
47429779562 1 185204844
47429779564 1 185204738
47429779564 1 185204844
47431155713 2 47431155880
47431155713 2 47431286952
47431155880 1 47431286949
47431155880 1 47431286952
47431286785 1 47431286952
47431286785 1 47431418024
47431286949 2 43136450725
47431286949 2 47431286952
47431286949 2 47431418021
47431286952 4 47431418021
47431286952 10 47431418024
47431418021 2 47431418024
47446228993 1 47429517416
47446228993 1 47429517418
47446228993 1 47446229098
47446229096 1 47446229098
47446294529 1 201719809
47446294529 1 201719914
47446294529 1 47446294634
47446294632 1 47446294634
