17629190 1 17629196
17629193 1 17694726
17629196 1 17694726
17694726 3 17694732
17694729 2 17760262
17694729 1 17760265
17694732 2 17760262
17694732 1 17760265
17760262 6 17760268
17760265 3 17825798
17760265 5 17825801
17760268 3 17825798
17760268 3 17825801
17825798 1 17825804
17825798 1 17891334
17825798 1 17891337
17825801 2 17891334
17825801 9 17891337
17825804 1 17891334
17825804 1 17891337
17891334 1 17891337
34471945 1 34537481
34537481 2 34603017
34603017 1 34668550
34603017 3 34668553
34668550 1 36569096
34668553 1 36569096
34668554 1 34668555
51183621 1 68289273
68289273 1 47312995480
68355224 1 69468167
69468167 1 4364632074
4312465414 24 4312465420
4312465417 28 4312465422
4312465417 11 4312530950
4312465417 8 4312530953
4312465417 4 4329308166
4312465417 3 4329308169
4312465420 48 4312465425
4312465420 11 4312530950
4312465420 38 4312530953
4312465420 8 4312530956
4312465420 1 4312530958
4312465420 4 4329308166
4312465420 4 4329308169
4312465422 41 4312465428
4312465422 27 4312530953
4312465422 48 4312530956
4312465422 7 4312530958
4312465422 2 4329242644
4312465422 2 4329308169
4312465422 5 4329308172
4312465425 44 4312530956
4312465425 48 4312530958
4312465425 4 4312530961
4312465425 1 4312530964
4312465425 5 4329308172
4312465425 1 8607432727
4312465425 2 8607498257
4312465428 40 4312530958
4312465428 3 4312530961
4312465428 1 4312530964
4312465428 1 4329308174
4312465428 1 8607498257
4312530950 49 4312530956
4312530953 1 17629190
4312530953 61 4312530958
4312530953 30 4312596486
4312530953 29 4312596489
4312530956 1 17629190
4312530956 1 51183621
4312530956 1 4312530958
4312530956 89 4312530961
4312530956 30 4312596486
4312530956 93 4312596489
4312530956 38 4312596492
4312530956 1 4312596494
4312530956 1 4329373705
4312530956 1 4329373708
4312530958 1 51183621
4312530958 112 4312530964
4312530958 63 4312596489
4312530958 110 4312596492
4312530958 26 4312596494
4312530958 1 4312596497
4312530958 1 4312596500
4312530958 1 4329373705
4312530958 4 4329373708
4312530958 1 4329373710
4312530958 1 12919308319
4312530961 1 4312530967
4312530961 81 4312596492
4312530961 123 4312596494
4312530961 25 4312596497
4312530961 3 4329373708
4312530961 1 4329373710
4312530961 3 8607563793
4312530961 1 12919308319
4312530961 1 21526020152
4312530961 1 47295823979
4312530964 2 4312596492
4312530964 90 4312596494
4312530964 26 4312596497
4312530964 1 4312596500
4312530964 5 8607563793
4312530967 1 8607563793
4312596486 69 4312596492
4312596486 1 4312662022
4312596489 2 17694726
4312596489 98 4312596494
4312596489 30 4312662022
4312596489 79 4312662025
4312596489 4 4312662028
4312596489 1 4329439241
4312596492 2 17694726
4312596492 2 4312596494
4312596492 126 4312596497
4312596492 29 4312662022
4312596492 168 4312662025
4312596492 70 4312662028
4312596492 1 4312662030
4312596492 1 4329439241
4312596492 3 4329439244
4312596494 136 4312596500
4312596494 89 4312662025
4312596494 178 4312662028
4312596494 66 4312662030
4312596494 1 4312662033
4312596494 1 4329373716
4312596494 3 4329439244
4312596497 111 4312662028
4312596497 171 4312662030
4312596497 54 4312662033
4312596497 1 8607563799
4312596497 2 8607629329
4312596500 111 4312662030
4312596500 53 4312662033
4312596500 2 8607629329
4312662022 1 4312662025
4312662022 32 4312662028
4312662022 1 4312727561
4312662025 4 17760262
4312662025 1 17760265
4312662025 1 34537481
4312662025 2 4312662028
4312662025 92 4312662030
4312662025 10 4312727558
4312662025 105 4312727561
4312662025 1 4312727564
4312662025 1 4329504777
4312662028 4 17760262
4312662028 1 17760265
4312662028 1 34537481
4312662028 1 4312662030
4312662028 94 4312662033
4312662028 10 4312727558
4312662028 173 4312727561
4312662028 123 4312727564
4312662028 3 4312727566
4312662028 1 4329504777
4312662028 3 4329504780
4312662030 1 4312662033
4312662030 94 4312662036
4312662030 69 4312727561
4312662030 179 4312727564
4312662030 131 4312727566
4312662030 4 4312727569
4312662030 3 4329504780
4312662030 1 12953191094
4312662033 60 4312727564
4312662033 193 4312727566
4312662033 83 4312727569
4312662033 1 4312727572
4312662033 2 8607694865
4312662036 67 4312727566
4312662036 79 4312727569
4312662036 1 4312727572
4312662036 2 8607694865
4312727558 10 4312727564
4312727561 3 17825801
4312727561 1 34603017
4312727561 2 4312727564
4312727561 50 4312727566
4312727561 121 4312793097
4312727561 12 4312793100
4312727561 1 4329570313
4312727564 2 17825801
4312727564 1 34603017
4312727564 43 4312727569
4312727564 139 4312793097
4312727564 165 4312793100
4312727564 15 4312793102
4312727564 1 4312858638
4312727564 1 4329570313
4312727564 2 4329570316
4312727566 2 4312727569
4312727566 44 4312727572
4312727566 20 4312793097
4312727566 168 4312793100
4312727566 169 4312793102
4312727566 12 4312793105
4312727566 1 4312858638
4312727566 1 4329570316
4312727569 1 4312727572
4312727569 25 4312793100
4312727569 179 4312793102
4312727569 106 4312793105
4312727569 1 4312858641
4312727569 3 8607760401
4312727572 24 4312793102
4312727572 89 4312793105
4312727572 3 8607760401
4312793097 4 17891337
4312793097 8 4312793102
4312793097 105 4312858633
4312793097 19 4312858636
4312793097 3 4329635849
4312793100 2 4312793102
4312793100 4 4312793105
4312793100 100 4312858633
4312793100 192 4312858636
4312793100 19 4312858638
4312793100 3 4329635849
4312793100 1 4329635852
4312793102 3 4312793105
4312793102 8 4312793108
4312793102 1 4312858633
4312793102 139 4312858636
4312793102 187 4312858638
4312793102 18 4312858641
4312793105 1 4312858636
4312793105 139 4312858638
4312793105 119 4312858641
4312793105 1 4329635857
4312793105 11 8607825937
4312793105 1 8607825940
4312793108 1 4312858638
4312793108 70 4312858641
4312793108 1 4329635857
4312793108 12 8607825937
4312793108 1 8607825940
4312858633 90 4312858636
4312858636 110 4312858638
4312858638 112 4312858641
4312858638 1 4331405342
4312858641 50 4312858644
4312858641 1 4331405342
4329242641 1 4312530958
4329242641 1 4329308174
4329242644 2 4312530958
4329308166 4 4329308172
4329308169 3 4329308174
4329308169 1 4329373702
4329308169 5 4329373705
4329308172 5 4329308177
4329308172 1 4329373702
4329308172 6 4329373705
4329308172 2 4329373708
4329308174 1 4329308180
4329308174 1 4329373705
4329308174 6 4329373708
4329308174 1 4329373710
4329308177 4 4329373708
4329308177 1 4329373710
4329308177 1 8624341009
4329308180 1 8624341009
4329373702 1 4329373708
4329373705 1 34471945
4329373705 2 4329373710
4329373705 5 4329439241
4329373708 1 34471945
4329373708 2 4329373713
4329373708 7 4329439241
4329373708 8 4329439244
4329373710 2 4329439241
4329373710 8 4329439244
4329373710 4 4329439246
4329373713 4 4329439246
4329373713 1 4329439249
4329373716 1 4329439249
4329439241 6 4329504777
4329439241 2 4329504780
4329439244 5 4329504777
4329439244 10 4329504780
4329439244 3 4329504782
4329439246 8 4329504780
4329439246 7 4329504782
4329439249 3 4329504782
4329439249 1 4329504785
4329439252 1 4329504785
4329504777 1 34603017
4329504777 1 34668554
4329504777 3 4329570313
4329504777 2 4329570316
4329504780 4 4329570313
4329504780 11 4329570316
4329504780 2 4329570318
4329504782 2 4329570316
4329504782 8 4329570318
4329504785 1 4329570318
4329504785 1 4329570321
4329570313 1 34668553
4329570313 4 4329635849
4329570313 1 4329635852
4329570316 4 4329635849
4329570316 12 4329635852
4329570316 1 4329635853
4329570318 2 4329635852
4329570318 1 4329635853
4329570318 7 4329635854
4329570318 1 4329635856
4329570321 1 4329635854
4329570321 1 4329635857
4329635849 5 4329635852
4329635852 1 4329635854
4329635854 1 4329635857
4329635856 1 4331536411
4329635857 1 4329635860
4331405342 1 4348313627
4364632074 1 4364763150
8607432727 1 4312530961
8607498257 2 8607498263
8607498260 2 8607563793
8607498263 2 8607563793
8607563793 2 8607563799
8607563793 5 8607629329
8607563796 7 8607629329
8607563796 1 8607629332
8607563799 2 8607629329
8607563799 1 8607629332
8607629329 9 8607694865
8607629332 10 8607694865
8607694865 8 8607760401
8607694865 4 8607760404
8607694868 8 8607760401
8607694868 4 8607760404
8607760401 6 8607825937
8607760401 5 8607825940
8607760404 5 8607825937
8607760404 8 8607825940
8607825937 17 8607825940
8607825940 1 8607825943
8624341009 1 8624406548
8624341012 1 8624406548
8624406548 1 8624472084
8624472084 1 8624603157
8624603157 1 8626503710
8624603158 1 8626503710
8626503710 1 8626503714
8692106928 1 8692106929
12919308319 1 12936151078
12936151078 1 17232560193
12953191094 1 12970034124
12953191095 1 12970034124
12970034124 1 12970099884
12970099884 1 12986942900
12970099885 1 12986942900
12986942900 1 12987008572
12986942901 1 12987008572
12987008572 1 8692106928
17232560193 1 17249468490
17232560196 1 17249468490
17249468490 1 21544566865
21526020152 1 25838158978
21544566865 1 21544697941
21544697941 1 25839992884
21544697944 1 25839992884
25838158978 1 30134239348
47295823979 1 47312929568
47312929568 1 47312995425
47312995425 1 69468167
47312995480 1 43019141281
