34275337 4 34340873
34340870 3 34340876
34340873 1 34406406
34340873 10 34406409
34340873 1 4312596489
34340876 1 34406406
34340876 2 34406409
34340876 1 4312596489
34340970 1 42984079458
34406401 1 47279112298
34406404 1 47279112298
34406406 1 34406412
34406406 2 34471942
34406409 2 34471942
34406409 11 34471945
34406409 1 34471946
34406409 1 34537482
34406409 2 51249162
34406412 2 34471945
34471942 1 34537478
34471942 1 34537481
34471945 1 34537478
34471945 1 34537480
34471945 14 34537481
34471945 3 34537482
34471945 1 34603018
34471946 1 34537482
34537478 1 34603014
34537480 1 34603016
34537481 1 34603014
34537481 1 34603016
34537481 11 34603017
34537481 6 34603018
34537481 1 4312793100
34537481 1 4329570314
34537482 1 34603016
34537482 8 34603018
34537483 5 34603018
34603014 1 34668552
34603016 2 34668552
34603017 1 34668550
34603017 4 34668552
34603017 7 34668553
34603017 4 34668554
34603018 1 34668552
34603018 24 34668554
34603019 12 34668554
34668550 1 34668553
34668552 5 34668554
34668552 1 36438024
34668554 8 34668555
34668554 9 36438028
34668554 2 36438031
34668554 2 36569096
34668554 9 36569100
34668554 3 36569103
34668554 1 53084172
34668555 5 36569100
34668555 3 36569103
36306956 1 36438028
36306959 1 36438028
36306959 1 36438031
36438024 1 36569096
36438028 2 36569096
36438028 10 36569100
36438031 8 36569100
36438031 10 36569103
36569096 2 36569100
36569100 4 36569103
50397539 1 67240511
50397570 1 67240509
50397570 1 67240561
50397571 1 67240565
50397571 1 67240615
50397571 1 67240616
50397571 1 67829770
50397602 1 67240561
50397602 1 67240614
50397602 1 17248158312
51052548 1 51118083
51052550 1 51118085
51052550 1 51118086
51052550 1 51118090
51052552 1 67895301
51052553 2 51118086
51052553 2 51118089
51052553 2 51118090
51118083 1 51183618
51118085 1 51183618
51118085 1 51183619
51118086 1 51183621
51118086 1 51183624
51118086 1 51249160
51118087 1 51183619
51118089 1 51183621
51118089 1 51183624
51118089 1 51183626
51118089 2 51249160
51118090 1 51183624
51118090 1 51183626
51183618 1 51249154
51183619 1 51249154
51183619 1 47297331201
51183621 1 51249154
51183621 1 47297331201
51183624 1 51249159
51183624 1 52690956
51183625 1 51249162
51183626 2 51249162
51183626 1 52690956
51249154 1 43002495135
51249154 1 47297462440
51249159 1 52822024
51249160 2 51314696
51249160 1 52822024
51249162 1 51314696
51249162 6 51314698
51249162 1 4347789333
51249163 4 51314698
51249163 1 4347789333
51314696 2 51380231
51314698 1 51380232
51314698 4 51380234
51314698 1 52953096
51314698 2 52953100
51314698 2 52953103
51314699 2 51380234
51314699 1 52953103
51380231 1 53084165
51380231 1 53215233
51380232 1 53084168
51380234 1 51445770
51380234 1 52953103
51380234 2 53084172
51380234 1 53084175
51380235 1 53084172
51445770 1 53084172
52690959 1 52822028
52822024 1 52953093
52822028 1 52953096
52822028 1 69730315
52822031 1 52953100
52822031 1 52953103
52953096 1 53084165
52953100 1 53084169
52953100 3 53084172
52953103 1 53084172
52953103 1 53084174
52953103 7 53084175
53084165 2 53215233
53084168 1 53215240
53084169 1 53215241
53084171 1 53215241
53084172 1 53084175
53084172 4 53215240
53084172 1 53215243
53084172 6 53215244
53084174 1 53215243
53084175 5 53215244
53084175 3 53215246
53084175 5 53215247
53084175 1 4348182545
53215233 1 53346306
53215233 2 47297986729
53215240 1 53346309
53215240 1 53346312
53215240 3 53346313
53215241 1 53346308
53215243 1 53346313
53215243 1 53346314
53215244 3 53346312
53215244 2 53346315
53215244 5 53346316
53215246 2 53346315
53215246 2 53346318
53215247 1 53346315
53215247 4 53346316
53215247 1 53346318
53215247 2 53346319
53346315 2 53346318
53346316 1 53346319
67174755 1 67240459
67240459 1 84083471
67240461 1 84083397
67240509 1 47328723803
67240511 1 84083549
67240512 1 84083549
67240513 1 84083552
67240561 1 47311946742
67240564 1 67306413
67240564 1 84083551
67240565 1 67306414
67240565 1 84083551
67240565 1 4362273712
67240614 1 47312929369
67240615 1 67306489
67240616 1 67306489
67240616 1 68289154
67240617 1 67306492
67306413 1 12986745285
67306414 2 85066291
67306415 1 85066291
67306489 1 68289113
67306492 1 68289116
67306493 1 68289116
67829770 1 4363256573
67829771 1 4363256573
67895301 1 68289273
68289113 1 47329772471
68289115 1 85132163
68289116 1 4380099462
68289154 1 85132218
68289155 1 85132218
68289195 1 68355060
68289195 1 85132218
68289196 1 68355060
68289273 1 43019141282
68289316 1 69468169
68355003 1 85198127
68355060 1 85198286
69468169 1 69599235
69599235 1 43019599961
69730315 1 69861383
69861383 1 69992452
69992452 1 70189057
84083397 1 4396810684
84083471 1 85066209
84083549 1 85066249
84083550 1 85066249
84083551 1 85066210
84083552 1 12970033955
84083624 1 47329706504
85066209 1 47346549407
85066210 1 101909153
85066249 1 85131993
85066250 1 85131993
85066250 1 101909153
85066291 1 85066331
85066291 1 85132051
85066330 1 85132106
85066331 1 85132106
85131993 1 47346615363
85132051 1 85197894
85132052 1 101975111
85132106 1 47329838381
85132163 1 85198127
85132218 1 85198127
85132218 1 47329838538
85197894 1 47346681338
85197897 1 102041085
85197898 1 85197899
85197977 1 85263873
85198053 1 85264071
85198127 1 43034937230
85198127 1 43034937331
85198209 1 43036115037
85198210 1 43036115037
85198286 1 86310913
85263869 1 85263870
85263873 1 85263975
85263974 1 102107013
85263975 1 102107013
85264071 1 47329904428
85264079 1 43035918488
86310919 1 86310920
101909153 1 47346615207
101909154 1 47346615207
101975111 1 47346681235
102040683 1 102106292
102041085 1 43051780082
102106658 1 102172608
102107013 1 102173211
102172608 1 102172609
118686205 1 135528840
118752019 1 118817590
118817388 1 118817389
118817590 1 38790561877
118882905 1 38790561877
118948909 1 118949062
135528840 1 135528841
4312465417 1 4329308169
4312530950 1 4312530956
4312530953 1 4312596489
4312530956 1 4312530961
4312530956 1 4312596489
4312530958 1 4312596494
4312530961 1 4312596494
4312530961 1 4312596497
4312530964 1 4312596497
4312596486 1 4312596492
4312596489 1 4312596494
4312596489 2 4312662025
4312596492 1 4312596494
4312596492 2 4312662025
4312596492 1 4312662028
4312596494 1 4312662028
4312596494 1 4312662030
4312596497 1 4312662030
4312596497 1 4312662033
4312596500 1 4312662033
4312662025 2 4312727561
4312662028 2 4312727561
4312662028 2 4312727564
4312662030 2 4312727564
4312662030 1 4312727566
4312662033 1 4312727566
4312662033 1 4312727569
4312662036 1 4312727569
4312727561 3 4312793097
4312727564 3 4312793097
4312727564 3 4312793100
4312727566 3 4312793100
4312727566 3 4312793102
4312727569 2 4312793102
4312727569 1 4312793105
4312727572 1 4312793105
4312793097 2 4312858633
4312793097 2 4312858636
4312793100 2 4312858633
4312793100 6 4312858636
4312793100 1 4312858638
4312793100 1 8607825937
4312793102 1 4312858636
4312793102 5 4312858638
4312793102 1 4312858641
4312793105 2 4312858638
4312793105 2 4312858641
4312858633 1 4312858636
4312858636 1 4312858638
4312858638 2 4312858641
4328521890 1 51052548
4328521890 1 4346019849
4328521890 1 4346019852
4328521890 1 4346019854
4328521891 1 4329242641
4328521891 1 4346019857
4328521891 1 8640987156
4328521906 4 34275337
4328521906 1 50397539
4328521906 1 50397571
4328521906 1 51052550
4328521906 3 51052553
4328521906 3 4328521923
4328521906 32 4329242633
4328521906 40 4329242636
4328521906 5 4329242638
4328521906 1 4329308172
4328521906 2 4345364837
4328521906 1 4345364867
4328521906 1 4345364869
4328521906 18 4346019849
4328521906 18 4346019852
4328521906 3 4346019854
4328521906 1 4362142022
4328521906 1 4362142051
4328521906 1 12986745246
4328521907 1 67174755
4328521907 1 4328521923
4328521907 16 4329242636
4328521907 42 4329242638
4328521907 21 4329242641
4328521907 1 4345364835
4328521907 4 4345364837
4328521907 1 4345364838
4328521907 1 4345364868
4328521907 1 4345364869
4328521907 9 4346019852
4328521907 20 4346019854
4328521907 20 4346019857
4328521907 1 4362142051
4328521907 1 4362142052
4328521907 3 8624209937
4328521907 1 8640332200
4328521907 1 8640987153
4328521907 1 8657109318
4328521907 1 8657109320
4328521922 1 50397539
4328521922 1 50397570
4328521922 2 50397571
4328521922 1 51052550
4328521922 15 4329242633
4328521922 19 4329242636
4328521922 1 4329242638
4328521922 2 4345364869
4328521922 1 4345364870
4328521922 1 4346019852
4328521922 1 25787433018
4328521922 1 25820856379
4328521923 1 50397571
4328521923 10 4329242636
4328521923 18 4329242638
4328521923 6 4329242641
4328521923 2 4345364867
4328521923 1 4345364868
4328521923 2 4345364869
4328521923 1 4345364870
4328521923 1 4345364900
4328521923 1 4345364901
4328521923 1 4346019854
4328521923 3 8624209937
4328521923 3 8640332167
4328521923 1 8640987159
4328521923 1 25787433018
4328521923 1 38722994850
4328521923 1 38739771946
4328521938 1 50397570
4328521938 1 50397602
4328521938 1 51052550
4328521938 1 51052553
4328521938 1 4329242633
4328521938 1 4329242636
4328521938 1 4345364867
4328521938 1 4345364869
4328521938 1 4345364899
4328521938 1 4345364900
4328521938 1 4345364901
4328521939 1 50397602
4328521939 1 51052550
4328521939 1 51052553
4328521939 2 4329242636
4328521939 2 4329242638
4328521939 3 4329242641
4328521939 1 4345364869
4328521939 1 4345364899
4328521939 1 4345364900
4328521939 3 4345364901
4328521939 1 8624209940
4328521939 2 8640332199
4328521939 1 8640332201
4328521939 1 21525234065
4328521939 1 38739772027
4329242630 48 4329242636
4329242630 1 4329308169
4329242633 2 34340870
4329242633 6 34340873
4329242633 1 4312530950
4329242633 88 4329242638
4329242633 15 4329308166
4329242633 203 4329308169
4329242633 19 4329308172
4329242633 2 4346085385
4329242633 2 4346085388
4329242633 1 4363256495
4329242633 1 47278981121
4329242636 3 34340870
4329242636 4 34340873
4329242636 1 51118086
4329242636 1 4312530950
4329242636 1 4312530956
4329242636 1 4329242638
4329242636 106 4329242641
4329242636 15 4329308166
4329242636 268 4329308169
4329242636 250 4329308172
4329242636 22 4329308174
4329242636 1 4346085385
4329242636 5 4346085388
4329242636 1 4346085390
4329242636 1 8624275476
4329242636 1 8641052699
4329242636 1 34428027670
4329242638 1 34340870
4329242638 1 68289195
4329242638 1 4312530956
4329242638 109 4329242644
4329242638 71 4329308169
4329242638 275 4329308172
4329242638 259 4329308174
4329242638 19 4329308177
4329242638 4 4346085390
4329242638 1 4346085393
4329242638 2 8624275476
4329242638 1 8641052694
4329242638 1 8641052699
4329242638 1 12936019998
4329242638 1 12953191091
4329242638 1 34428027670
4329242638 1 47295758442
4329242641 1 68289155
4329242641 1 4312530961
4329242641 1 4329242644
4329242641 1 4329242647
4329242641 1 4329308169
4329242641 67 4329308172
4329242641 277 4329308174
4329242641 180 4329308177
4329242641 2 4329308180
4329242641 2 4346085390
4329242641 3 4346085393
4329242641 1 4363256493
4329242641 2 8624209943
4329242641 6 8624275473
4329242641 1 8641052694
4329242641 2 12936019998
4329242641 1 12953191091
4329242641 1 47295758442
4329242644 1 68289155
4329242644 1 4312530961
4329242644 66 4329308174
4329242644 139 4329308177
4329242644 2 4329308180
4329242644 2 4346085393
4329242644 6 8624275473
4329242647 1 4329308177
4329308166 15 4329308172
4329308169 1 34406401
4329308169 2 34406406
4329308169 7 34406409
4329308169 1 51183625
4329308169 1 4312596486
4329308169 1 4329308172
4329308169 41 4329308174
4329308169 211 4329373705
4329308169 26 4329373708
4329308169 1 4346150921
4329308169 1 4346150925
4329308172 1 34406401
4329308172 1 34406406
4329308172 3 34406409
4329308172 1 4312596486
4329308172 1 4312596492
4329308172 2 4329308174
4329308172 40 4329308177
4329308172 220 4329373705
4329308172 271 4329373708
4329308172 36 4329373710
4329308172 1 4329439244
4329308172 7 4346150924
4329308172 1 4346150925
4329308172 1 4346150926
4329308172 1 43000856679
4329308174 1 4312596492
4329308174 3 4329308177
4329308174 40 4329308180
4329308174 31 4329373705
4329308174 208 4329373708
4329308174 298 4329373710
4329308174 30 4329373713
4329308174 1 4329439246
4329308174 3 4346150924
4329308174 3 4346150926
4329308174 1 4363256575
4329308174 1 43000856679
4329308177 23 4329373708
4329308177 226 4329373710
4329308177 214 4329373713
4329308177 1 4329373716
4329308177 1 4329439249
4329308177 3 4346150929
4329308177 6 8624341009
4329308177 1 8624341012
4329308180 27 4329373710
4329308180 125 4329373713
4329308180 1 4329373716
4329308180 6 8624341009
4329308180 1 8624341012
4329373705 8 34471945
4329373705 1 34537482
4329373705 1 68289316
4329373705 15 4329373710
4329373705 190 4329439241
4329373705 3 4329439243
4329373705 24 4329439244
4329373705 1 4329504778
4329373705 1 4329504780
4329373708 5 34471945
4329373708 1 4312662028
4329373708 1 4329373710
4329373708 9 4329373713
4329373708 159 4329439241
4329373708 8 4329439243
4329373708 265 4329439244
4329373708 4 4329439245
4329373708 25 4329439246
4329373708 5 4329439247
4329373708 2 4329504780
4329373708 6 4329504781
4329373708 4 4329504783
4329373708 1 4329570317
4329373708 2 4346216459
4329373708 2 4346216461
4329373710 1 4312662028
4329373710 10 4329373716
4329373710 6 4329439241
4329373710 162 4329439244
4329373710 278 4329439246
4329373710 11 4329439247
4329373710 11 4329439248
4329373710 29 4329439249
4329373710 3 4329439250
4329373710 1 4329504782
4329373710 9 4329504783
4329373710 5 4329504784
4329373710 1 4346216463
4329373710 1 4346216464
4329373710 1 43017962228
4329373713 3 4329439244
4329373713 155 4329439246
4329373713 5 4329439248
4329373713 216 4329439249
4329373713 7 4329439250
4329373713 6 4329439251
4329373713 1 4329439252
4329373713 1 4329504784
4329373713 2 4329504785
4329373713 4 4329504786
4329373713 1 4346216467
4329373713 12 8624406545
4329373713 1 8624406551
4329373713 2 8624472083
4329373716 2 4329439246
4329373716 96 4329439249
4329373716 1 4329439251
4329373716 1 4329439252
4329373716 1 4329504785
4329373716 12 8624406545
4329373716 1 8624406551
4329373716 2 8624472083
4329373716 1 21543125772
4329439241 5 34537481
4329439241 2 34537482
4329439241 1 4312727561
4329439241 2 4329439244
4329439241 119 4329504777
4329439241 6 4329504778
4329439241 30 4329504779
4329439241 25 4329504780
4329439241 1 4329570313
4329439241 2 4329570314
4329439241 2 4329570315
4329439241 1 4329570316
4329439243 9 4329504779
4329439244 1 4312727561
4329439244 1 4312727564
4329439244 1 4329439246
4329439244 89 4329504777
4329439244 27 4329504779
4329439244 208 4329504780
4329439244 25 4329504781
4329439244 28 4329504782
4329439244 9 4329504783
4329439244 1 4329570314
4329439244 3 4329570315
4329439244 2 4329570316
4329439244 4 4329570317
4329439244 1 4329635853
4329439245 6 4329504779
4329439245 2 4329504781
4329439245 1 4329570317
4329439245 1 4346281997
4329439246 1 4312727564
4329439246 2 4312727566
4329439246 1 4329439249
4329439246 94 4329504780
4329439246 227 4329504782
4329439246 22 4329504783
4329439246 31 4329504784
4329439246 17 4329504785
4329439246 4 4329504786
4329439246 6 4329570319
4329439246 7 4329570320
4329439246 1 4329635853
4329439247 1 4329504781
4329439247 11 4329504783
4329439247 1 4329504784
4329439247 1 4346281997
4329439247 1 4346281999
4329439248 6 4329504783
4329439248 11 4329504784
4329439248 1 4346282002
4329439249 2 4312727566
4329439249 105 4329504782
4329439249 5 4329504784
4329439249 167 4329504785
4329439249 35 4329504786
4329439249 12 4329504787
4329439249 1 4329504788
4329439249 1 4329570320
4329439249 7 4329570322
4329439249 3 4329570323
4329439249 3 8624472081
4329439249 5 8624472083
4329439249 1 8624472084
4329439249 1 8624472085
4329439250 7 4329504784
4329439250 6 4329504786
4329439250 1 4329504787
4329439250 1 4346282002
4329439250 1 4346282003
4329439251 4 4329504786
4329439251 5 4329504787
4329439251 1 8624472083
4329439252 55 4329504785
4329439252 2 4329504787
4329439252 1 4329504788
4329439252 5 8624472081
4329439252 6 8624472083
4329439252 1 8624472084
4329439252 1 8624472085
4329439253 2 4329504787
4329439253 1 8624472083
4329504777 5 34603017
4329504777 3 34603018
4329504777 1 4312793097
4329504777 73 4329570313
4329504777 9 4329570314
4329504777 17 4329570315
4329504777 10 4329570316
4329504777 1 4329635850
4329504777 1 4329635851
4329504778 4 34603018
4329504778 1 4329570314
4329504778 2 4329570315
4329504779 6 34603018
4329504779 1 4329570314
4329504779 49 4329570315
4329504779 4 4329570317
4329504779 1 4329635853
4329504780 1 4312793097
4329504780 2 4312793100
4329504780 57 4329570313
4329504780 14 4329570315
4329504780 131 4329570316
4329504780 42 4329570317
4329504780 13 4329570318
4329504780 12 4329570319
4329504780 5 4329635851
4329504780 5 4329635853
4329504780 1 4329635855
4329504781 1 4329504783
4329504781 34 4329570315
4329504781 29 4329570317
4329504781 6 4329570319
4329504781 1 4329635853
4329504782 2 4312793100
4329504782 2 4312793102
4329504782 51 4329570316
4329504782 2 4329570317
4329504782 136 4329570318
4329504782 33 4329570319
4329504782 52 4329570320
4329504782 12 4329570321
4329504782 9 4329570322
4329504782 1 4329635853
4329504782 1 4329635854
4329504782 2 4329635856
4329504782 1 4329635857
4329504782 1 8624537621
4329504783 14 4329570317
4329504783 44 4329570319
4329504783 7 4329570320
4329504784 24 4329570319
4329504784 42 4329570320
4329504784 8 4329570322
4329504784 1 4346347536
4329504784 1 4346347538
4329504785 2 4312793102
4329504785 49 4329570318
4329504785 11 4329570320
4329504785 111 4329570321
4329504785 42 4329570322
4329504785 18 4329570323
4329504785 1 4329570324
4329504785 1 4329635854
4329504785 1 4329635856
4329504785 1 4329635857
4329504785 4 4329635858
4329504785 3 4329635859
4329504785 3 8624537617
4329504785 3 8624537619
4329504785 1 8624537620
4329504786 20 4329570320
4329504786 41 4329570322
4329504786 10 4329570323
4329504786 2 4346347538
4329504787 19 4329570322
4329504787 23 4329570323
4329504787 4 8624537619
4329504787 1 17214472237
4329504788 17 4329570321
4329504788 1 4329570323
4329504788 1 4329570324
4329504788 3 8624537617
4329504788 3 8624537619
4329504788 1 8624537620
4329504789 3 4329570323
4329504789 4 8624537619
4329570313 2 34668553
4329570313 5 34668554
4329570313 2 4329570316
4329570313 39 4329635849
4329570313 6 4329635850
4329570313 13 4329635851
4329570313 6 4329635852
4329570314 7 34668554
4329570314 4 4329635850
4329570314 2 4329635851
4329570315 6 34668554
4329570315 1 4329570317
4329570315 7 4329635850
4329570315 65 4329635851
4329570315 12 4329635853
4329570316 2 4312858636
4329570316 2 4329570318
4329570316 27 4329635849
4329570316 11 4329635851
4329570316 69 4329635852
4329570316 36 4329635853
4329570316 2 4329635854
4329570316 14 4329635855
4329570317 25 4329635851
4329570317 72 4329635853
4329570317 12 4329635855
4329570317 1 4331536408
4329570317 1 4346413069
4329570317 1 8642756651
4329570318 2 4312858636
4329570318 1 4312858638
4329570318 4 4329570321
4329570318 21 4329635852
4329570318 4 4329635853
4329570318 78 4329635854
4329570318 20 4329635855
4329570318 31 4329635856
4329570318 5 4329635857
4329570319 1 4329570320
4329570319 26 4329635853
4329570319 80 4329635855
4329570319 14 4329635856
4329570319 1 4331405333
4329570319 1 8642756651
4329570320 34 4329635855
4329570320 97 4329635856
4329570320 13 4329635858
4329570321 17 4329635854
4329570321 7 4329635856
4329570321 57 4329635857
4329570321 27 4329635858
4329570321 15 4329635859
4329570321 1 8624603153
4329570321 5 8624603156
4329570322 40 4329635856
4329570322 83 4329635858
4329570322 15 4329635859
4329570323 29 4329635858
4329570323 47 4329635859
4329570323 2 4346413075
4329570323 1 4348051483
4329570323 2 8624603155
4329570323 3 8624603157
4329570323 1 8641380373
4329570324 7 4329635857
4329570324 1 4329635859
4329570324 1 8624603153
4329570324 4 8624603156
4329570325 3 4329635859
4329570325 2 8624603155
4329570325 3 8624603157
4329635849 22 4329635852
4329635850 3 36569100
4329635850 3 36569103
4329635850 1 53084172
4329635850 6 4329635851
4329635850 1 4331536399
4329635851 1 36306956
4329635851 1 36306959
4329635851 2 36438028
4329635851 10 36438031
4329635851 8 36569100
4329635851 7 36569103
4329635851 1 53084172
4329635851 15 4329635853
4329635851 1 4331274258
4329635851 7 4331405327
4329635851 11 4331405330
4329635851 2 4331405333
4329635851 2 4331536399
4329635851 9 4331536402
4329635851 5 4331536405
4329635852 12 4329635854
4329635853 1 36569100
4329635853 2 36569103
4329635853 32 4329635855
4329635853 1 4331274261
4329635853 3 4331405327
4329635853 24 4331405330
4329635853 17 4331405333
4329635853 1 4331405336
4329635853 1 4331536399
4329635853 18 4331536402
4329635853 17 4331536405
4329635853 3 4331536408
4329635853 2 4348051477
4329635854 14 4329635857
4329635855 1 36569103
4329635855 1 52953103
4329635855 16 4329635856
4329635855 1 4331274258
4329635855 3 4331274261
4329635855 15 4331405330
4329635855 21 4331405333
4329635855 12 4331405336
4329635855 4 4331405339
4329635855 1 4331536399
4329635855 9 4331536402
4329635855 19 4331536405
4329635855 7 4331536408
4329635855 4 4331536411
4329635855 1 4348051474
4329635856 25 4329635858
4329635856 3 4331274264
4329635856 10 4331405333
4329635856 21 4331405336
4329635856 16 4331405339
4329635856 1 4331405342
4329635856 4 4331536402
4329635856 12 4331536405
4329635856 23 4331536408
4329635856 14 4331536411
4329635856 2 4331536414
4329635856 1 4348051480
4329635857 3 4329635860
4329635858 31 4329635859
4329635858 1 4331274270
4329635858 1 4331405333
4329635858 9 4331405336
4329635858 14 4331405339
4329635858 8 4331405342
4329635858 1 4331536402
4329635858 5 4331536405
4329635858 19 4331536408
4329635858 23 4331536411
4329635858 6 4331536414
4329635858 1 4348051483
4329635858 2 8626372638
4329635858 6 8626503710
4329635858 1 8626503714
4329635859 6 4329635861
4329635859 2 4331274270
4329635859 7 4331405339
4329635859 8 4331405342
4329635859 2 4331536408
4329635859 13 4331536411
4329635859 8 4331536414
4329635859 3 8626241566
4329635859 9 8626372638
4329635859 3 8626372642
4329635859 6 8626503710
4329635859 5 8626503714
4329635861 1 4331536414
4329635861 3 8626503714
4331274258 1 4331405327
4331274258 1 4331405330
4331274261 1 4331405330
4331274261 3 4331405333
4331274261 1 4331405336
4331274264 3 4331405336
4331274264 1 4348182552
4331274270 1 8626372638
4331274270 1 8626372642
4331274270 1 8643149854
4331405327 5 36569103
4331405327 6 4331536399
4331405330 1 36569103
4331405330 1 4331405333
4331405330 13 4331536399
4331405330 26 4331536402
4331405330 5 4331536405
4331405333 1 53346315
4331405333 4 4331536402
4331405333 49 4331536405
4331405333 1 4331536408
4331405336 5 4331536405
4331405336 32 4331536408
4331405336 5 4331536411
4331405336 1 4348313624
4331405339 4 4331536408
4331405339 31 4331536411
4331405339 4 4331536414
4331405342 9 4331536414
4331405342 5 8626503710
4331536399 6 4331536402
4331536402 7 4331536405
4331536405 11 4331536408
4331536408 12 4331536411
4331536411 3 4331536414
4345364835 1 67240512
4345364837 1 4362207811
4345364837 1 4362207813
4345364837 1 4362207863
4345364837 1 4362207865
4345364838 1 4362207813
4345364838 1 4362207865
4345364867 1 67240564
4345364867 1 67240617
4345364867 1 4345364900
4345364867 1 4362207861
4345364868 1 67240564
4345364868 1 67240565
4345364868 2 4362207861
4345364868 1 4362207862
4345364869 2 4362207812
4345364869 1 4362207863
4345364869 3 4362207864
4345364869 2 4362207865
4345364870 1 8657175162
4345364899 1 67240564
4345364900 1 51052552
4345364900 1 67240564
4345364900 1 67240565
4345364900 1 4363256454
4345364901 1 4362207863
4345364901 1 4362207865
4345364901 1 4362207916
4345364901 1 4362207917
4345364902 1 4362207865
4345364902 1 4362207917
4346019849 11 4346085385
4346019849 1 4346085387
4346019849 7 4346085388
4346019852 8 4346085385
4346019852 2 4346085387
4346019852 18 4346085388
4346019852 2 4346085389
4346019852 3 4346085390
4346019852 1 4346150925
4346019852 2 4346150927
4346019852 1 4363256495
4346019854 3 4346085388
4346019854 20 4346085390
4346019854 1 4346085391
4346019854 2 4346085393
4346019854 1 4346150925
4346019854 1 4346150927
4346019857 6 4346085390
4346019857 21 4346085393
4346019857 1 4346085394
4346019857 1 8641052692
4346019860 3 4346085393
4346019860 1 8641052692
4346085385 1 4346085388
4346085385 5 4346150921
4346085385 2 4346150922
4346085385 3 4346150923
4346085385 1 4346150924
4346085385 1 4346216459
4346085387 2 4346150923
4346085387 1 4346150925
4346085388 4 4346150921
4346085388 4 4346150923
4346085388 10 4346150924
4346085388 7 4346150925
4346085388 1 4346216459
4346085388 1 4346216461
4346085388 1 4346216463
4346085389 1 4346150923
4346085389 3 4346150925
4346085390 1 4346150924
4346085390 9 4346150926
4346085390 4 4346150927
4346085390 8 4346150928
4346085390 1 4346216463
4346085390 1 4346216464
4346085390 1 4346216467
4346085391 1 4346150927
4346085392 1 4346150927
4346085393 2 4346150926
4346085393 3 4346150928
4346085393 4 4346150929
4346085393 14 4346150930
4346085393 4 4346150931
4346085393 1 4346150932
4346085394 1 4346150930
4346085395 1 4346150930
4346085396 1 4346150929
4346085396 3 4346150931
4346085396 1 4346150932
4346150921 1 51249162
4346150921 2 4346216458
4346150921 4 4346216459
4346150922 1 51249162
4346150922 1 4346216458
4346150923 1 51249162
4346150923 3 4346216458
4346150923 7 4346216459
4346150924 1 4346216458
4346150924 2 4346216459
4346150924 12 4346216461
4346150924 2 4346216463
4346150924 1 4346216464
4346150925 1 52690959
4346150925 6 4346216459
4346150925 7 4346216461
4346150925 1 4346216463
4346150925 1 4347789327
4346150925 1 4363256573
4346150926 7 4346216463
4346150926 8 4346216464
4346150927 6 4346216461
4346150927 6 4346216463
4346150927 1 4346216464
4346150928 4 4346216463
4346150928 7 4346216464
4346150928 3 4346216466
4346150929 4 4346216464
4346150929 3 4346216466
4346150929 1 4346216467
4346150929 1 8641183763
4346150930 3 4346216464
4346150930 16 4346216466
4346150930 1 4346282003
4346150931 8 4346216466
4346150931 1 4346216467
4346150931 1 4346282003
4346150931 2 8641183763
4346150931 1 8641183765
4346150932 2 8641183763
4346150933 2 8641183763
4346150933 1 8641183765
4346216458 4 51314698
4346216458 1 4346281994
4346216458 1 4346281995
4346216459 4 51314698
4346216459 2 52822031
4346216459 1 4346281994
4346216459 12 4346281995
4346216459 1 4346281997
4346216459 1 4347789327
4346216459 1 4347789330
4346216461 1 4346216463
4346216461 9 4346281995
4346216461 16 4346281997
4346216461 2 4346281999
4346216463 6 4346281997
4346216463 14 4346281999
4346216463 3 4346282000
4346216463 1 4347789330
4346216463 1 4347789336
4346216464 7 4346281999
4346216464 21 4346282000
4346216464 1 4346282002
4346216466 8 4346282000
4346216466 14 4346282002
4346216466 3 4346282003
4346216466 2 4347789336
4346216467 4 4346282002
4346216467 6 4346282003
4346216467 1 8641249301
4346216469 1 4346282003
4346281994 1 4346347531
4346281995 1 51380234
4346281995 1 52822028
4346281995 1 52953100
4346281995 1 52953103
4346281995 10 4346347531
4346281995 1 4346347533
4346281995 1 4347920402
4346281997 5 4346347531
4346281997 7 4346347533
4346281997 7 4346347535
4346281997 1 4347789327
4346281997 2 4347920402
4346281997 1 4347920405
4346281997 1 4347920408
4346281999 2 4346347533
4346281999 16 4346347535
4346281999 1 4346347536
4346281999 1 4347789333
4346281999 2 4347920405
4346281999 2 4347920408
4346282000 2 4346347535
4346282000 11 4346347536
4346282000 1 4346347538
4346282000 2 4347920405
4346282000 4 4347920408
4346282000 4 4347920411
4346282000 1 4347920414
4346282002 4 4346347536
4346282002 7 4346347538
4346282002 1 4346347539
4346282002 1 4347789339
4346282002 1 4347920405
4346282002 3 4347920408
4346282002 4 4347920411
4346282002 1 4347920414
4346282003 3 4346347538
4346282003 2 4346347539
4346282003 1 4347920411
4346282003 2 4347920414
4346282003 2 8641314837
4346282003 2 8642887710
4346282005 1 8641314837
4346347531 3 53084172
4346347531 4 53084175
4346347531 1 53215244
4346347531 1 4348051474
4346347533 1 4347920405
4346347533 2 4348051474
4346347533 4 4348051477
4346347533 2 4348051480
4346347535 1 4346413071
4346347535 2 4347920405
4346347535 2 4348051474
4346347535 6 4348051477
4346347535 7 4348051480
4346347536 1 4346413071
4346347536 3 4346413072
4346347536 1 4347920405
4346347536 4 4348051477
4346347536 1 4348051480
4346347536 3 4348051483
4346347536 1 8643018782
4346347538 1 4346413072
4346347538 1 4346413074
4346347538 1 4347920411
4346347538 2 4348051480
4346347538 6 4348051483
4346347538 1 4348051486
4346347538 1 8643018782
4346347539 1 4347920411
4346347539 1 4348051483
4346347539 1 4348051486
4346347539 1 8643018782
4346413069 1 4348051474
4346413071 1 4348051480
4346413071 1 4348182549
4346413072 1 4348051477
4346413072 2 4348051480
4346413072 1 4348182549
4346413074 1 4348051483
4346413075 1 4348051486
4346413075 1 8643018782
4347789327 3 52953103
4347789330 3 52953103
4347789330 1 4347920402
4347789330 1 4347920405
4347789333 1 4347920402
4347789333 1 4347920405
4347789333 1 4347920408
4347789336 4 4347920408
4347789339 1 4347920408
4347789339 1 4347920411
4347920402 1 4348051471
4347920402 2 4348051474
4347920405 9 4348051477
4347920405 1 4348051480
4347920408 1 4348051477
4347920408 1 4348051479
4347920408 11 4348051480
4347920408 1 4348051483
4347920411 7 4348051483
4347920411 1 4348051486
4347920414 1 4348051486
4347920414 3 8643018782
4348051471 1 53215246
4348051474 1 53215247
4348051474 1 4348182545
4348051474 4 4348182546
4348051474 2 4348182549
4348051477 5 4348182546
4348051477 2 4348182548
4348051477 20 4348182549
4348051479 1 4348182550
4348051480 5 4348182549
4348051480 2 4348182551
4348051480 17 4348182552
4348051480 1 4348182555
4348051483 4 4348182552
4348051483 1 4348182554
4348051483 13 4348182555
4348051483 2 4348182557
4348051483 1 4348182558
4348051486 1 4348182555
4348051486 1 4348182557
4348051486 2 4348182558
4348051486 2 8643149854
4348182545 1 53346318
4348182545 1 4348313619
4348182546 2 4348313617
4348182546 6 4348313618
4348182548 1 4348313620
4348182548 1 4348313623
4348182549 1 4348313618
4348182549 6 4348313620
4348182549 14 4348313621
4348182549 1 4348313623
4348182549 1 4348313624
4348182550 1 4348313622
4348182551 3 4348313623
4348182552 1 4348182555
4348182552 1 4348313621
4348182552 2 4348313623
4348182552 11 4348313624
4348182552 5 4348313626
4348182552 1 4348313627
4348182554 1 4348313626
4348182554 1 4348313629
4348182555 2 4348313624
4348182555 6 4348313626
4348182555 8 4348313627
4348182555 1 4348313629
4348182557 3 4348313629
4348182557 1 8643280925
4348182558 1 4348313627
4348182558 2 4348313629
4348182558 1 4348313630
4348313621 1 4348313624
4348313624 3 4348313627
4348313626 1 4348313627
4362142022 1 4362207762
4362142051 1 67240461
4362142052 1 67240513
4362142054 1 4362207762
4362207762 1 4379050778
4362207811 1 4379050852
4362207812 1 4379050775
4362207812 1 4379050853
4362207813 1 4362273639
4362207861 1 67306414
4362207861 1 4362273789
4362207862 1 4362273789
4362207863 1 4362273713
4362207863 1 4362273714
4362207864 1 4362273717
4362207864 1 4362273793
4362207864 1 4380033629
4362207865 1 4362273717
4362207865 1 4362273718
4362207865 1 4362273795
4362207865 2 4362273796
4362207916 1 4362273794
4362207917 1 4362273794
4362207917 1 4362273795
4362273639 1 4380033590
4362273712 1 4380033549
4362273713 1 4380033588
4362273714 1 4380033589
4362273717 1 4380033591
4362273718 1 8675000848
4362273789 1 68289115
4362273789 1 4363256452
4362273790 1 68289115
4362273790 1 4363256452
4362273793 1 4363256413
4362273794 1 4380033590
4362273795 1 4363256415
4362273795 1 4380033590
4362273796 1 4363256415
4362273796 1 8658223712
4362273796 1 8675000928
4363256413 1 4380099518
4363256415 1 8675066763
4363256416 1 8675066763
4363256452 1 4363322302
4363256453 1 4380099518
4363256454 1 4380099521
4363256493 1 4363322359
4363256495 1 8658289660
4363256573 1 4364435479
4363256573 1 4364435480
4363256575 1 8658289771
4363256576 1 8658289771
4363322302 1 4380165587
4363322359 1 4380165588
4364435479 1 4364566556
4364435480 1 4364566554
4364435482 1 4364566556
4364566554 1 8659664927
4364566556 1 8659730452
4379050775 1 4396810645
4379050778 1 4380033511
4379050852 1 4380033549
4379050853 1 34529345670
4380033510 1 4396876399
4380033510 1 38807404685
4380033511 1 4396876457
4380033549 1 4380099297
4380033549 1 4380099349
4380033588 1 85132052
4380033589 1 4380099349
4380033589 1 4380099350
4380033590 1 4380099351
4380033590 1 4380099352
4380033590 1 4380099407
4380033591 1 4380099352
4380033591 1 4380099353
4380033629 1 4380099406
4380099297 1 8691909638
4380099349 1 85197897
4380099350 1 85197897
4380099350 1 85197977
4380099351 1 85197898
4380099352 1 4396942414
4380099353 1 4380165277
4380099406 1 85198053
4380099407 1 85263869
4380099409 1 4380165354
4380099410 1 4380165354
4380099462 1 4380165431
4380099518 1 85198209
4380099521 1 4380165514
4380165277 1 4380231174
4380165280 1 4380231178
4380165354 1 85264079
4380165355 1 85264079
4380165431 1 4380231583
4380165435 1 4380231584
4380165514 1 8675198887
4380165587 1 4381278220
4380165588 1 4380231687
4380231174 1 4397074196
4380231175 1 4397074196
4380231178 1 4397074320
4380231583 1 4380297586
4380231584 1 86310919
4380231687 1 8676245523
4380231688 1 8676245523
4380297586 1 4381278225
4381278220 1 4381409293
4381540365 1 4381540367
4396810645 1 118686205
4396810684 1 4396876343
4396810685 1 118686205
4396810687 1 4413653561
4396810687 1 43085463710
4396876343 1 4413719241
4396876346 1 4413719163
4396876399 1 118752019
4396876399 1 4413719241
4396876457 1 4396942180
4396876458 1 4396942260
4396942180 1 102040683
4396942258 1 102040683
4396942260 1 4397007983
4396942414 1 4397008185
4397007983 1 4413850812
4397008185 1 102106658
4397008287 1 102106658
4397074196 1 4397074316
4397074197 1 4397074317
4397074316 1 102173068
4397074317 1 102173068
4397074320 1 4397140367
4397140367 1 4397140368
4413653561 1 4413719162
4413719162 1 118817388
4413719163 1 135594503
4413719241 1 4413784897
4413784897 1 8708817640
4413850812 1 118948909
8607825937 1 4312858644
8624209937 2 8624275473
8624209937 3 8624275476
8624209940 1 4329308177
8624209940 3 8624275473
8624209940 4 8624275476
8624209943 1 4329308177
8624209943 1 8624275473
8624209943 1 8624275476
8624275473 8 8624341009
8624275473 1 8624341012
8624275476 8 8624341009
8624275476 5 8624341012
8624275476 1 8624341017
8624275476 1 8641118234
8624275479 1 8624341012
8624275479 1 8624341017
8624341009 7 8624406545
8624341009 7 8624406548
8624341012 7 8624406545
8624341012 8 8624406548
8624341012 2 8624406549
8624341012 1 8624472086
8624341012 1 8641183763
8624341012 1 8641183766
8624341015 1 8641183766
8624341017 1 12919373857
8624341020 1 12919373857
8624406545 11 8624472081
8624406545 8 8624472084
8624406548 1 4329504787
8624406548 9 8624472081
8624406548 12 8624472084
8624406548 1 8624472085
8624406548 1 8624537621
8624406549 1 8624472085
8624406549 1 8624472086
8624406550 1 8624472086
8624406551 1 8624472089
8624472081 1 8624537617
8624472081 12 8624537620
8624472081 1 8624603156
8624472083 1 8624537619
8624472083 8 8624537621
8624472084 1 8624537617
8624472084 1 8624537619
8624472084 18 8624537620
8624472084 6 8624537621
8624472084 1 8624603156
8624472085 1 8624537619
8624472085 10 8624537621
8624472085 1 8641314837
8624472086 2 8624537622
8624472089 1 12919504924
8624472092 1 12919504924
8624537617 1 8624537620
8624537617 3 8624603156
8624537619 8 8624603157
8624537620 3 8624603155
8624537620 13 8624603156
8624537620 5 8624603157
8624537620 1 8624603158
8624537621 21 8624603157
8624537621 2 8624603158
8624537621 1 8642887714
8624537622 2 8624603157
8624537622 2 8624603158
8624537622 2 8624603160
8624603153 1 8624603156
8624603155 3 8624603157
8624603155 1 8626503714
8624603155 1 8626503717
8624603157 4 8624603158
8624603157 1 8626241573
8624603157 2 8626372638
8624603157 6 8626372642
8624603157 5 8626372645
8624603157 7 8626503714
8624603157 2 8626503717
8624603157 1 8643018782
8624603157 1 8643018786
8624603157 1 8643280933
8624603158 2 8626372645
8624603158 3 8626503717
8624603160 1 8626372648
8624603160 1 8643018792
8626241566 1 8626372638
8626241566 1 8626372642
8626241566 1 8643149858
8626241570 1 8643149858
8626241573 1 8626372645
8626372638 6 8626503710
8626372638 7 8626503714
8626372642 12 8626503714
8626372642 1 8626503717
8626372642 1 8643280930
8626372645 4 8626503717
8626372645 1 8626503720
8626372648 1 8626503723
8626503710 4 8626503714
8626503714 1 8626503717
8626503717 4 8626503720
8640266420 1 8657109320
8640332167 2 8657175163
8640332167 1 8657175215
8640332199 1 8657175163
8640332199 1 8657175215
8640332200 1 12935954463
8640332201 1 12935954463
8640332201 1 12952142515
8640987153 1 8641052692
8640987156 2 8641052692
8640987159 1 8641052697
8640987161 1 8641052697
8641052692 2 8641118228
8641052692 1 8641118229
8641052694 1 8658223833
8641052697 1 8641118237
8641052699 1 12953191132
8641118228 2 8641183765
8641118229 1 8641183765
8641118230 1 8641183765
8641118234 1 8641183771
8641118237 1 12936151070
8641183763 2 8641249299
8641183763 3 8641249301
8641183765 2 8641249299
8641183765 6 8641249301
8641183765 1 8641249302
8641183766 1 8641249301
8641183766 2 8641249302
8641183771 1 8641249309
8641249299 1 8641314837
8641249299 1 8642887710
8641249301 4 8641314837
8641249301 1 8641314838
8641249301 1 8642887710
8641249301 2 8642887714
8641249301 1 8642887717
8641249302 2 8641314838
8641249309 1 12937723953
8641314837 1 8641380373
8641314837 1 8641380374
8641314837 1 8642887714
8641314837 1 8642887717
8641314837 1 8643018786
8641314837 2 8643018789
8641314838 1 8642887717
8641314838 1 8643018789
8641380373 1 8643018782
8641380373 1 8643018786
8641380374 1 8643018786
8642756651 1 8659664940
8642887710 2 8643018782
8642887710 1 8643018786
8642887714 1 8643018784
8642887714 3 8643018786
8642887717 2 8643018789
8642887717 1 8643018792
8643018782 5 8643149854
8643018782 1 8643149856
8643018782 4 8643149858
8643018784 1 8643149855
8643018786 1 8643149854
8643018786 6 8643149858
8643018786 3 8643149861
8643018789 1 8643149861
8643018789 1 8643149864
8643018789 1 8643149865
8643018792 1 8643149864
8643018792 2 8643149865
8643149854 4 8643280926
8643149854 3 8643280928
8643149854 1 8643280930
8643149855 1 4348313631
8643149856 1 8643280931
8643149858 2 8643280928
8643149858 5 8643280930
8643149858 2 8643280931
8643149858 1 8643280933
8643149861 2 8643280933
8643149861 1 8643280934
8643149864 1 8643280937
8643149864 1 8643280939
8643149865 2 8643280937
8643280925 1 8643280928
8657109318 1 8673952274
8657109320 1 8657175062
8657109352 1 8657175062
8657175062 1 12968985378
8657175162 1 8657241015
8657175163 1 8657240938
8657175163 1 8657241094
8657175163 1 8674018154
8657175215 1 8657241095
8657175215 1 8675000928
8657240938 1 8675000848
8657241094 1 8675000928
8657241095 1 8658223712
8658223712 1 8675066763
8658223712 1 8675066764
8658223713 1 8675066763
8658223833 1 8658289772
8658289660 1 8675132894
8658289771 1 8659402790
8658289772 1 8659402784
8659402784 1 4381540365
8659402790 1 12954697756
8659402793 1 8659533859
8659402797 1 4364763154
8659664927 1 8659992598
8659664940 1 8659861528
8659992598 1 8660123672
8673952274 1 8674017997
8674017997 1 43085463710
8674018154 1 8691778024
8675000848 1 4396876458
8675000848 1 8675066596
8675000888 1 8675066596
8675000928 1 4380099409
8675000928 1 8675066707
8675000928 1 8675066709
8675066596 1 8691909639
8675066707 1 4380165280
8675066709 1 12970099958
8675066763 1 4380165435
8675066763 1 8675132811
8675066764 1 8675132815
8675132811 1 8675198887
8675132815 1 12970166293
8675132894 1 12971147323
8675198689 1 12970165986
8675198887 1 8676245525
8675198887 1 8676245529
8676245525 1 8676245526
8691778024 1 4396876346
8691909639 1 8691975393
8691975393 1 8692041031
8692041031 1 12987074076
8708751998 1 8708751999
12919373857 1 12919439396
12919439396 1 17214472232
12919504924 1 12919570463
12919504927 1 12919570463
12935954463 1 12936020000
12936019998 1 12953191132
12936019998 1 12953191172
12936020000 1 12936085538
12936020002 1 12936085538
12936085538 1 12937592890
12936151070 1 12937723956
12937592890 1 17232691262
12937723953 1 12937855028
12937723956 1 12937855031
12937855028 1 12937986102
12937855031 1 12937986105
12937986102 1 12938117173
12937986105 1 12938117179
12938117173 1 12938248248
12938117176 1 12938248248
12938117179 1 17233215549
12938117181 1 17233215549
12952142515 1 12952208398
12952142516 1 12952208398
12952208398 1 12952208399
12953191091 1 12953256961
12953191132 1 12953257016
12953191132 1 12953257020
12953191172 1 8659402793
12953256961 1 12970100195
12953257016 1 8659402797
12953257017 1 8659402797
12954697756 1 12954697757
12968985378 1 12969968148
12969968148 1 12986811059
12969968149 1 12986811059
12970033955 1 12970099884
12970099884 1 12970165787
12970099963 1 8675198689
12970100195 1 12970166300
12970165787 1 12987008932
12970166293 1 12971212830
12970166300 1 17266180135
12971212830 1 17266311204
12986745246 1 12986745287
12986745247 1 13003588163
12986745285 1 12986810945
12986745287 1 13003588163
12986810945 1 13003653844
12986810946 1 13003653844
12986811059 1 17281844165
12987008578 1 12987008579
12987008932 1 8692107687
13003588163 1 13003653768
13003653768 1 8708751998
13003653844 1 8708751992
17214472232 1 17214537768
17214472237 1 17232691271
17214537768 1 17232953406
17232691262 1 17232822337
17232691271 1 17249599557
17232691274 1 17249599557
17232822337 1 17232953413
17232953413 1 17233084486
17233084486 1 17233215561
17248158312 1 17265001366
17248158313 1 17265001366
17249599557 1 12954959904
17249665066 1 17249796134
17249796134 1 17249796135
17265001366 1 12970099963
17266180135 1 17266180137
17281910106 1 12987008578
21525234065 1 21542077068
21542077068 1 21542142929
21542142929 1 21559902789
21543125733 1 21543191621
21543125772 1 21543191619
21543191619 1 21560034799
21543191620 1 21560034799
21543191621 1 21544304721
21543257584 1 21560034878
21544304721 1 21544435788
21544435788 1 17249665066
21544435791 1 17249665066
21559902789 1 21559968556
21559968556 1 21576811547
21560034799 1 21560034877
21560034877 1 21560100904
21560034878 1 21560100904
21576811547 1 17281910106
25787433018 1 25787433023
25787433020 1 25787498554
25787433023 1 25787498554
25787498554 1 25804341308
25787498556 1 25804341308
25804341308 1 25804406844
25804406844 1 25804472382
25820856379 1 21543125733
25820856381 1 21543125733
25839403109 1 25839403112
30133126280 1 30134239343
30134239343 1 25839403109
30134239346 1 25839403109
34428027670 1 30133126280
34429534287 1 34429665354
34429665354 1 34429665355
34446180421 1 34446180423
34446180422 1 34446180423
34461713381 1 34461779118
34461713382 1 34461779118
34461779118 1 30183654660
34461779119 1 30183654660
34461779426 1 30166877924
38705954911 1 38706020446
38705954913 1 38706020446
38706020446 1 38707527823
38707527823 1 38707658895
38707658895 1 38707789969
38707789969 1 38707921040
38707789975 1 38707921044
38707921044 1 38708052112
38722994850 1 38723060711
38722994851 1 38723060711
38723060711 1 38739904009
38724173972 1 38724305037
38724305037 1 34429534287
38739771946 1 38756614862
38739772027 1 38739837759
38739837759 1 38739903619
38739837815 1 38739903619
38739903619 1 34461779426
38739904009 1 34446180421
38741147734 1 38741147736
38741147735 1 38741147736
38756614862 1 34461713381
38756878241 1 38756878242
38773588790 1 38773588791
38773589029 1 38773589030
38773589030 1 38773589031
38807404685 1 34529345670
42984079458 1 38705954911
42984079461 1 38705954911
43000856679 1 43017962269
43002495135 1 43002626204
43002626204 1 38707789975
43002626214 1 43002757283
43002757283 1 43019665569
43017962228 1 43018028066
43017962269 1 38724173972
43018028066 1 43034871313
43018028067 1 43034871313
43019141282 1 43019272349
43034871082 1 43034937122
43034871158 1 43034871159
43034871313 1 43034937330
43034937224 1 43034937225
43034937230 1 30117593203
43034937231 1 30117593203
43034937330 1 43035003228
43034937331 1 38741016663
43034937332 1 38741016663
43034937434 1 43035983963
43035003219 1 30117593203
43035003219 1 43035003339
43035003220 1 34446049357
43035003339 1 34446049357
43035918488 1 38707527817
43035983963 1 38741147734
43051582166 1 43051647906
43051582166 1 43051647907
43051647906 1 43051713623
43051647907 1 43051713623
43051647907 1 43068490738
43051713623 1 38773589029
43051713936 1 43051779599
43051779599 1 38756878241
43051779844 1 43051845849
43051780082 1 43051780083
43051845849 1 43051845850
43068490738 1 38773589030
43068490742 1 38773588790
47278981121 1 42984079458
47279112298 1 42984276070
47295758442 1 43000856679
47297331201 1 47297462437
47297331368 1 47297462437
47297462437 1 43002626214
47311946742 1 47329706543
47312929369 1 47329772471
47312929408 1 47329772471
47328723803 1 47329706504
47329706504 1 43051582166
47329706543 1 43051582166
47329706544 1 43051582166
47329772471 1 43034871082
47329772471 1 43034871158
47329838381 1 43034937224
47329838538 1 43034937434
47329970527 1 38707527817
47329970527 1 47329970528
47346549407 1 43051647907
47346615207 1 43068490742
47346615363 1 43051713936
47346681235 1 47346681236
47346681338 1 43051779844
