167772209 1 167837698
167772209 1 168034308
167837698 1 17366646846
168034308 1 168099843
168034308 1 168099844
168034308 1 168099845
168099843 1 184942596
168099844 1 168165380
168165380 1 185008132
169738246 1 47397929055
169738246 1 47414509738
184549409 1 168034308
184942596 1 185008134
185008132 1 185073668
185008132 1 185073670
185008134 1 4496818185
185008134 1 4496818188
185073668 1 4496883721
185073668 1 4496883724
201588742 4 201588748
201588742 3 201654281
201588742 3 201654284
201588742 1 4496621577
201588742 1 4496621580
201588745 4 201588748
201654278 9 201654284
201654278 7 201719817
201654278 7 201719820
201654278 2 4496687113
201654278 2 4496687116
201654281 6 201654284
201719814 10 201719820
201719814 3 201785350
201719814 9 201785353
201719814 7 201785356
201719814 1 4496752649
201719817 3 201719820
201785350 7 201785356
201785350 1 201850886
201785350 6 201850889
201785350 3 201850892
201785350 4 4496818185
201785350 3 4496818188
201850886 2 201850892
201850886 1 201916425
201850886 2 4496883721
201850886 1 4496883724
201850889 1 201916425
201850889 2 4496883721
201916425 2 4496949257
4430364918 1 4413653506
4446224397 1 4430364918
4446224397 1 4463067145
4463067145 1 4496687113
4463067145 1 4496687116
4479778822 6 4479778828
4479778822 6 4479844361
4479778822 6 4479844364
4479778825 8 4479778828
4479778825 8 4479778830
4479778825 2 4479844361
4479778825 7 4479844364
4479778825 6 4479844366
4479778825 3 4496621580
4479778825 2 4496621582
4479778828 12 4479778830
4479778828 8 4479778833
4479778828 3 4479844364
4479778828 8 4479844366
4479778828 5 4479844369
4479778828 2 4496621580
4479778828 4 4496621582
4479778828 2 4496621585
4479778830 9 4479778833
4479778830 12 4479778836
4479778830 2 4479844366
4479778830 10 4479844369
4479778830 8 4479844372
4479778830 3 4496621585
4479778830 3 4496621588
4479778833 11 4479778836
4479844358 3 4479844364
4479844358 3 4479909897
4479844358 3 4479909900
4479844361 5 4479844366
4479844361 7 4479909897
4479844361 9 4479909900
4479844361 3 4479909902
4479844361 1 4496687116
4479844364 5 4479844369
4479844364 1 4479909900
4479844364 6 4479909902
4479844364 5 4479909905
4479844364 2 4496687116
4479844364 2 4496687118
4479844366 8 4479844372
4479844366 1 4479909902
4479844366 4 4479909905
4479844366 3 4479909908
4479844366 2 4496687118
4479844366 6 4496687121
4479844366 4 4496687124
4479909894 1 4479909900
4479909894 1 4479975433
4479909894 1 4479975436
4479909897 1 4479909902
4479909897 8 4479975433
4479909897 8 4479975436
4479909897 2 4496752649
4479909897 2 4496752652
4479909900 3 4479909905
4479909900 3 4479975436
4479909900 4 4479975438
4479909900 2 4496752652
4479909900 2 4496752654
4479909902 3 4479909908
4479909902 3 4479975438
4479909902 3 4479975441
4479909902 2 4496752654
4479909902 3 4496752657
4479909902 1 4496752660
4479975433 3 4480040969
4479975433 3 4480040972
4479975433 6 4496818185
4479975433 6 4496818188
4479975436 2 4480040972
4479975436 3 4480040974
4479975438 1 4480040977
4479975438 3 4496818190
4479975438 2 4496818193
4480040969 2 4480106505
4480040969 1 4496883721
4480040969 1 4496883724
4480040972 1 4496883724
4480040972 2 4496883726
4480040974 1 4480106510
4480040977 1 4480106513
4480106505 2 4496949257
4480106505 1 4496949260
4480106510 1 4496949262
4480106513 1 4496949265
4496556038 1 4496556041
4496556038 13 4496556044
4496556038 14 4496621577
4496556038 14 4496621580
4496556041 17 4496556044
4496556041 26 4496556046
4496556041 4 4496621577
4496556041 30 4496621580
4496556041 26 4496621582
4496556044 38 4496556046
4496556044 39 4496556049
4496556044 4 4496621577
4496556044 26 4496621580
4496556044 53 4496621582
4496556044 33 4496621585
4496556046 40 4496556049
4496556046 39 4496556052
4496556046 7 4496621582
4496556046 40 4496621585
4496556046 34 4496621588
4496556049 1 4479778836
4496556049 43 4496556052
4496556049 2 4496621582
4496556049 6 4496621585
4496556049 6 4496621588
4496621574 41 4496621580
4496621574 40 4496687113
4496621574 41 4496687116
4496621574 1 4496687118
4496621577 1 4479844366
4496621577 31 4496621580
4496621577 67 4496621582
4496621577 23 4496687113
4496621577 80 4496687116
4496621577 59 4496687118
4496621580 50 4496621582
4496621580 99 4496621585
4496621580 2 4496687113
4496621580 67 4496687116
4496621580 135 4496687118
4496621580 72 4496687121
4496621582 71 4496621585
4496621582 104 4496621588
4496621582 32 4496687118
4496621582 114 4496687121
4496621582 85 4496687124
4496621585 70 4496621588
4496621585 1 4496687118
4496621585 9 4496687121
4496621585 8 4496687124
4496687110 56 4496687116
4496687110 2 4496752646
4496687110 52 4496752649
4496687110 52 4496752652
4496687110 2 4496752654
4496687113 33 4496687116
4496687113 89 4496687118
4496687113 65 4496752649
4496687113 131 4496752652
4496687113 70 4496752654
4496687116 42 4496687118
4496687116 112 4496687121
4496687116 106 4496752652
4496687116 190 4496752654
4496687116 85 4496752657
4496687118 57 4496687121
4496687118 120 4496687124
4496687118 1 4496752652
4496687118 72 4496752654
4496687118 166 4496752657
4496687118 97 4496752660
4496687121 48 4496687124
4496687121 2 4496752654
4496687121 26 4496752657
4496687121 24 4496752660
4496752646 32 4496752652
4496752646 33 4496818185
4496752646 31 4496818188
4496752649 6 4496752652
4496752649 68 4496752654
4496752649 111 4496818185
4496752649 154 4496818188
4496752649 44 4496818190
4496752652 11 4496752654
4496752652 79 4496752657
4496752652 138 4496818188
4496752652 194 4496818190
4496752652 57 4496818193
4496752654 13 4496752657
4496752654 90 4496752660
4496752654 1 4496818188
4496752654 113 4496818190
4496752654 177 4496818193
4496752654 57 4496818196
4496752654 1 4496883729
4496752657 13 4496752660
4496752657 53 4496818193
4496752657 50 4496818196
4496752657 1 4496883729
4496818182 10 4496818188
4496818182 10 4496883721
4496818182 9 4496883724
4496818185 1 4496818188
4496818185 40 4496818190
4496818185 137 4496883721
4496818185 171 4496883724
4496818185 26 4496883726
4496818188 1 4496818190
4496818188 40 4496818193
4496818188 1 4496883721
4496818188 151 4496883724
4496818188 163 4496883726
4496818188 16 4496883729
4496818188 1 4496949262
4496818190 1 4496818193
4496818190 44 4496818196
4496818190 2 4496883724
4496818190 134 4496883726
4496818190 158 4496883729
4496818190 28 4496883732
4496818193 3 4496818196
4496818193 84 4496883729
4496818193 62 4496883732
4496818196 1 4496883729
4496818196 1 4496883732
4496883718 3 4496883724
4496883718 3 4496949257
4496883718 3 4496949260
4496883721 1 4496883724
4496883721 10 4496883726
4496883721 135 4496949257
4496883721 133 4496949260
4496883721 3 4496949262
4496883724 4 4496883729
4496883724 2 4496949257
4496883724 165 4496949260
4496883724 125 4496949262
4496883724 1 4496949265
4496883726 3 4496883729
4496883726 9 4496883732
4496883726 1 4496949260
4496883726 146 4496949262
4496883726 119 4496949265
4496883726 2 4496949268
4496883729 1 4496949262
4496883729 131 4496949265
4496883729 66 4496949268
4496949257 1 30234640501
4496949262 1 17349476412
4496949265 1 17349476412
4513660942 1 4496949265
4513660942 1 4496949268
4513660942 1 4513660948
4513660945 1 4513660948
8774746129 2 8774746135
8774746129 1 8774811665
8774746129 2 8774811668
8774746129 1 8774811671
8774746132 2 8774746135
8774811665 1 8774811671
8774811665 2 8774877201
8774811665 2 8774877204
8774877201 1 4496752657
8774877201 1 4496752660
8774877201 1 8791719953
8774877201 1 8791719956
8791523345 1 8791523351
8791523345 2 8791588884
8791523345 2 8791588887
8791523348 1 8791523351
8791588881 13 8791588887
8791588881 6 8791654417
8791588881 14 8791654420
8791588881 8 8791654423
8791588884 11 8791588887
8791654417 7 4496752657
8791654417 7 4496752660
8791654417 1 8791654420
8791654417 15 8791654423
8791654417 12 8791719953
8791654417 15 8791719956
8791654417 3 8791719959
8791654420 7 8791654423
8791719953 4 4496818193
8791719953 4 4496818196
8791719953 5 8791719959
8791719953 13 8791785489
8791719953 14 8791785492
8791719953 1 8791785495
8791719956 2 8791719959
8791785489 8 4496883729
8791785489 8 4496883732
8791785489 1 8791785495
8791785489 6 8791851025
8791785489 6 8791851028
8791851025 6 4496949265
8791851025 6 4496949268
17349476412 1 13037928476
21544435800 1 21544566862
25856114742 1 21544566862
25954877504 1 4496949257
25954877504 1 47414509738
25954877505 1 47414509738
34461779118 1 21544435800
34478490363 1 34461779118
34478490364 1 34461779118
34529476733 1 30234640501
38790103314 1 38790169014
38790169014 1 34478490363
43117707362 1 4496621588
43117707362 1 38790103314
