85197895 1 85197896
102040675 1 43051779605
118620564 1 4396876398
118686090 1 47363392190
118686147 1 118751859
118686148 1 118686204
118686203 1 118751937
118686204 1 118751937
118686204 1 13020430753
118686205 1 13020430753
118751859 1 118817586
118751861 1 118751862
118751937 1 102040675
118817281 1 118882905
118817491 1 118883152
118817586 1 47363523760
118882905 1 43068621556
118883152 1 118948910
118949220 1 118949221
134414493 1 47380037952
134414495 1 135397697
134414497 1 135397658
134414498 1 135397659
134414574 1 118686204
134414575 1 21610234115
134414576 1 21610234115
134414577 1 135397699
134414653 1 118620564
135397578 1 135463193
135397617 1 47380103560
135397618 1 135463193
135397618 1 135463252
135397618 1 135463305
135397619 1 135463252
135397620 1 135463252
135397657 1 47380103615
135397658 1 118686090
135397659 1 118686147
135397697 1 47363326512
135397699 1 118686148
135463193 2 47380169171
135463197 1 135528843
135463252 1 135528920
135463252 1 135528922
135463305 1 43068424814
135528689 1 135594194
135528843 1 135594397
135528844 1 135594397
135528920 1 118817281
135528922 1 4413784584
135594194 1 47380496480
135594195 1 47380496480
135594397 1 135659883
135659523 1 135659524
135659523 1 47380496480
135659883 1 47380365766
150995010 1 150995026
150995010 1 168034309
150995010 1 168034311
150995025 1 167837762
150995026 1 167837762
151060546 1 151126019
151060547 1 151126019
151060547 1 151126124
151060578 1 151126174
151060579 1 151126072
151126017 1 34512437377
151126019 1 17349869631
151126019 1 38807273617
151126019 1 43102372001
151126020 1 151191556
151126020 1 151191557
151126020 1 17349869631
151126070 1 151191553
151126070 1 151191631
151126071 1 151191632
151126071 1 151191634
151126072 1 151191634
151126072 1 151191712
151126072 1 13054902329
151126073 1 151191635
151126121 1 47379054904
151126122 1 134414493
151126122 1 47379054904
151126124 1 134414497
151126124 1 134414498
151126124 1 134414575
151126125 1 134414497
151126125 1 134414498
151126174 1 134414574
151126175 1 134414574
151126175 1 134414653
151191553 1 43085070575
151191556 1 135397617
151191557 1 135397578
151191631 1 47380037912
151191632 1 47380037912
151191634 2 135397618
151191635 1 135397618
151191712 1 135397657
151191713 1 135397657
151257095 1 168361992
151257096 1 4463329291
152174633 1 152240129
152174633 1 43102240929
152174633 1 43102240932
152174634 1 152240129
152174634 1 17349738558
152174713 1 43102240931
152174713 1 47396880496
152174715 1 152240245
152240129 1 38790692949
152240184 1 38790692949
152240245 1 4430495830
152895489 1 152895492
167772194 1 168034310
167772194 2 168034313
167772194 1 4481482770
167772194 1 4481744914
167772209 1 168034310
167772209 1 168034313
167772209 1 4481744917
167772210 1 4463001609
167772210 1 4481482770
167772210 2 4481744914
167772210 1 4481744917
167772225 1 151060546
167772225 1 151257095
167772226 1 151060546
167772242 1 151060579
167772242 1 151257096
167837698 1 151126017
167837699 1 151126020
167837699 1 151126072
167837730 1 134414495
167837730 1 151126070
167837730 2 151126071
167837730 1 151126121
167837731 1 134414495
167837731 2 151126019
167837731 1 151126071
167837762 1 151126070
167837762 1 151126122
167837762 1 151126175
167837762 1 17366646849
167837763 1 151126070
167837763 1 151126124
168034309 1 168099845
168034310 1 168099846
168034310 1 168099849
168034310 1 184877065
168034313 1 184877065
168099845 1 168165381
168099846 1 168165382
168099846 1 168165385
168099846 1 4481744914
168165381 1 168296453
168165382 1 185008138
168165385 1 168230922
168230922 1 168296458
168230922 1 168296459
168296453 1 185139207
168296453 1 185139208
168296458 1 4480106506
168296458 1 4480106507
168361992 1 4480172047
169476097 1 43102503078
169738242 1 4481613842
169738252 1 169738255
169738252 1 169869324
169738255 1 169869324
169869324 2 170000392
169869324 1 4481744920
184549378 1 4479778825
184549378 1 4479778828
184549378 1 4481744917
184549393 1 184811526
184549393 1 184811529
184549393 1 4481744920
184549394 2 184811526
184549394 2 184811529
184549394 1 4479778825
184549394 2 4481744914
184549394 1 4481744917
184549394 1 4481744920
184549409 4 184811526
184549409 4 184811529
184549409 1 4481744917
184549409 2 4481744920
184549409 1 4481744923
184549410 2 184811526
184549410 4 184811529
184549410 1 186777612
184549410 3 4479778825
184549410 2 4479778828
184549410 1 4481613842
184549410 4 4481744917
184549410 3 4481744920
184549410 1 4481744923
184549426 1 4481613842
184811521 1 184811526
184811521 1 184877060
184811521 1 184877062
184811524 1 170000392
184811524 1 170000396
184811524 1 184811526
184811524 2 184877062
184811524 1 184877065
184811526 1 170000392
184811526 1 170000396
184811526 8 184811529
184811526 29 184811532
184811526 24 184877062
184811526 54 184877065
184811526 17 184877068
184811526 5 4479844361
184811526 3 4479844364
184811526 7 4481744914
184811526 4 4481744917
184811526 2 4481744920
184811529 26 184811532
184811529 3 184877065
184811529 4 4479844361
184811529 11 4481744914
184811529 6 4481744917
184811529 2 4481744920
184811532 3 4481744914
184877060 1 184942598
184877060 1 184942601
184877062 18 184877068
184877062 12 184942598
184877062 40 184942601
184877062 8 184942604
184877062 1 4479909894
184877062 3 4479909897
184877062 3 4479909900
184877065 14 184942601
184877065 4 4479909897
184942598 5 184942604
184942598 2 185008134
184942598 16 185008137
184942598 2 4479975433
184942601 23 185008137
184942601 2 185008138
184942601 1 185008139
184942601 1 185073674
184942601 1 185073675
184942601 9 4479975433
184942601 1 4479975434
184942601 2 4479975435
185008134 1 185073673
185008134 1 185073674
185008137 18 185073673
185008137 5 185073674
185008137 5 185073675
185008137 9 4480040969
185008137 4 4480040970
185008137 4 4480040971
185008137 1 4480106505
185008138 2 185073674
185008138 2 185073675
185008138 1 4480040970
185008138 1 4480040971
185073673 3 185139209
185073673 6 185139210
185073673 6 185139211
185073673 6 4480106505
185073673 3 4480106506
185073673 3 4480106507
185073673 1 4480172042
185073673 1 4480172043
185073674 3 185139210
185073674 3 185139211
185073674 5 4480106506
185073674 5 4480106507
185073674 1 4480172043
185139207 1 4480172041
185139209 3 4480172041
185139210 7 4480172042
185139210 9 4480172043
186515468 1 186646540
186515471 2 186646540
186515471 1 186646543
186646540 1 170000396
186646540 1 186646543
186646540 2 186777608
186646540 2 186777612
186646543 1 170000399
186646543 5 186777612
186646543 11 186777615
201588742 1 184877065
201588742 1 184877068
201588742 1 201588748
201588745 1 201588748
201785348 1 201785353
201785348 1 4480040974
201785350 1 201785356
201785350 1 201850889
201785353 1 201785356
201850889 1 4496883721
4396876398 1 85197895
4396876398 1 4396942415
4396942415 1 8675198681
4413587783 1 8708620802
4413587862 1 4396876398
4413653390 1 118751861
4413653449 1 4413719163
4413653449 1 4413719244
4413653450 1 4413719163
4413719082 1 118817491
4413719083 1 118817491
4413719086 1 4413784694
4413719163 1 4413784893
4413719163 1 4413784998
4413719164 1 4413784893
4413719164 1 4413784894
4413719165 1 4413784894
4413719244 1 8708752402
4413784584 1 4413850214
4413784586 1 4413784687
4413784686 1 4413850214
4413784694 1 8708817643
4413784893 1 4413850692
4413784894 1 4413850574
4413784998 1 8692106919
4413850093 1 118948460
4413850214 1 4413915919
4413850574 1 118949220
4413850692 1 118949217
4413850694 1 118949220
4429316261 1 4429382034
4429381797 1 4430364958
4429381798 1 4430364957
4429381798 1 4430364958
4429381799 1 4430364957
4429381802 1 8725332256
4429381878 1 4413587783
4429382034 1 4413587862
4430364878 1 4430430497
4430364916 1 135463197
4430364917 1 4430430551
4430364918 1 4430430551
4430364919 1 4430430553
4430364957 1 4413653390
4430364957 2 4430430607
4430364958 1 4413653449
4430364958 1 4430430610
4430364998 1 4413653449
4430364999 1 4413653449
4430365000 1 4413653449
4430430385 1 4430495908
4430430438 1 135528689
4430430439 1 135528689
4430430441 1 4430495989
4430430497 1 8725463445
4430430551 1 4413719082
4430430553 1 4430496146
4430430554 1 4430496146
4430430607 1 4413719086
4430430607 1 4413719163
4430430610 1 4413719164
4430430610 1 8708686465
4430495830 1 4430561293
4430495834 1 8725921813
4430495913 1 4413784586
4430495914 1 4413784586
4430495989 1 4430561396
4430495990 1 4430561396
4430496146 1 4430561803
4430561293 1 4430823440
4430561396 1 4430823435
4430561803 1 4413850093
4430626831 1 4430823435
4446027845 1 4446093425
4446027846 1 8741060722
4446027877 1 4429316261
4446027878 1 4429316261
4446093318 1 4446158935
4446093318 1 4446158936
4446093318 1 4447142054
4446093319 1 4446158856
4446093319 1 4446158858
4446093319 1 4447142054
4446093321 1 4446158862
4446093321 1 8742502436
4446093370 1 4446158934
4446093370 1 4446158935
4446093371 1 4446158935
4446093372 1 4446158860
4446093372 1 4446158937
4446093374 1 4446158940
4446093421 1 134414577
4446093421 1 4446159012
4446093422 1 4429381797
4446093423 1 4429381798
4446093424 1 4429381798
4446093424 1 4429381878
4446093425 1 4429381802
4446158858 1 4430364878
4446158860 1 4447142095
4446158861 1 4447142095
4446158862 1 8725332176
4446158934 1 135397620
4446158935 1 4430364916
4446158935 1 4430364957
4446158936 1 4430364958
4446158937 1 4430364917
4446158940 1 4430364919
4446159012 1 4430364957
4447141934 1 4447207431
4447141934 1 4447207432
4447141934 1 4447207434
4447141934 2 4447535120
4447141934 1 8742502432
4447142053 1 4430430438
4447142053 1 8725528704
4447142054 1 4447207600
4447142055 1 4447142096
4447142056 1 4430430385
4447142093 1 8725528704
4447142095 1 4430430441
4447142096 1 4430430385
4447207431 1 4447207488
4447207432 1 135987206
4447207434 1 13037797402
4447207487 1 135987206
4447207488 1 135987206
4447207600 1 4430495834
4447666194 1 43102699615
4462739491 1 4479778830
4462739491 1 4481744917
4462739506 1 186515471
4462739506 1 186777612
4462739506 4 4463001609
4462739506 13 4463001612
4462739506 8 4463001614
4462739506 1 4479778825
4462739506 9 4479778828
4462739506 5 4479778830
4462739506 1 4481613842
4462739506 1 4481744911
4462739506 4 4481744914
4462739506 2 4481744917
4462739506 7 4481744920
4462739506 3 4481744923
4462739507 1 186777612
4462739507 5 4463001614
4462739507 5 4463001617
4462739507 2 4479778830
4462739507 6 4479778833
4462739507 1 4479778836
4462739507 3 4481744914
4462739507 2 4481744917
4462739507 3 4481744920
4462739507 4 4481744923
4462739507 3 4481744926
4462739507 2 8776712222
4462739507 1 8776712226
4462739507 1 8776712229
4462739522 1 186777608
4462739522 2 4463001609
4462739522 6 4463001612
4462739522 1 4463001614
4462739522 2 4481744914
4462739522 2 4481744917
4462739522 1 4481744923
4462739523 1 186777608
4462804996 1 151126020
4462804996 2 4446093318
4462804996 1 4446093319
4462804997 2 4446093319
4462804997 1 4446093321
4462804997 2 4447142053
4462804998 1 4446093321
4462804998 1 8741060618
4462805028 1 151126072
4462805028 1 151126073
4462805028 1 151126124
4462805028 1 4446093318
4462805028 2 4446093370
4462805028 1 4446093422
4462805029 1 4446093370
4462805029 2 4446093372
4462805030 1 4446093321
4462805030 1 4446093374
4462805030 1 8741060618
4462805030 2 8741060670
4462805060 2 4446093421
4462805061 1 4446093423
4462805061 1 4446093424
4463001609 6 4463067145
4463001609 4 4463067148
4463001609 1 4479844364
4463001612 7 4463067148
4463001612 2 4463067150
4463001612 5 4479844364
4463001612 4 4479844366
4463001612 1 4481613845
4463001614 7 4463067150
4463001614 3 4463067153
4463001614 1 4479844366
4463001614 1 4479844369
4463001614 1 4481613845
4463001614 1 4481744914
4463001617 5 4463067153
4463001617 2 4463067156
4463001617 1 4479844369
4463001617 1 4479844372
4463001617 1 4481744920
4463001617 1 4481744923
4463001620 1 4481744920
4463001620 1 4481744923
4463067145 4 4463132681
4463067145 3 4463132684
4463067145 1 4479909897
4463067145 1 4479909900
4463067148 6 4463132684
4463067148 1 4463198219
4463067148 1 4463198221
4463067150 4 4463132686
4463067150 4 4479909902
4463067150 1 4479909905
4463067153 5 4463132689
4463067153 1 4463132692
4463067153 1 4479909905
4463132681 1 4463198218
4463132681 4 4463198219
4463132681 2 4463198221
4463132681 1 4479975441
4463132681 1 4479975444
4463132684 1 4463198219
4463132684 4 4463198221
4463132684 2 4463198223
4463132684 2 4479975437
4463132684 2 4479975439
4463132686 3 4463198224
4463132686 2 4463198226
4463132686 1 4479975440
4463132686 1 4479975442
4463132689 4 4463198227
4463132689 2 4463198229
4463132689 2 4479975442
4463132689 2 4479975443
4463198218 1 4463263755
4463198219 4 4463263755
4463198219 4 4463263757
4463198221 1 4463263757
4463198221 2 4480040973
4463198221 1 4480040975
4463198224 1 4463263760
4463198224 2 4480040976
4463198224 2 4480040978
4463198227 2 4463263763
4463198227 2 4480040979
4463263755 4 4463329291
4463263755 1 4463329293
4463263755 1 4480106507
4463263757 1 4463329293
4463263757 1 4480106509
4463263760 1 4463329296
4463263760 1 4480106511
4463263760 1 4480106512
4463263763 1 4463329299
4463263763 1 4480106515
4463329291 4 4480172043
4463329291 1 4480172045
4463329291 1 4480172050
4463329293 1 4480172045
4463329296 1 4480172050
4463329299 1 4480172051
4464312341 1 152698893
4464312341 1 152895489
4464705554 1 4464836626
4464705563 1 4464836635
4464705563 1 4464836638
4464705566 1 4464836635
4464836626 1 4464967698
4464836635 2 4464967707
4464836638 1 4464967710
4479516674 2 167837699
4479516674 2 167837730
4479516674 1 4462804996
4479516674 1 4462804997
4479516674 1 8757772296
4479516674 1 47412477984
4479516675 1 170000399
4479516675 4 4462804996
4479516675 4 4462804997
4479516675 1 4462804998
4479516675 1 4479516691
4479516675 2 4479778828
4479516675 4 4479778830
4479516675 3 4479778833
4479516675 1 4479778836
4479516675 1 4481744914
4479516675 1 4481744926
4479516675 1 8757772297
4479516675 1 30216945853
4479516675 1 34527576089
4479516690 1 167837698
4479516690 2 167837730
4479516690 1 167837762
4479516690 1 170000399
4479516690 1 186777612
4479516690 1 4462805028
4479516690 1 4462805029
4479516690 1 4462805060
4479516690 1 4464967710
4479516690 1 4479516691
4479516690 5 4479778825
4479516690 13 4479778828
4479516690 8 4479778830
4479516690 1 4481744911
4479516690 2 4481744914
4479516690 2 4481744917
4479516690 1 4481744920
4479516690 1 4481744923
4479516690 1 4481744926
4479516690 1 8776712226
4479516691 1 186777612
4479516691 3 4462805028
4479516691 1 4462805029
4479516691 4 4462805030
4479516691 1 4462805060
4479516691 1 4464967710
4479516691 5 4479778828
4479516691 15 4479778830
4479516691 15 4479778833
4479516691 4 4479778836
4479516691 3 4481744914
4479516691 5 4481744917
4479516691 7 4481744920
4479516691 2 4481744923
4479516691 3 4481744926
4479516691 1 8757772326
4479516691 1 8759935006
4479516691 1 8776712222
4479516691 1 8776712226
4479516706 1 151060578
4479516706 2 167837730
4479516706 1 167837731
4479516706 2 167837762
4479516706 1 167837763
4479516706 1 186777608
4479516706 1 186777612
4479516706 3 186777615
4479516706 1 4446027845
4479516706 1 4446027846
4479516706 1 4446027877
4479516706 1 4462805028
4479516706 1 4462805029
4479516706 2 4462805061
4479516706 1 4464967698
4479516706 1 4479516707
4479516706 2 4479516722
4479516706 21 4479778825
4479516706 40 4479778828
4479516706 21 4479778830
4479516706 1 4481613842
4479516706 5 4481744911
4479516706 14 4481744914
4479516706 9 4481744917
4479516706 5 4481744920
4479516706 2 4481744923
4479516706 2 8776712222
4479516706 3 8776712226
4479516707 1 151060547
4479516707 2 167837731
4479516707 1 167837762
4479516707 1 186777608
4479516707 1 186777615
4479516707 1 4446027846
4479516707 1 4446027877
4479516707 2 4462805028
4479516707 1 4462805030
4479516707 1 4462805060
4479516707 2 4462805061
4479516707 25 4479778830
4479516707 25 4479778833
4479516707 5 4479778836
4479516707 2 4481744911
4479516707 6 4481744914
4479516707 9 4481744917
4479516707 6 4481744920
4479516707 9 4481744923
4479516707 5 4481744926
4479516707 2 8740995144
4479516707 1 8757772327
4479516707 1 8759935010
4479516707 2 8776712222
4479516707 2 8776712226
4479516707 1 13035962441
4479516722 1 4446027845
4479516722 1 4479778828
4479516722 1 4479778830
4479516722 2 4481744914
4479516722 1 4481744917
4479516722 1 8776712226
4479516723 1 4481744923
4479516723 2 4481744926
4479516723 1 8740995175
4479778822 33 4479778828
4479778822 32 4479844361
4479778822 32 4479844364
4479778825 1 152174715
4479778825 2 186777612
4479778825 10 186777615
4479778825 95 4479778828
4479778825 73 4479778830
4479778825 155 4479844361
4479778825 205 4479844364
4479778825 48 4479844366
4479778825 4 4481744911
4479778825 13 4481744914
4479778825 13 4481744917
4479778825 8 4481744920
4479778825 4 4481744923
4479778825 1 17332043913
4479778828 5 186777612
4479778828 17 186777615
4479778828 142 4479778830
4479778828 99 4479778833
4479778828 227 4479844364
4479778828 286 4479844366
4479778828 64 4479844369
4479778828 1 4481613848
4479778828 9 4481744911
4479778828 41 4481744914
4479778828 28 4481744917
4479778828 29 4481744920
4479778828 8 4481744923
4479778828 3 4481744926
4479778828 2 8776712222
4479778828 2 8776712226
4479778828 1 47396814969
4479778830 3 186777612
4479778830 9 186777615
4479778830 186 4479778833
4479778830 88 4479778836
4479778830 1 4479844364
4479778830 235 4479844366
4479778830 255 4479844369
4479778830 61 4479844372
4479778830 1 4479909902
4479778830 2 4481613851
4479778830 2 4481613854
4479778830 6 4481744911
4479778830 30 4481744914
4479778830 36 4481744917
4479778830 35 4481744920
4479778830 20 4481744923
4479778830 19 4481744926
4479778830 10 8776712222
4479778830 6 8776712226
4479778830 2 8776712229
4479778830 1 47396814969
4479778833 1 186777608
4479778833 2 186777615
4479778833 101 4479778836
4479778833 3 4479844366
4479778833 86 4479844369
4479778833 45 4479844372
4479778833 2 4481613851
4479778833 1 4481613854
4479778833 1 4481744911
4479778833 4 4481744914
4479778833 17 4481744917
4479778833 20 4481744920
4479778833 25 4481744923
4479778833 22 4481744926
4479778833 1 8742109314
4479778833 1 8774746135
4479778833 1 8776581150
4479778833 12 8776712222
4479778833 10 8776712226
4479778833 2 8776712229
4479778836 1 186777608
4479778836 3 4481744917
4479778836 5 4481744920
4479778836 10 4481744923
4479778836 5 4481744926
4479778836 1 8742109314
4479778836 1 8776581150
4479778836 2 8776712222
4479778836 3 8776712226
4479844358 6 4479844364
4479844358 6 4479909897
4479844358 6 4479909900
4479844361 1 4447535120
4479844361 2 4479844364
4479844361 40 4479844366
4479844361 190 4479909897
4479844361 196 4479909900
4479844361 18 4479909902
4479844361 1 4480040971
4479844361 1 8742502432
4479844364 1 170000392
4479844364 1 4447535120
4479844364 47 4479844369
4479844364 2 4479909897
4479844364 256 4479909900
4479844364 236 4479909902
4479844364 24 4479909905
4479844364 1 4479975439
4479844364 1 4481744917
4479844364 2 4481744923
4479844364 1 8742502432
4479844366 1 170000392
4479844366 38 4479844372
4479844366 1 4479909900
4479844366 251 4479909902
4479844366 219 4479909905
4479844366 26 4479909908
4479844366 2 4479975441
4479844366 1 4481744917
4479844366 2 4481744923
4479844369 1 4447535120
4479844369 1 4463132681
4479844369 1 4479909902
4479844369 131 4479909905
4479844369 55 4479909908
4479844369 1 4480040978
4479844369 1 4480040979
4479844369 1 4481744917
4479844372 2 4479909905
4479844372 1 4479909908
4479844372 1 4481744917
4479909894 1 4479909900
4479909894 2 4479975433
4479909894 2 4479975436
4479909897 6 4479909902
4479909897 162 4479975433
4479909897 1 4479975434
4479909897 3 4479975435
4479909897 157 4479975436
4479909897 2 4479975438
4479909897 1 4480040971
4479909897 1 43102240929
4479909900 5 4479909905
4479909900 1 4479975433
4479909900 5 4479975435
4479909900 241 4479975436
4479909900 17 4479975437
4479909900 174 4479975438
4479909900 12 4479975439
4479909900 1 4479975440
4479909900 1 4479975441
4479909900 3 4480040973
4479909900 4 4480040975
4479909900 1 4480040976
4479909900 1 4481744923
4479909900 1 43102240929
4479909902 15 4479909908
4479909902 4 4479975436
4479909902 253 4479975438
4479909902 12 4479975439
4479909902 21 4479975440
4479909902 170 4479975441
4479909902 7 4479975442
4479909902 1 4479975444
4479909902 1 4480040975
4479909902 5 4480040976
4479909902 1 4480040978
4479909902 1 4481744923
4479909905 1 4479909908
4479909905 1 4479975438
4479909905 2 4479975440
4479909905 162 4479975441
4479909905 9 4479975442
4479909905 7 4479975443
4479909905 48 4479975444
4479909905 7 4480040978
4479909905 12 4480040979
4479909905 1 38807273618
4479909908 1 4479975441
4479975433 1 4479975436
4479975433 127 4480040969
4479975433 7 4480040970
4479975433 25 4480040971
4479975433 99 4480040972
4479975433 6 4480040973
4479975433 1 4480106506
4479975433 2 4480106507
4479975433 1 4480106509
4479975434 1 4480040971
4479975435 6 4480040971
4479975435 5 4480040973
4479975436 1 186777615
4479975436 3 4480040969
4479975436 23 4480040971
4479975436 184 4480040972
4479975436 51 4480040973
4479975436 108 4480040974
4479975436 25 4480040975
4479975436 1 4480040976
4479975436 8 4480106509
4479975436 1 4480106510
4479975436 10 4480106511
4479975436 1 4480106512
4479975436 1 4481744917
4479975437 11 4480040973
4479975437 10 4480040975
4479975438 1 4480040972
4479975438 194 4480040974
4479975438 32 4480040975
4479975438 55 4480040976
4479975438 98 4480040977
4479975438 22 4480040978
4479975438 1 4480106509
4479975438 4 4480106511
4479975438 6 4480106512
4479975438 3 4480106514
4479975439 1 4463263760
4479975439 1 4480040973
4479975439 11 4480040975
4479975439 9 4480040976
4479975440 13 4480040976
4479975440 8 4480040978
4479975441 2 4480040974
4479975441 3 4480040976
4479975441 154 4480040977
4479975441 34 4480040978
4479975441 34 4480040979
4479975441 33 4480040980
4479975441 3 4480040981
4479975441 1 4480106512
4479975441 1 4480106513
4479975441 3 4480106514
4479975441 7 4480106515
4479975441 1 4480172050
4479975441 1 4480172051
4479975442 1 4480040976
4479975442 10 4480040978
4479975442 5 4480040979
4479975443 2 4480040979
4480040969 83 4480106505
4480040969 9 4480106506
4480040969 29 4480106507
4480040969 49 4480106508
4480040969 6 4480106509
4480040969 3 4480172043
4480040969 1 4480172044
4480040969 2 4480172045
4480040970 2 4480106506
4480040970 12 4480106507
4480040971 1 4480106506
4480040971 39 4480106507
4480040971 26 4480106509
4480040972 15 4480106507
4480040972 114 4480106508
4480040972 45 4480106509
4480040972 50 4480106510
4480040972 34 4480106511
4480040972 2 4480106512
4480040972 1 4480172043
4480040972 4 4480172045
4480040972 2 4480172047
4480040972 1 4480172048
4480040973 41 4480106509
4480040973 22 4480106511
4480040974 4 4480106508
4480040974 138 4480106510
4480040974 29 4480106511
4480040974 52 4480106512
4480040974 48 4480106513
4480040974 25 4480106514
4480040974 1 4480172046
4480040974 8 4480172047
4480040974 8 4480172048
4480040974 2 4480172050
4480040975 2 4480106509
4480040975 45 4480106511
4480040975 30 4480106512
4480040976 1 152698893
4480040976 3 4480106511
4480040976 39 4480106512
4480040976 26 4480106514
4480040976 2 4480172048
4480040977 2 4480106510
4480040977 3 4480106512
4480040977 118 4480106513
4480040977 38 4480106514
4480040977 44 4480106515
4480040977 25 4480106516
4480040977 5 4480106517
4480040977 1 4480172048
4480040977 4 4480172050
4480040977 6 4480172051
4480040977 1 4480172053
4480040978 4 4480106512
4480040978 42 4480106514
4480040978 20 4480106515
4480040979 1 4464967707
4480040979 3 4480106514
4480040979 27 4480106515
4480040979 1 4480106517
4480040979 1 4480172051
4480040981 1 4480106515
4480106505 49 4480172041
4480106505 6 4480172042
4480106505 27 4480172043
4480106505 14 4480172044
4480106505 5 4480172045
4480106506 1 185204747
4480106506 7 4480172042
4480106506 20 4480172043
4480106507 1 186777612
4480106507 1 4480172042
4480106507 76 4480172043
4480106507 23 4480172045
4480106508 16 4480172043
4480106508 66 4480172044
4480106508 47 4480172045
4480106508 21 4480172046
4480106508 29 4480172047
4480106508 5 4480172048
4480106508 1 8742174787
4480106508 1 17349214273
4480106509 2 4480172043
4480106509 86 4480172045
4480106509 26 4480172047
4480106509 1 4481744920
4480106510 1 4480172044
4480106510 75 4480172046
4480106510 19 4480172047
4480106510 51 4480172048
4480106510 17 4480172049
4480106510 26 4480172050
4480106510 1 17349214273
4480106511 4 4480172045
4480106511 90 4480172047
4480106511 41 4480172048
4480106511 1 4481744917
4480106511 1 4481744920
4480106511 1 8759935010
4480106512 3 4480172047
4480106512 73 4480172048
4480106512 36 4480172050
4480106512 1 8742174732
4480106513 4 4480172048
4480106513 75 4480172049
4480106513 31 4480172050
4480106513 39 4480172051
4480106513 15 4480172052
4480106513 6 4480172053
4480106514 4 4480172048
4480106514 88 4480172050
4480106514 39 4480172051
4480106515 4 4480172050
4480106515 64 4480172051
4480106515 9 4480172053
4480106516 1 4480172051
4480172043 1 13037076614
4480172046 1 43119542426
4480172047 1 21644443731
4481482767 1 186646543
4481482767 1 4481482770
4481482770 1 4481482773
4481482770 1 4481613839
4481482770 7 4481613842
4481482770 1 4481613845
4481482773 3 4481613845
4481482776 1 4481613845
4481482776 4 4481613848
4481482779 1 4481482782
4481482779 4 4481613851
4481482779 3 4481613854
4481482782 1 4481613854
4481613839 1 186777615
4481613839 7 4481613842
4481613839 8 4481744911
4481613839 2 4481744914
4481613842 6 4481613845
4481613842 5 4481744911
4481613842 43 4481744914
4481613842 7 4481744917
4481613845 5 4481613848
4481613845 9 4481744914
4481613845 52 4481744917
4481613845 9 4481744920
4481613848 5 4481613851
4481613848 9 4481744917
4481613848 39 4481744920
4481613848 9 4481744923
4481613851 6 4481613854
4481613851 3 4481744920
4481613851 35 4481744923
4481613851 7 4481744926
4481613854 1 4481744923
4481613854 19 4481744926
4481613854 1 8759935006
4481613854 6 8776712222
4481744911 3 4481744914
4481744914 8 4481744917
4481744917 2 4481744920
4481744920 7 4481744923
4481744923 3 4481744926
4496556038 4 4496556044
4496556038 4 4496621577
4496556038 4 4496621580
4496556041 1 4479844364
4496556041 1 4479844366
4496556041 4 4496556044
4496556041 1 4496556046
4496556044 1 4479844364
4496556044 6 4479844366
4496556044 5 4479844369
4496556044 6 4496556046
4496556044 12 4496556049
4496556044 4 4496621580
4496556044 11 4496621582
4496556044 6 4496621585
4496556046 3 4479844369
4496556046 3 4479844372
4496556046 12 4496556049
4496556046 13 4496556052
4496556046 1 4496621582
4496556046 10 4496621585
4496556046 9 4496621588
4496556049 13 4496556052
4496621574 1 4479909897
4496621574 1 4479909900
4496621574 1 4496621580
4496621577 1 4496621582
4496621577 3 4496687113
4496621577 4 4496687116
4496621577 1 4496687118
4496621580 5 4479909900
4496621580 5 4479909902
4496621580 1 4496621582
4496621580 6 4496621585
4496621580 2 4496687116
4496621580 5 4496687118
4496621580 3 4496687121
4496621582 1 4479909900
4496621582 3 4479909902
4496621582 2 4479909905
4496621582 1 4479909908
4496621582 1 4496621585
4496621582 7 4496621588
4496621582 6 4496687121
4496621582 6 4496687124
4496621585 1 4479909905
4496621585 1 4479909908
4496621585 1 4496687121
4496621585 1 4496687124
4496687113 1 4479975433
4496687113 1 4479975436
4496687113 1 4496687116
4496687113 2 4496752649
4496687113 3 4496752652
4496687113 1 4496752654
4496687116 2 4479975436
4496687116 2 4479975438
4496687116 3 4496687121
4496687116 2 4496752652
4496687116 4 4496752654
4496687116 2 4496752657
4496687118 1 4479975438
4496687118 1 4479975441
4496687118 5 4496687124
4496687118 2 4496752654
4496687118 4 4496752657
4496687118 2 4496752660
4496687121 1 4479975441
4496687121 1 4479975444
4496687121 2 4496752657
4496687121 2 4496752660
4496752649 1 4480040969
4496752649 1 4480040972
4496752649 1 4496818185
4496752649 1 4496818188
4496752652 2 4496752657
4496752652 3 4496818188
4496752652 5 4496818190
4496752654 1 4480040974
4496752654 1 4480040977
4496752654 1 4496818193
4496752657 3 4480040977
4496752657 2 4480040980
4496752657 1 4496818193
4496752657 1 4496818196
4496818185 1 4480106505
4496818185 1 4480106508
4496818188 1 4480106508
4496818188 1 4480106510
4496818188 1 4480106513
4496818188 1 4481744920
4496818188 1 4496818190
4496818188 3 4496883726
4496818190 1 4481744920
4496818190 2 4496883726
4496818193 2 4480106513
4496818193 1 4496883729
4496883721 1 4480172041
4496883726 5 4480172046
4496883729 1 4480172049
8675198681 1 8676245528
8676245528 1 12971343900
8691975289 1 8692041151
8692041151 1 12987074839
8708620802 1 8708686620
8708686390 1 13003719399
8708686468 1 13003719500
8708686620 1 8691975289
8708751893 1 13003784826
8708752304 1 8708818124
8708752305 1 8708818124
8708752402 1 8692041031
8708818124 1 8692106916
8724349104 1 13020299555
8724349177 1 4430364999
8724349178 1 8724349179
8725332176 1 8742109393
8725332217 1 8725397853
8725332256 1 4430430610
8725332256 1 8725397909
8725332257 1 8725397909
8725397741 1 8725463217
8725397741 1 8725463293
8725397742 1 47346680930
8725397853 1 8725463449
8725397909 1 8708686390
8725397909 1 8708686468
8725463214 1 13003785068
8725463217 1 13020496006
8725463293 1 8725528705
8725463295 1 13020496006
8725463445 1 8708751893
8725463449 1 13020496410
8725528704 1 4430823439
8725528705 1 13020561442
8725594139 1 4430823439
8725594264 1 4430823436
8725790738 1 8725921813
8740995144 2 8741060725
8740995175 1 8741060774
8741060618 1 8741126159
8741060618 1 8742109353
8741060619 1 8741126159
8741060670 1 8741126237
8741060670 2 8741126315
8741060722 1 8724349178
8741060725 1 8724349104
8741060725 1 13019316401
8741060726 1 13019316401
8741060774 1 8724349177
8741060774 1 8724349178
8741126159 1 4447142055
8741126159 1 8742109393
8741126160 1 4447142055
8741126237 1 8725332217
8741126315 1 8725332256
8741126315 1 8725332257
8741126316 1 8725332257
8742109312 1 8742174843
8742109312 1 8742502436
8742109314 1 8742174902
8742109353 1 8725397741
8742109393 1 8725397741
8742174732 1 4430495913
8742174787 1 4430495913
8742174787 1 8725463214
8742174843 1 8742830104
8742174902 1 13020430591
8742830104 1 8742830105
8757706803 3 4463001617
8757706803 2 4463001620
8757706803 1 4479778833
8757706803 1 4479778836
8757706803 1 4481744914
8757706803 1 4481744917
8757706803 3 4481744920
8757706803 2 4481744923
8757706803 2 8757968916
8757706803 1 8774746129
8757706803 3 8774746132
8757706804 1 4481744917
8757706804 2 4481744920
8757772296 1 13037076653
8757772297 1 8725397742
8757772326 1 8741060670
8757772327 1 8741060619
8757968916 1 8758034452
8757968916 1 8774811668
8758034452 1 4463132689
8758034452 1 4463132692
8759410722 1 8759410725
8759410722 1 8759541803
8759541803 1 13054640175
8774483972 1 8757772297
8774483972 1 34527576089
8774483987 2 4479778833
8774483987 2 4479778836
8774483987 1 4481744914
8774483987 2 4481744917
8774483987 1 8774746132
8774483988 1 4481744914
8774484003 1 4464967707
8774484003 2 4479778833
8774484003 2 4479778836
8774484003 1 4481744914
8774484003 2 4481744917
8774484003 1 4481744920
8774484003 1 8774746129
8774484003 3 8774746132
8774484004 1 4464967707
8774484004 1 4481744917
8774484004 1 4481744920
8774484019 1 4481744914
8774746129 7 4479844369
8774746129 8 4479844372
8774746129 1 4481744917
8774746129 4 4481744920
8774746129 7 4481744923
8774746129 1 4481744926
8774746129 10 8774746132
8774746129 21 8774746135
8774746129 35 8774811665
8774746129 36 8774811668
8774746129 3 8774811671
8774746132 1 4481744917
8774746132 6 4481744920
8774746132 10 4481744923
8774746132 1 4481744926
8774746132 24 8774746135
8774746132 11 8774811668
8774746132 3 8774811671
8774746132 1 8774877204
8774746135 1 4481744920
8774746135 3 4481744923
8774746135 1 8774746140
8774746135 1 8774811671
8774746135 1 8774811673
8774746137 1 8774746140
8774746140 1 4479844369
8774746140 1 30234509421
8774811665 5 4479909905
8774811665 5 4479909908
8774811665 3 8774811671
8774811665 30 8774877201
8774811665 33 8774877204
8774811665 1 8774877207
8774811668 1 8774811673
8774811668 14 8774877204
8774811668 2 8774877207
8774811671 1 8774877204
8774811671 1 8774877207
8774877201 9 4479975441
8774877201 8 4479975444
8774877201 1 8774877207
8774877201 20 8774942737
8774877201 22 8774942740
8774877204 4 8774942739
8774877204 13 8774942740
8774877204 5 8774942741
8774877204 1 8774942743
8774877204 1 38807273618
8774942737 10 4480040977
8774942737 10 4480040980
8774942737 9 8775008273
8774942737 10 8775008276
8774942739 1 4480040979
8774942739 1 4480040981
8774942739 3 8775008275
8774942739 3 8775008277
8774942740 2 4480040979
8774942740 1 4480040981
8774942740 2 4480106515
8774942740 2 4480106517
8774942740 3 8775008275
8774942740 7 8775008276
8774942740 3 8775008277
8774942740 1 8775073812
8774942741 1 8775008275
8774942741 1 8775008277
8775008273 6 4480106513
8775008273 5 4480106516
8775008273 2 8775073809
8775008273 3 8775073812
8775008275 5 4480106515
8775008275 3 4480106517
8775008275 2 8775073811
8775008275 2 8775073813
8775008276 1 4480106513
8775008276 1 4480106515
8775008276 2 4480106516
8775008276 1 4481744923
8775008276 1 4481744926
8775008276 6 8775073811
8775008276 1 8775073812
8775008276 6 8775073813
8775008279 1 4481744926
8775073809 2 4480172049
8775073809 2 4480172052
8775073811 8 4480172051
8775073811 6 4480172053
8775073812 3 4480172051
8775073812 3 4480172053
8776450078 1 8776581150
8776450082 1 8776581154
8776581150 1 8759935010
8776581150 1 8776581154
8776581150 5 8776712222
8776581150 10 8776712226
8776581154 1 8759935010
8776581154 1 8759935013
8776581154 2 8776712226
8776581154 2 8776712229
8776712222 2 8776712226
8791523345 1 4479844369
8791523345 1 4479844372
8791523345 1 8774811668
8791523345 1 8774811671
8791523345 3 8791523351
8791523345 1 8791588881
8791523345 1 8791588884
8791523348 1 8776712226
8791523348 2 8791523351
8791523351 1 8774811671
8791523351 1 8774811673
8791523351 1 8776712226
8791523351 1 8791523356
8791523353 1 4464705563
8791523356 1 4464705563
8791588881 1 4496687121
8791588881 1 4496687124
8791719953 1 4496818193
8791719953 1 4496818196
8791719953 1 8791719959
8791719956 1 4481744923
8791719959 1 4481744923
13003588049 1 13003653844
13003653844 1 8708752304
13003719302 1 17298752131
13003719399 1 13003785072
13003719500 1 13003785309
13003784709 1 17298817535
13003785068 1 13003785188
13003785309 1 17282041383
13019316401 1 13020299516
13019316402 1 13020299516
13019316482 1 13020299597
13020299516 1 13020365154
13020299555 1 13020365152
13020299597 1 13003588049
13020364986 1 13020430519
13020364987 1 13020430519
13020365152 1 13020430828
13020365153 1 13020430828
13020365154 1 13020430831
13020430518 1 13020496107
13020430519 1 13020496010
13020430591 1 13020496107
13020430596 1 13020496107
13020430597 1 13020496010
13020430753 1 13020496309
13020430754 1 13020496309
13020430828 1 13003719302
13020430831 1 17315463717
13020496006 1 17315856426
13020496008 1 8725790741
13020496009 1 8725790741
13020496010 1 17315528748
13020496107 1 4430823436
13020496107 1 13020561568
13020496108 1 4430823436
13020496309 1 13020496310
13020496410 1 13003784709
13020561443 1 8725790741
13020561443 1 13020561444
13035962441 1 13036028024
13036028024 1 13019316482
13036028076 1 13019316482
13037076614 1 13037142204
13037076653 1 13020364986
13037142204 1 13020430518
13037797402 1 13037797403
13054640175 1 13054771256
13054771255 1 13054902329
17298686506 1 17298752137
17298686507 1 17298752137
17298752131 1 17298817845
17298752137 1 17298817689
17315397817 1 13020496008
17315463717 1 17298752019
17315725348 1 17315856426
17332043913 1 17332109502
17332109502 1 17315397817
17349738558 1 17349869631
17381654570 1 4480040972
17381654570 1 4480040974
17381654570 1 17381654575
21610234115 1 21610299755
21610234116 1 21610299755
21610299755 1 21610365432
21610365432 1 17298686506
21644443731 1 25922830392
25905267114 1 25888555753
25905267115 1 25888555753
25905332503 1 25905332504
25937969214 1 17381654572
25937969214 1 17381654575
25937969214 1 43102503078
25937969216 1 43102503078
25939411047 1 30234509421
30200168714 1 25905267114
30200234245 1 25905332503
30200234246 1 25905332503
30216945853 1 30200234245
30216945893 1 30200234245
30232805451 1 30200168714
30232805451 1 34544615506
30232805451 1 34544615509
30232805452 1 30200168714
30249844807 1 4447666194
30249844807 1 4480106512
34446049356 1 34446180424
34446180424 1 34446180425
34461647449 1 34461647450
34478687696 1 34478687847
34495136016 1 38790168901
34510864424 1 34510929981
34510864425 1 34510929981
34510929981 1 34495136016
34527576089 1 34510864424
34544615503 1 4479909908
34544615503 1 34544615509
38773523030 1 43068555973
38773523130 1 38773588786
38773588786 1 34478687389
38773588906 1 34478687389
38773589033 1 34478687696
38790103392 1 34461647449
38790103393 1 34461647449
38790168901 1 38790234567
38790168902 1 38790234567
38790234567 1 38773523030
38790234648 1 38773523130
38790300145 1 38790300146
38790561875 1 43085660247
38805897362 1 38790103392
38805897362 1 47412674666
38807273614 1 34512437377
38824575119 1 4481744923
38824575119 1 38824575123
38856425559 1 201785350
38856425559 1 201785353
38856425559 1 13054771256
38856425565 1 13054771256
43051647832 1 43051713831
43051713831 1 43051779955
43051713832 1 43051779955
43051779955 1 34446049356
43051779956 1 34446049356
43068359103 1 43068424890
43068424814 1 43068490636
43068424890 1 43068490637
43068490636 1 43068490637
43068490637 1 38773589033
43068490643 1 43068556456
43068556456 1 38773655156
43068556457 1 38773655156
43085070575 1 43085136148
43085070613 1 43085136258
43085136148 1 38790234333
43085136258 1 38790234648
43085136259 1 38790234648
43085136262 1 43085201870
43085201635 1 43085201636
43085201870 1 38790300145
43085267447 1 43085267448
43085660247 1 169738242
43100799026 1 43100864585
43100864585 1 43085070613
43101847631 1 38807273618
43101847631 1 43101913141
43101847710 1 38807273614
43101847710 1 43101913251
43101847711 1 43101913251
43101913141 1 34495725645
43101913310 1 43085201635
43101913311 1 43085201635
43102240931 1 43102372001
43102568537 1 38807732312
43102568537 1 43102699607
43102699615 1 43102699616
43119411362 1 43119542426
47363326512 1 43051647832
47363392190 1 43068490643
47363523760 1 43068622468
47379054904 1 43068293519
47380037912 1 43085136206
47380037912 1 43085136262
47380037952 1 43068359103
47380103560 1 43085201950
47380169171 1 43085267447
47396814969 1 43101913310
47396815008 1 38807273617
47396815008 1 43101913253
47396815008 1 43101913310
47396815048 1 43101913253
47396880496 1 43102699607
47412477984 1 43100799026
47412674666 1 4479844364
47414378664 1 169869324
