34668554 1 53084172
53084171 1 53215241
53084172 1 53215244
53215241 1 53346308
53215244 1 53346312
53215246 1 53346317
67240565 1 101843425
68289276 1 69468166
68289314 1 68355169
68289315 1 68355169
68355169 1 43034871317
68421150 1 69468167
68421151 1 69468167
69468166 1 47314239654
69468171 1 69599235
69795841 1 69795842
85066252 1 85131996
85066291 1 85132051
85066291 1 85132106
85066332 1 85132108
85066332 1 85132164
85131996 1 101975031
85131997 1 47346615363
85132051 1 85197894
85132106 1 47329838303
85132107 1 47329838303
85132108 1 85197973
85132164 1 85198129
85197894 1 47346681337
85197973 1 85263969
85197974 1 85263969
85197975 1 85263970
85197976 1 85263970
85198129 1 85264275
85263970 1 43035002986
85263971 1 43035002986
85264275 1 43035983963
85264385 1 4364566550
85264386 1 4364566550
101843425 1 47346549352
101843426 1 47346549352
101909157 1 101974878
101974878 1 102040574
101974879 1 102040574
101975031 1 101975032
101975033 1 101975034
102040574 1 47363523758
102040778 1 102040779
102106654 1 102106655
102173218 1 102173219
118817591 1 118883028
118883028 1 43068621404
4312727569 1 4312793105
4312727572 1 4312793105
4312793105 1 4312858641
4312793108 1 4312858641
4312858641 1 4312858644
4329242641 3 4329308177
4329242641 1 4329308180
4329242644 3 4329308177
4329242644 1 4329308180
4329308177 11 4329373713
4329308180 11 4329373713
4329373710 1 4329439244
4329373713 1 4329439244
4329373713 15 4329439249
4329373713 3 4329439251
4329373713 1 4329504786
4329373713 1 4329504787
4329373716 15 4329439249
4329373716 3 4329439251
4329439244 1 4329504780
4329439246 1 4329504780
4329439249 20 4329504785
4329439249 3 4329504787
4329439251 1 4329504786
4329439251 2 4329504787
4329439252 18 4329504785
4329439252 1 4329504787
4329439253 1 4329504787
4329504780 1 4329570315
4329504785 12 4329570321
4329504785 4 4329570322
4329504785 7 4329570323
4329504785 2 4329635858
4329504785 2 4329635859
4329504786 2 4329570322
4329504787 1 4329570322
4329504787 8 4329570323
4329504788 10 4329570321
4329504788 6 4329570323
4329504788 1 4329635858
4329504788 2 4329635859
4329504789 5 4329570323
4329570315 1 34668554
4329570321 10 4329635857
4329570321 5 4329635859
4329570322 1 4329635856
4329570322 5 4329635858
4329570323 6 4329635858
4329570323 23 4329635859
4329570323 1 4346413075
4329570324 6 4329635857
4329570324 2 4329635859
4329570325 16 4329635859
4329635856 1 4331405330
4329635857 4 4329635860
4329635858 3 4329635859
4329635858 1 4331405333
4329635858 2 4331405336
4329635858 1 4331536405
4329635858 1 4331536408
4329635859 4 4329635861
4329635859 1 4331274270
4329635859 1 4331405333
4329635859 2 4331405336
4329635859 9 4331405339
4329635859 2 4331405342
4329635859 5 4331536408
4329635859 10 4331536411
4329635859 2 4331536414
4329635861 1 4331405339
4329635861 1 4331405342
4329635861 3 4331536411
4329635861 1 4331536414
4331274270 1 4331405339
4331405333 1 4331536405
4331405336 1 4331536405
4331405336 3 4331536408
4331405339 3 4331536408
4331405339 13 4331536411
4331405342 12 4331536411
4331405342 5 4331536414
4331536408 1 4331536411
4331536411 5 4331536414
4345364837 1 4362207811
4345364837 1 4362207863
4345364868 1 4362207862
4345364869 1 4362207862
4345364869 3 4362207863
4345364869 1 4362273711
4345364870 1 4362207863
4345364870 1 4362207864
4345364900 1 67240565
4345364901 1 4362207915
4345364901 1 4362797072
4345430700 1 12953256904
4346019857 1 4346085393
4346085391 1 68289276
4346085392 1 68289276
4346085393 1 4346150930
4346085393 3 4346150931
4346085395 1 4363256534
4346085396 3 4346150931
4346150930 1 4346216466
4346150931 1 4346216466
4346150931 4 4346216467
4346150933 2 4346216467
4346216466 2 4346282002
4346216467 2 4346282002
4346216467 6 4346282003
4346216467 1 4347789333
4346216467 1 4347789336
4346216469 3 4346282003
4346282002 1 4346347536
4346282002 2 4347920405
4346282003 6 4346347539
4346282003 1 4347920408
4346282003 1 4347920411
4346282005 3 4346347539
4346347536 1 4348051477
4346347539 1 4346413075
4346347539 3 4347920411
4346347539 3 4348051483
4346413075 2 4348051483
4347789333 1 4347920399
4347789336 1 4347920405
4347789342 1 4347920411
4347920399 1 53084171
4347920402 1 53084171
4347920405 1 4348051473
4347920405 1 4348051474
4347920405 1 4348051477
4347920408 1 4348051477
4347920408 1 4348051480
4347920411 2 4348051480
4347920411 1 4348051482
4347920411 3 4348051483
4348051473 1 53215246
4348051474 1 4348182546
4348051477 2 4348182546
4348051480 1 4348182549
4348051480 2 4348182552
4348051482 1 4348182551
4348051483 1 4331405336
4348051483 1 4331405339
4348051483 3 4348182552
4348051483 4 4348182555
4348051486 1 4348182555
4348051486 2 4348182558
4348182546 1 53346318
4348182546 1 4348313617
4348182546 1 4348313618
4348182549 1 4348313620
4348182551 1 4348313625
4348182552 1 4348313620
4348182552 2 4348313623
4348182552 1 4348313624
4348182552 1 4348313626
4348182555 1 4348313624
4348182555 3 4348313626
4348182555 1 4348313629
4348182557 1 4348313628
4348182558 3 4348313627
4348182558 1 4348313629
4348182558 5 4348313630
4348313627 1 4348313630
4362207811 1 4379050851
4362207813 1 4379050777
4362207814 1 4379050777
4362207862 1 4362273635
4362207863 1 4362207915
4362207863 1 4362273635
4362207863 2 4362273713
4362207863 1 4362273790
4362207864 1 4362207916
4362207864 1 4362273713
4362207864 1 4362273715
4362207865 1 4362273716
4362207865 1 4379050854
4362207915 1 4362273791
4362207915 1 30148854669
4362207916 1 30148854669
4362207917 1 4363256454
4362273635 1 4380033549
4362273636 1 4380033549
4362273711 1 85066291
4362273712 1 85066291
4362273713 1 85066252
4362273713 1 85066332
4362273715 1 4380033589
4362273716 1 4380033549
4362273790 1 85066291
4362273791 1 85066332
4362273793 1 4380033589
4362797072 1 4363256495
4363256454 1 4380099519
4363256493 1 4363322304
4363256494 1 4363322304
4363256495 1 4363322360
4363256495 1 8658289715
4363256534 1 4363322415
4363256535 1 4363322417
4363256615 1 4364435486
4363322304 1 4380165512
4363322360 1 69468171
4363322360 1 4380165512
4363322415 1 68421150
4363322417 1 69468173
4364435483 1 4364566548
4364435486 1 4364566554
4364566550 1 8659664932
4364566553 1 4364763148
4364566554 1 4364697625
4364697625 1 4365025292
4364697629 1 70057990
4364697629 1 4364828697
4364763148 1 69926919
4364828697 1 4365156364
4365025292 1 4365156363
4379050777 1 4379050855
4379050778 1 4380033511
4379050851 1 4380033508
4379050854 1 4380033510
4379050855 1 4380033511
4379050855 1 4380033550
4380033508 1 101909157
4380033510 1 4396876399
4380033511 1 4396876457
4380033549 1 85131997
4380033549 1 4380099296
4380033550 1 4380099294
4380033551 1 4380099296
4380033589 1 4380099406
4380099294 1 101975033
4380099296 1 4396942256
4380099296 1 4396942338
4380099297 1 4396942334
4380099353 1 4396942334
4380099406 1 85197975
4380099466 1 4380165434
4380099519 1 4380165509
4380165279 1 4380231177
4380165280 1 4380231177
4380165434 1 4380231481
4380165509 1 85264385
4380165512 1 4380231588
4380231177 1 4397074318
4380231279 1 4397074318
4380231588 1 8675264888
4380297348 1 4380363611
4381409298 1 4381540365
4396876399 1 4413719315
4396876457 1 4396942259
4396942180 1 4396942181
4396942183 1 4396942184
4396942256 1 102040778
4396942259 1 4397007982
4396942338 1 4397008185
4396942338 1 4397008192
4397007982 1 4397073715
4397008185 1 102106654
4397008186 1 102106654
4397008191 1 4397073961
4397008192 1 8692041144
4397008292 1 4397074199
4397073715 1 102172154
4397073961 1 4397139912
4397074199 1 102172915
4397074200 1 102172915
4397074318 1 102173218
4397139912 1 4397139913
4413719315 1 118817591
4413719316 1 118817591
4413850818 1 4413850819
8607498257 4 8607498263
8607498260 3 8607563793
8607498260 2 8607563796
8607498263 1 8607498268
8607498263 3 8607563793
8607498263 2 8607563796
8607498263 2 8607563799
8607498265 1 8607563799
8607498265 2 8607563801
8607498268 2 8607563801
8607563793 2 8607563799
8607563793 2 8607629329
8607563796 2 8607629329
8607563796 8 8607629332
8607563799 8 8607629332
8607563799 6 8607629335
8607563801 1 8607563807
8607563801 5 8607629335
8607563801 4 8607629337
8607563804 5 8607629337
8607563807 1 8607629337
8607629329 1 4312727569
8607629329 1 8607694865
8607629332 1 4312727569
8607629332 1 8607694865
8607629332 9 8607694868
8607629332 2 8607694871
8607629335 1 8607629340
8607629335 9 8607694868
8607629335 9 8607694871
8607629337 7 8607694871
8607629337 5 8607694873
8607629337 1 12902662175
8607629340 5 8607694873
8607629340 1 12902662175
8607694865 1 8607760404
8607694868 10 8607760404
8607694871 9 8607760404
8607694871 9 8607760407
8607694871 1 8607760409
8607694873 7 8607760407
8607694873 7 8607760409
8607694876 6 8607760409
8607760404 9 8607825940
8607760404 1 8607825943
8607760407 8 8607825940
8607760407 10 8607825943
8607760407 1 8607825945
8607760409 6 8607825943
8607760409 8 8607825945
8607760409 2 8607825948
8607760412 6 8607825945
8607760412 2 8607825948
8607825940 6 8607825943
8607825943 2 8607825945
8607825945 3 8607825948
8623489187 1 8624209940
8623489187 1 8640987153
8623489187 2 8640987156
8623489188 1 8624209948
8623489188 2 8640987159
8623489188 3 8640987161
8623489188 1 8657109352
8623489203 4 4329242641
8623489203 1 4346019857
8623489203 4 8623489220
8623489203 8 8624209937
8623489203 29 8624209940
8623489203 1 8640332134
8623489203 1 8640332169
8623489203 1 8640332198
8623489203 4 8640987153
8623489203 5 8640987156
8623489203 1 17264935489
8623489203 1 21543125611
8623489203 1 38721880410
8623489204 1 4329242641
8623489204 1 4345364837
8623489204 1 8623489220
8623489204 5 8623489221
8623489204 5 8624209937
8623489204 33 8624209940
8623489204 45 8624209943
8623489204 51 8624209945
8623489204 3 8624209948
8623489204 1 8640332134
8623489204 2 8640332135
8623489204 1 8640332136
8623489204 1 8640332137
8623489204 1 8640332166
8623489204 1 8640332168
8623489204 1 8640332169
8623489204 1 8640332198
8623489204 3 8640332199
8623489204 1 8640332200
8623489204 4 8640987153
8623489204 14 8640987156
8623489204 22 8640987159
8623489204 21 8640987161
8623489204 4 8640987164
8623489204 1 8641052695
8623489204 1 8641052697
8623489204 1 8657109318
8623489204 1 12935299433
8623489204 1 12952076650
8623489204 1 17264935489
8623489204 1 34426913082
8623489204 1 34426913144
8623489204 1 43017962149
8623489205 23 8624209945
8623489205 7 8624209948
8623489205 10 8640987161
8623489205 8 8640987164
8623489205 5 12919177244
8623489205 1 12935954460
8623489205 1 12952076650
8623489205 1 34426913082
8623489205 1 34426913144
8623489219 1 4345364837
8623489219 1 4345364868
8623489219 2 4345364869
8623489219 1 4345364870
8623489219 4 8624209937
8623489219 9 8624209940
8623489219 1 8624209943
8623489219 1 8640332135
8623489219 2 8640332136
8623489219 3 8640332167
8623489220 3 4345364869
8623489220 1 8623489237
8623489220 2 8624209937
8623489220 19 8624209940
8623489220 11 8624209943
8623489220 16 8624209945
8623489220 3 8624209948
8623489220 1 8640332135
8623489220 3 8640332136
8623489220 4 8640332167
8623489220 1 8640332168
8623489220 2 8640332169
8623489220 1 8640332199
8623489220 1 8640987159
8623489220 2 8640987161
8623489220 1 12935299466
8623489220 1 34410135962
8623489221 1 8624209943
8623489221 11 8624209945
8623489221 4 8624209948
8623489221 1 8640332168
8623489221 1 8640987161
8623489221 1 12935299466
8623489221 1 17264935489
8623489221 1 30133060250
8623489221 1 34410135962
8623489235 1 4345364900
8623489235 1 4345364901
8623489235 1 8640332199
8623489235 1 12935299498
8623489236 1 4345364900
8623489236 2 4345364901
8623489236 2 8624209940
8623489236 4 8624209943
8623489236 2 8640332167
8623489236 1 8640332198
8623489236 2 8640332199
8623489236 2 8640332200
8623489236 1 8640332201
8623489236 1 8640987156
8623489236 1 8658223713
8623489236 2 12935299498
8623489236 1 12935299500
8623489236 1 12935954463
8623489236 1 17230266796
8623489236 1 38705103258
8623489236 1 43034739247
8623489237 1 8624209948
8623489237 1 8640332167
8623489237 1 8640332198
8623489237 1 12935299498
8623489237 1 12935299499
8623489237 1 12935299500
8623489237 1 12935954463
8623489237 1 17230266796
8623489237 1 38705103258
8624209937 7 4329308177
8624209937 1 4346085391
8624209937 1 4346085395
8624209937 117 8624209943
8624209937 47 8624275473
8624209937 21 8624275476
8624209937 1 8641052692
8624209937 1 21525954617
8624209937 1 30082531396
8624209940 8 4329308177
8624209940 1 4346085391
8624209940 4 8607498257
8624209940 1 8607498260
8624209940 94 8624209945
8624209940 122 8624275473
8624209940 259 8624275476
8624209940 22 8624275479
8624209940 2 8624341012
8624209940 3 8641052692
8624209940 2 8641052695
8624209940 1 8641052698
8624209940 1 30082531396
8624209943 1 4329308177
8624209943 1 4346085395
8624209943 4 8607498257
8624209943 1 8607498260
8624209943 1 8624209945
8624209943 91 8624209948
8624209943 76 8624275473
8624209943 281 8624275476
8624209943 231 8624275479
8624209943 24 8624275481
8624209943 1 8624341012
8624209943 1 8624341015
8624209943 1 8641052692
8624209943 4 8641052695
8624209943 1 8641052697
8624209943 1 8641052698
8624209943 1 8641118234
8624209943 1 42984013925
8624209945 3 8607498263
8624209945 85 8624209951
8624209945 1 8624275473
8624209945 64 8624275476
8624209945 249 8624275479
8624209945 227 8624275481
8624209945 19 8624275484
8624209945 2 8624341015
8624209945 1 8624341017
8624209945 1 8641052692
8624209945 5 8641052697
8624209945 1 8641118234
8624209945 1 12919242780
8624209945 1 42984013925
8624209948 1 4363256493
8624209948 3 8607498263
8624209948 1 8607498265
8624209948 1 8624209951
8624209948 1 8624275473
8624209948 68 8624275479
8624209948 253 8624275481
8624209948 46 8624275484
8624209948 1 8624341015
8624209948 1 8624341017
8624209948 2 8641052697
8624209948 1 8641052699
8624209948 1 8641052700
8624209948 2 12919242777
8624209948 6 12919242780
8624209951 1 8607498265
8624209951 76 8624275481
8624209951 9 8624275484
8624209951 1 8641052699
8624209951 2 12919242777
8624209951 2 12919242780
8624275473 7 4329373713
8624275473 1 8607563793
8624275473 1 8624275476
8624275473 51 8624275479
8624275473 49 8624341009
8624275473 16 8624341012
8624275476 1 4329373710
8624275476 9 4329373713
8624275476 1 4363256535
8624275476 1 8607563793
8624275476 3 8607563796
8624275476 1 8624275479
8624275476 47 8624275481
8624275476 69 8624341009
8624275476 282 8624341012
8624275476 31 8624341015
8624275476 1 8624406548
8624275476 2 8641118228
8624275479 1 4329373710
8624275479 1 4329373713
8624275479 4 8607563796
8624275479 4 8607563799
8624275479 31 8624275484
8624275479 22 8624341009
8624275479 227 8624341012
8624275479 281 8624341015
8624275479 27 8624341017
8624275479 1 8624406551
8624275479 1 8624406555
8624275479 1 8641118229
8624275479 2 8641118231
8624275479 1 8641118235
8624275481 1 8607563796
8624275481 4 8607563799
8624275481 1 8607563801
8624275481 33 8624275487
8624275481 26 8624341012
8624275481 205 8624341015
8624275481 290 8624341017
8624275481 22 8624341020
8624275481 2 8624406555
8624275481 1 8624406556
8624275481 3 8641118233
8624275481 1 8641118234
8624275481 1 8641118235
8624275481 1 8658223874
8624275484 3 8607563801
8624275484 15 8624341015
8624275484 223 8624341017
8624275484 69 8624341020
8624275484 2 8624406556
8624275484 1 8624472093
8624275484 1 8641118233
8624275484 1 8641118234
8624275484 6 12919308316
8624275484 1 21543125730
8624275487 2 8607563801
8624275487 22 8624341017
8624275487 11 8624341020
8624275487 2 12919308316
8624341009 8 4329439249
8624341009 1 8607629335
8624341009 6 8624341015
8624341009 35 8624406545
8624341009 22 8624406548
8624341012 7 4329439249
8624341012 2 8607629332
8624341012 1 8607629335
8624341012 8 8624341017
8624341012 37 8624406545
8624341012 2 8624406547
8624341012 273 8624406548
8624341012 10 8624406549
8624341012 4 8624406550
8624341012 29 8624406551
8624341012 2 8624472084
8624341012 4 8624472085
8624341012 3 8624472086
8624341012 1 8641183763
8624341015 3 8607629332
8624341015 1 8607629335
8624341015 1 8624341017
8624341015 4 8624341020
8624341015 1 8624406545
8624341015 162 8624406548
8624341015 13 8624406550
8624341015 256 8624406551
8624341015 10 8624406552
8624341015 36 8624406553
8624341015 2 8624406554
8624341015 1 8624472084
8624341015 6 8624472086
8624341015 6 8624472088
8624341015 1 8624472090
8624341017 1 8607629332
8624341017 1 8607629335
8624341017 1 8624341020
8624341017 7 8624341023
8624341017 2 8624406548
8624341017 131 8624406551
8624341017 4 8624406552
8624341017 274 8624406553
8624341017 14 8624406554
8624341017 6 8624406555
8624341017 36 8624406556
8624341017 1 8624406557
8624341017 3 8624472090
8624341017 3 8624472091
8624341017 2 8641183770
8624341017 3 8641183771
8624341017 1 8641183773
8624341017 1 12919373852
8624341017 1 12953191172
8624341020 146 8624406553
8624341020 4 8624406555
8624341020 89 8624406556
8624341020 6 8624406557
8624341020 1 8624406558
8624341020 2 8624472091
8624341020 2 8624472093
8624341020 9 12919373852
8624341020 1 12919439389
8624341020 1 12919439390
8624341020 1 12919504926
8624341023 1 8624406553
8624341023 8 8624406556
8624341023 2 12919373852
8624406545 6 4329504785
8624406545 1 4329504788
8624406545 13 8624472081
8624406545 17 8624472084
8624406547 1 4329504787
8624406547 1 8624472083
8624406548 7 4329504785
8624406548 2 4329504787
8624406548 1 4329504788
8624406548 1 4329570323
8624406548 13 8624472081
8624406548 10 8624472083
8624406548 208 8624472084
8624406548 33 8624472085
8624406548 14 8624472086
8624406548 20 8624472087
8624406548 2 8624537621
8624406548 3 8624537622
8624406548 1 25787564095
8624406549 1 4329504787
8624406549 2 8624472083
8624406549 6 8624472085
8624406549 1 8624472086
8624406549 1 8641249299
8624406549 1 8641249301
8624406550 3 8624472085
8624406550 10 8624472086
8624406550 3 8624472088
8624406550 2 8641249302
8624406551 1 8607694871
8624406551 92 8624472084
8624406551 29 8624472086
8624406551 197 8624472087
8624406551 27 8624472088
8624406551 18 8624472089
8624406551 3 8624472090
8624406551 5 8624537622
8624406551 4 8624537624
8624406551 2 8624537626
8624406551 1 25787564095
8624406552 8 8624472086
8624406552 11 8624472088
8624406552 1 8641249302
8624406552 3 8641249304
8624406553 1 8607694871
8624406553 1 8607694873
8624406553 78 8624472087
8624406553 203 8624472089
8624406553 32 8624472090
8624406553 26 8624472091
8624406553 29 8624472092
8624406553 1 8624537624
8624406553 1 8624537625
8624406553 5 8624537626
8624406554 4 8624472088
8624406554 11 8624472090
8624406554 1 8624472091
8624406554 1 8641249304
8624406554 1 8641249306
8624406555 5 8624472090
8624406555 10 8624472091
8624406556 1 8607694873
8624406556 82 8624472089
8624406556 10 8624472091
8624406556 84 8624472092
8624406556 14 8624472093
8624406556 1 8624472094
8624406556 2 8624537629
8624406556 9 12919439388
8624406556 1 12919439389
8624406556 1 12919504925
8624406557 4 8624472091
8624406557 4 8624472093
8624406557 2 12919439389
8624406558 3 8624472093
8624406558 3 12919439389
8624406559 2 12919439388
8624472081 4 4329570321
8624472081 1 4329635859
8624472081 4 8624537617
8624472081 4 8624537620
8624472083 7 4329570323
8624472083 4 8624537619
8624472083 1 8624537621
8624472084 1 68289314
8624472084 5 4329570321
8624472084 3 4329570323
8624472084 3 4329635859
8624472084 4 8624537617
8624472084 4 8624537619
8624472084 129 8624537620
8624472084 37 8624537621
8624472084 14 8624537622
8624472084 17 8624537623
8624472084 1 8624603155
8624472084 4 8624603157
8624472084 2 8624603158
8624472085 7 4329570323
8624472085 4 8624537619
8624472085 35 8624537621
8624472085 8 8624537622
8624472085 1 8624603158
8624472086 1 8624472088
8624472086 24 8624537621
8624472086 44 8624537622
8624472086 10 8624537624
8624472086 2 8624603158
8624472086 1 8641314837
8624472086 1 8641314838
8624472087 1 68289314
8624472087 1 8607760407
8624472087 2 8624472089
8624472087 42 8624537620
8624472087 23 8624537622
8624472087 124 8624537623
8624472087 41 8624537624
8624472087 13 8624537625
8624472087 5 8624537626
8624472087 1 8624603157
8624472087 4 8624603158
8624472087 6 8624603160
8624472087 2 8624603162
8624472087 1 25838093071
8624472088 23 8624537622
8624472088 45 8624537624
8624472088 7 8624537626
8624472088 1 12953191173
8624472089 1 8607760407
8624472089 2 8607760409
8624472089 34 8624537623
8624472089 10 8624537624
8624472089 105 8624537625
8624472089 49 8624537626
8624472089 32 8624537627
8624472089 22 8624537628
8624472089 1 8624603160
8624472089 5 8624603162
8624472089 1 8624603163
8624472089 1 8624603164
8624472089 1 8624603165
8624472089 1 8658223912
8624472090 20 8624537624
8624472090 48 8624537626
8624472090 4 8624537627
8624472090 1 12953191173
8624472091 21 8624537626
8624472091 37 8624537627
8624472091 7 8624537629
8624472091 2 8641314843
8624472091 1 8659533864
8624472092 2 8607760409
8624472092 31 8624537625
8624472092 20 8624537627
8624472092 66 8624537628
8624472092 16 8624537629
8624472092 1 8624603163
8624472092 1 8624603164
8624472092 5 8624603165
8624472092 5 12919504924
8624472092 2 12919504925
8624472093 15 8624537627
8624472093 25 8624537629
8624472093 1 8641314843
8624472093 1 12919504925
8624472093 2 12919504926
8624472094 1 8624537629
8624472094 2 12919504925
8624472094 1 12919504926
8624537617 3 4329635857
8624537617 1 8607825940
8624537619 4 4329635859
8624537619 4 8624603157
8624537619 1 8624603162
8624537620 3 4329635857
8624537620 1 4329635859
8624537620 2 8607825940
8624537620 1 8624537623
8624537620 6 8624603155
8624537620 68 8624603156
8624537620 29 8624603157
8624537620 9 8624603158
8624537620 5 8624603159
8624537621 6 4329635859
8624537621 1 4331405339
8624537621 3 8624603155
8624537621 68 8624603157
8624537621 8 8624603158
8624537621 1 8624603162
8624537622 1 4331405339
8624537622 39 8624603157
8624537622 80 8624603158
8624537622 6 8624603160
8624537623 1 8607825940
8624537623 1 8624537625
8624537623 23 8624603156
8624537623 22 8624603158
8624537623 61 8624603159
8624537623 34 8624603160
8624537623 7 8624603161
8624537623 2 8624603162
8624537624 1 8624537626
8624537624 32 8624603158
8624537624 80 8624603160
8624537624 13 8624603162
8624537624 1 8626503717
8624537625 11 8624603159
8624537625 7 8624603160
8624537625 54 8624603161
8624537625 24 8624603162
8624537625 25 8624603163
8624537625 2 8624603164
8624537625 2 8624603165
8624537626 33 8624603160
8624537626 97 8624603162
8624537626 19 8624603163
8624537626 1 8626372645
8624537626 1 8626503717
8624537626 1 8641380378
8624537626 1 8642756645
8624537627 1 8624537629
8624537627 44 8624603162
8624537627 79 8624603163
8624537627 10 8624603165
8624537627 1 8626241576
8624537627 1 8641380381
8624537628 2 8607825948
8624537628 11 8624603161
8624537628 11 8624603163
8624537628 34 8624603164
8624537628 22 8624603165
8624537628 1 12919570460
8624537628 1 12919570461
8624537629 32 8624603163
8624537629 47 8624603165
8624537629 1 8641380381
8624537629 3 12919570462
8624537629 1 17249337409
8624537630 5 8624603165
8624537630 2 12919570462
8624603155 1 4331405339
8624603155 1 4331536411
8624603155 8 8624603157
8624603156 13 8624603159
8624603157 5 4331405339
8624603157 11 4331405342
8624603157 4 4331536411
8624603157 5 4331536414
8624603157 19 8624603158
8624603157 1 8626241566
8624603157 1 8626241570
8624603157 12 8626372638
8624603157 8 8626372642
8624603157 8 8626503710
8624603157 13 8626503714
8624603157 1 8626503717
8624603158 2 4331405342
8624603158 7 4331536414
8624603158 27 8624603160
8624603158 1 8626241566
8624603158 3 8626241570
8624603158 1 8626241573
8624603158 14 8626372638
8624603158 22 8626372642
8624603158 15 8626372645
8624603158 6 8626503710
8624603158 21 8626503714
8624603158 12 8626503717
8624603158 3 8626503720
8624603159 9 8624603161
8624603160 22 8624603162
8624603160 3 8626241570
8624603160 5 8626241573
8624603160 1 8626241576
8624603160 1 8626372638
8624603160 9 8626372642
8624603160 16 8626372645
8624603160 11 8626372648
8624603160 2 8626372651
8624603160 2 8626503710
8624603160 10 8626503714
8624603160 19 8626503717
8624603160 16 8626503720
8624603160 3 8626503723
8624603161 5 8624603164
8624603162 26 8624603163
8624603162 2 8626241573
8624603162 6 8626241576
8624603162 1 8626241579
8624603162 1 8626372642
8624603162 10 8626372645
8624603162 29 8626372648
8624603162 9 8626372651
8624603162 2 8626503714
8624603162 16 8626503717
8624603162 29 8626503720
8624603162 14 8626503723
8624603162 1 12921471022
8624603162 1 17216307274
8624603163 20 8624603165
8624603163 3 8626241579
8624603163 2 8626372645
8624603163 10 8626372648
8624603163 27 8626372651
8624603163 4 8626372654
8624603163 4 8626503717
8624603163 19 8626503720
8624603163 23 8626503723
8624603163 1 8626503726
8624603163 1 8643018792
8624603163 2 12921339950
8624603163 4 12921471022
8624603163 1 17216307274
8624603165 6 8624603166
8624603165 1 8626372648
8624603165 10 8626372651
8624603165 3 8626372654
8624603165 6 8626503720
8624603165 8 8626503723
8624603165 5 8626503726
8624603165 1 12921208878
8624603165 14 12921339950
8624603165 2 12921339953
8624603165 15 12921471022
8624603165 1 12921471025
8624603166 3 12921339950
8624603166 2 12921339953
8624603166 4 12921471022
8626241566 1 4331405342
8626241566 1 8626372638
8626241570 7 8626372642
8626241573 3 8626372642
8626241573 4 8626372645
8626241573 2 8643149861
8626241576 1 8626372645
8626241576 5 8626372648
8626241576 1 8626372651
8626241579 4 8626372651
8626241579 1 8643149867
8626372638 10 4331536414
8626372638 1 8626372642
8626372638 10 8626503710
8626372638 1 8643280933
8626372642 8 8626503710
8626372642 38 8626503714
8626372642 1 8626503717
8626372642 1 8643280930
8626372642 1 8643280933
8626372645 6 8626503714
8626372645 27 8626503717
8626372645 10 8626503720
8626372648 7 8626503717
8626372648 40 8626503720
8626372648 9 8626503723
8626372651 7 8626503720
8626372651 39 8626503723
8626372651 4 8626503726
8626372651 2 8643280939
8626372651 1 12921471022
8626372654 2 8626503723
8626372654 2 8626503726
8626372654 4 12921471022
8626503710 3 8626503714
8626503714 13 8626503717
8626503717 14 8626503720
8626503720 13 8626503723
8626503723 5 8626503726
8640266405 1 8657109352
8640266420 1 8640987153
8640266420 1 38721880410
8640266421 1 8640332200
8640332134 1 4362207813
8640332135 1 8657175110
8640332135 1 8657175112
8640332135 1 8657175163
8640332136 1 8657175060
8640332136 1 8657175062
8640332136 2 8657175112
8640332136 1 8657175113
8640332137 1 8657175062
8640332137 1 12952142463
8640332166 1 4362207917
8640332167 2 4362207865
8640332167 2 8657175110
8640332167 1 8657175163
8640332167 1 8657175164
8640332168 2 8657175164
8640332168 2 8657175165
8640332169 1 8657175166
8640332169 3 12952142463
8640332198 1 4345430700
8640332198 1 8640987156
8640332199 1 4363256495
8640332199 1 8640987156
8640332199 2 8640987159
8640332199 1 8657175216
8640332200 1 8640987161
8640332200 1 8657175216
8640332200 2 8657175217
8640332201 1 12952142515
8640987153 3 4346085393
8640987153 1 8641052689
8640987153 2 8641052692
8640987156 3 4346085393
8640987156 1 8641052689
8640987156 12 8641052692
8640987156 2 8641052693
8640987156 1 8641052694
8640987156 4 8641052695
8640987159 2 8641052692
8640987159 1 8641052693
8640987159 2 8641052694
8640987159 25 8641052695
8640987159 3 8641052696
8640987159 1 8641052697
8640987161 11 8641052695
8640987161 20 8641052697
8640987161 5 8641052698
8640987161 1 8641052700
8640987161 1 8641118233
8640987164 6 8641052697
8640987164 7 8641052700
8640987164 1 8641118233
8640987164 1 12936019996
8641052689 1 4346150931
8641052692 2 4346150931
8641052692 1 4346216467
8641052692 5 8641118228
8641052692 5 8641118229
8641052692 1 8641118230
8641052692 2 8641118232
8641052692 1 8641183765
8641052693 1 4363256615
8641052693 1 8641118229
8641052694 1 4363256615
8641052694 1 8641118229
8641052694 1 8641118230
8641052694 1 8641118232
8641052695 1 8641118229
8641052695 4 8641118230
8641052695 12 8641118231
8641052695 10 8641118232
8641052695 3 8641118233
8641052695 1 8641118234
8641052695 1 8641183766
8641052695 2 8641183768
8641052696 1 8641118230
8641052696 2 8641118232
8641052696 2 8641118234
8641052697 1 8641052700
8641052697 1 8641118232
8641052697 12 8641118233
8641052697 6 8641118234
8641052697 8 8641118235
8641052697 1 8641118236
8641052697 1 8641118237
8641052697 2 8641183768
8641052697 1 8641183771
8641052698 6 8641118234
8641052698 1 8641118235
8641052698 1 8658223875
8641052699 4 8641118234
8641052699 1 8641118235
8641052699 1 8658223873
8641052700 2 8641118233
8641052700 4 8641118235
8641052700 4 8641118236
8641052700 3 8641118237
8641052700 1 12936085532
8641052701 1 8658223873
8641118228 2 4346216467
8641118228 4 8641183765
8641118228 1 8641183766
8641118229 2 4346216467
8641118229 1 8641183763
8641118229 3 8641183765
8641118229 1 8641183766
8641118230 2 4346216467
8641118230 3 8641183765
8641118230 5 8641183766
8641118230 1 8641183768
8641118231 5 8641183766
8641118231 8 8641183768
8641118231 1 8641183770
8641118232 2 8641183766
8641118232 7 8641183768
8641118232 4 8641183770
8641118232 1 8642625570
8641118233 8 8641183770
8641118233 8 8641183771
8641118234 4 8641183768
8641118234 16 8641183770
8641118234 1 8641183771
8641118234 1 8658223873
8641118234 1 8658223913
8641118235 6 8641183770
8641118235 11 8641183771
8641118235 1 8658223915
8641118236 2 8641183771
8641118236 4 8641183773
8641118237 5 8641183771
8641118237 3 8641183773
8641118237 1 8658223915
8641118237 1 12954370097
8641183763 2 4346282003
8641183765 2 4346282003
8641183765 1 4347789342
8641183765 8 8641249301
8641183766 4 8641249301
8641183766 11 8641249302
8641183766 1 8641249304
8641183766 1 8642756645
8641183768 7 8641249302
8641183768 12 8641249304
8641183768 4 8641249306
8641183768 1 8642756645
8641183770 6 8641249304
8641183770 19 8641249306
8641183770 5 8641249307
8641183770 1 8642756642
8641183770 2 8642756645
8641183770 3 8642756651
8641183770 1 8642887720
8641183771 5 8641249306
8641183771 21 8641249307
8641183771 2 8641249309
8641183771 2 8641314843
8641183771 2 8642756651
8641183771 1 12937723950
8641183773 10 8641249307
8641183773 6 8641249309
8641183773 1 12937723959
8641183774 1 12937723959
8641249299 1 4346347539
8641249301 1 4346347539
8641249301 1 4347920411
8641249301 5 8641314837
8641249301 1 8641314838
8641249301 1 8642887710
8641249301 1 8642887714
8641249302 1 8641314837
8641249302 10 8641314838
8641249302 2 8642887714
8641249302 1 8642887720
8641249304 4 8641314838
8641249304 8 8641314840
8641249304 2 8641314842
8641249304 1 8642887714
8641249304 1 8642887717
8641249304 3 8642887720
8641249306 1 8641314840
8641249306 15 8641314842
8641249306 1 8641314843
8641249306 3 8642887717
8641249306 5 8642887720
8641249306 1 8642887723
8641249307 3 8641314842
8641249307 11 8641314843
8641249307 2 8641314845
8641249307 3 8642887720
8641249307 5 8642887723
8641249307 1 8643018795
8641249307 1 12937855022
8641249307 1 12937855025
8641249309 4 8641314843
8641249309 6 8641314845
8641249309 1 8642887720
8641249309 2 8642887723
8641249309 3 12937855022
8641314837 1 4348051483
8641314837 1 8641380373
8641314837 1 8642887714
8641314837 2 8643018782
8641314837 1 8643018786
8641314838 1 8641380374
8641314838 1 8642887714
8641314838 5 8643018782
8641314838 5 8643018786
8641314840 1 8641380376
8641314840 1 8642887720
8641314840 2 8643018782
8641314840 2 8643018789
8641314840 2 8643018792
8641314842 1 8641380378
8641314842 1 8641380379
8641314842 3 8643018789
8641314842 5 8643018792
8641314842 3 8643018795
8641314842 1 8643149864
8641314843 3 8641380379
8641314843 1 8641380381
8641314843 1 8642887723
8641314843 1 8642887726
8641314843 3 8643018792
8641314843 6 8643018795
8641314843 1 8643149867
8641314843 1 12937986094
8641314845 1 8641380381
8641314845 1 8643018792
8641314845 3 8643018795
8641314845 2 12937986094
8641314845 1 12937986097
8641380373 1 4348051486
8641380374 1 8643018789
8641380376 1 8643149858
8641380378 1 8626241573
8641380378 1 8643018792
8641380379 1 8643018792
8641380379 2 8643018795
8641380381 2 8643018795
8642625570 1 8659533854
8642756642 1 8642887714
8642756645 1 4364697629
8642756645 1 8642887714
8642756645 3 8642887717
8642756645 1 8642887720
8642756648 1 8642887717
8642756651 1 8642887723
8642756651 2 8642887726
8642756651 1 12937855022
8642756654 1 12937855022
8642887710 1 4348051486
8642887714 1 8643018782
8642887714 1 8643018784
8642887714 5 8643018786
8642887717 1 8643018786
8642887717 1 8643018787
8642887717 5 8643018789
8642887720 1 8643018790
8642887720 10 8643018792
8642887720 1 8643018795
8642887720 1 8643149864
8642887723 1 8643018792
8642887723 3 8643018795
8642887723 1 8643018798
8642887723 1 12937986094
8642887723 1 12937986095
8642887726 1 8643018798
8642887726 4 12937986094
8642887726 1 12937986095
8643018782 7 4348182558
8643018782 3 8643149854
8643018784 1 4348182557
8643018786 4 8643149854
8643018786 6 8643149858
8643018786 1 8643149859
8643018786 1 8643149861
8643018787 1 8643149856
8643018789 1 8643149858
8643018789 4 8643149859
8643018789 7 8643149861
8643018789 1 8643149864
8643018790 1 8643149865
8643018792 1 8626372648
8643018792 1 8643149861
8643018792 16 8643149864
8643018792 2 8643149865
8643018792 5 8643149867
8643018795 14 8643149867
8643018795 1 8643149868
8643018795 4 8643149870
8643018795 1 12938117166
8643018798 2 8643149870
8643018798 1 12938117166
8643149854 1 4348313630
8643149854 3 8643280926
8643149854 1 8643280928
8643149856 1 8643280928
8643149858 1 8643280926
8643149858 3 8643280928
8643149858 3 8643280930
8643149858 1 8643280933
8643149859 1 8643149862
8643149859 1 8643280928
8643149859 2 8643280931
8643149861 1 8626503717
8643149861 1 8643280930
8643149861 3 8643280931
8643149861 6 8643280933
8643149861 1 8643280934
8643149862 1 8643280931
8643149864 3 8643280933
8643149864 5 8643280934
8643149864 7 8643280936
8643149864 4 8643280937
8643149865 1 8643280934
8643149865 1 8643280938
8643149867 3 8643280937
8643149867 12 8643280939
8643149867 3 8643280940
8643149867 2 8643280942
8643149868 1 8643280940
8643149870 2 8643280940
8643149870 4 8643280942
8643149870 1 12938248236
8643280928 1 8643280929
8643280928 1 8643280931
8643280933 2 8643280936
8643280936 2 8643280937
8643280936 1 8643280939
8643280937 2 8643280939
8643280939 2 8643280942
8657109318 1 8657175058
8657109319 1 8657175058
8657109352 1 8657175113
8657109353 1 8657175113
8657175058 1 8657175059
8657175060 1 8674017998
8657175062 1 8674018003
8657175110 1 4379050855
8657175110 1 8674018076
8657175110 1 8674018152
8657175111 1 8674018076
8657175112 1 8674018077
8657175112 1 8674018155
8657175113 1 8674018156
8657175113 1 8674018158
8657175163 1 8657241017
8657175163 1 8657241093
8657175164 1 8657241017
8657175164 1 8657241018
8657175165 1 8674018156
8657175165 1 38738789119
8657175166 1 8657240942
8657175216 1 8657241016
8657175217 1 8657241098
8657175217 1 8658223714
8657175218 1 8658223714
8657240942 1 8675000850
8657241016 1 8675000888
8657241017 2 8675000888
8657241018 1 8675066652
8657241093 1 8675000928
8657241098 1 8675000891
8658223713 1 8675066709
8658223714 1 8675066765
8658223793 1 8675066765
8658223873 1 4364435483
8658223873 1 8659402781
8658223874 1 8658289773
8658223875 1 12953257073
8658223912 1 4364435486
8658223912 1 25839272030
8658223913 1 8659402781
8658223913 1 8659402789
8658223915 1 8659402795
8658289715 1 8659402793
8658289773 1 8659402788
8659402781 1 4364566553
8659402788 1 4381409298
8659402789 1 8659533859
8659402793 1 12954501170
8659402795 1 8659533865
8659533854 1 4364697629
8659533859 1 8659664932
8659533864 1 12954632239
8659533865 1 8659664938
8659664932 1 8659992594
8659664932 1 12954828828
8659664938 1 8659861526
8659861526 1 8659861527
8659992594 1 8659992595
8674017998 1 8691777984
8674018003 1 38722535518
8674018076 1 8691777985
8674018152 1 4380033551
8674018153 1 4380033551
8674018155 1 8675000849
8674018156 1 8675000809
8674018156 1 8675000849
8674018158 1 8675000890
8675000809 1 8691843755
8675000849 1 8675066595
8675000850 1 8691843756
8675000888 1 4380099297
8675000888 1 8675066594
8675000888 1 8675066651
8675000889 1 8675066594
8675000890 1 8675066654
8675000891 1 30149969173
8675000928 1 4380099466
8675000931 1 8675066710
8675066594 1 8675066650
8675066595 1 8675066651
8675066595 1 8691909636
8675066596 1 8691909636
8675066650 1 4396942338
8675066651 1 4380165279
8675066651 1 4396942338
8675066652 1 8675132498
8675066654 1 8675132502
8675066655 1 8675132581
8675066707 1 4380165279
8675066709 1 8675132581
8675066710 1 8675132578
8675066765 1 8675132505
8675066765 1 8675132657
8675132498 1 4397008292
8675132499 1 4397008292
8675132502 1 8675132580
8675132503 1 8675198481
8675132505 1 12986942696
8675132578 1 4397008394
8675132579 1 4397008394
8675132580 1 8675198481
8675132581 1 8675198479
8675132657 1 8675198681
8675132817 1 8675198890
8675198479 1 8675198581
8675198480 1 8675198582
8675198481 1 8692041627
8675198482 1 8692041627
8675198581 1 4380297109
8675198582 1 4380297109
8675198681 1 4380297348
8675198682 1 4380297348
8691777985 1 8708620805
8691843755 1 4396942180
8691843756 1 4396942183
8691843759 1 8691909563
8691843815 1 8691909563
8691909563 1 8691975287
8691909636 1 4397008191
8691909637 1 4397008191
8691975287 1 4413850818
8691975597 1 8692041382
8691975598 1 8692041382
8692041144 1 8692107078
8692041382 1 8692041383
8692041627 1 8692107832
8708620805 1 8725463529
8725463529 1 13020496108
12902662172 1 12902727708
12902662175 1 12902727708
12902662175 1 12902727716
12902662177 1 12902727716
12902727708 1 12902793247
12902727711 1 12902793247
12902727716 1 17197760551
12902727719 1 17197760551
12918456518 1 17264935489
12919177244 5 12919242780
12919177247 1 4363256493
12919177247 3 12919242780
12919242777 2 12919242783
12919242780 11 12919308316
12919242780 2 12919308319
12919242783 5 12919308316
12919242783 1 12919308319
12919308316 10 12919373852
12919308316 5 12919373854
12919308316 1 12919373855
12919308316 1 12919439389
12919308319 5 12919373852
12919308319 3 12919373854
12919308319 1 12919373855
12919373852 1 12902662172
12919373852 9 12919439388
12919373852 5 12919439389
12919373852 2 12919439390
12919373852 1 12919439391
12919373852 1 12919504926
12919373854 3 12919439390
12919373854 2 12919439392
12919373854 1 12936216606
12919373854 1 12936216608
12919373855 1 12902662172
12919373855 3 12919439388
12919373855 1 12919439391
12919373855 1 12919439392
12919373856 2 12919439390
12919373856 2 12919439392
12919373856 1 12936216606
12919373856 1 12936216608
12919439388 12 12919504924
12919439388 1 12919504925
12919439388 4 12919504926
12919439388 1 12919570462
12919439389 2 12919504925
12919439389 9 12919504926
12919439390 2 12919504925
12919439390 13 12919504926
12919439390 2 12919504928
12919439391 1 12919504924
12919439392 1 12919504926
12919439392 5 12919504928
12919504924 8 12919570460
12919504924 2 12919570461
12919504924 6 12919570462
12919504925 7 12919570462
12919504925 1 12936347678
12919504926 26 12919570462
12919504926 1 12919570464
12919504926 1 12936347678
12919504927 1 12919570462
12919504928 3 12919570462
12919504928 5 12919570464
12919504928 1 12936347680
12919570461 3 12919570462
12919570462 3 12919570464
12919570462 1 12921208878
12919570462 2 12921208881
12919570462 3 12921339950
12919570462 11 12921339953
12919570462 1 12921471022
12919570462 6 12921471025
12919570462 1 12921471028
12919570462 1 12937986094
12919570462 1 12937986097
12919570464 1 12921208881
12919570464 2 12921208884
12919570464 2 12921339953
12919570464 1 12921339956
12919570464 1 12921339959
12919570464 1 12921471028
12919570464 1 12937986100
12919570466 1 12921208884
12919570466 1 12937986100
12921208878 2 12921339953
12921208881 3 12921339953
12921208881 1 12921339956
12921208884 2 12921339956
12921208884 1 12938117175
12921339950 12 12921471022
12921339950 6 12921471025
12921339953 17 12921471025
12921339953 1 12921471028
12921339956 2 12921471028
12921339956 2 12938248244
12921339959 1 12921471031
12921471022 9 12921471025
12921471025 4 12921471028
12935299433 1 12952142463
12935299465 1 12952142463
12935299466 1 12952142413
12935299498 1 12952142517
12935299498 1 12953191054
12935299499 1 17247109815
12935299500 1 17247109764
12935299500 1 17247109815
12935954460 1 12936019996
12935954463 1 12936020002
12936019996 1 12936085534
12936019996 1 12936151070
12936085532 1 12936151069
12936085534 1 12936151070
12936151069 1 12936216606
12936151070 3 12936216606
12936151072 1 12936216606
12936216606 2 12936282142
12936216606 1 12936282144
12936216606 1 12937855022
12936216608 1 12936282142
12936216608 2 12936282144
12936282142 2 12937986094
12936282144 1 12937986094
12936282144 1 12937986100
12936282144 1 12937986103
12936347678 1 12937986094
12936347680 1 12937986094
12937723950 1 12937855022
12937723959 1 12937855036
12937855022 2 12937986094
12937855022 4 12937986097
12937855025 2 12937986097
12937855025 1 12937986100
12937855036 1 17232953410
12937986094 1 8643149870
12937986094 5 12938117166
12937986094 3 12938117167
12937986094 4 12938117169
12937986094 1 12938117171
12937986095 1 12938117167
12937986097 5 12938117169
12937986097 2 12938117171
12937986097 1 12938117172
12937986100 1 12938117174
12937986100 2 12938117175
12937986103 2 12938117175
12938117166 3 12938248238
12938117166 2 12938248239
12938117166 2 12938248241
12938117167 1 12938248239
12938117167 1 12938248240
12938117167 1 12938248242
12938117167 1 12938248243
12938117169 1 12938248239
12938117169 5 12938248241
12938117169 3 12938248243
12938117171 1 12938248243
12938117171 1 12938248245
12938117171 1 12938248246
12938117172 1 12938248244
12938117174 1 12938248246
12938117175 1 12938248247
12938117175 2 12938248249
12938248244 1 12938248246
12938248245 1 12938248246
12938248246 1 12938248249
12952076650 1 12952142361
12952142361 1 12968985383
12952142413 1 12968985383
12952142463 1 12952208240
12952142463 1 12952208318
12952142463 1 12952208321
12952142463 1 12952208398
12952142464 1 12952208321
12952142464 1 12952208398
12952142515 1 12952208395
12952142517 1 12952208400
12952208240 1 12969968147
12952208318 1 12969968187
12952208395 1 8675000931
12952208396 1 8675000931
12952208398 1 12953191014
12952208399 1 12953191014
12952208400 1 12969968189
12953191014 1 12970034068
12953191054 1 17265001364
12953191172 1 12953257074
12953191173 1 12953256908
12953191212 1 12953257074
12953256904 1 8675132817
12953256908 1 17265067185
12953257073 1 12954370102
12953257074 1 17249337407
12954370097 1 12954501172
12954370102 1 12954501181
12954501172 1 12954632249
12954501174 1 12954632249
12954501181 1 17249796138
12954632239 1 12954959906
12954632249 1 12954763323
12954763323 1 17249927204
12968985383 2 17281712623
12969968147 1 8691843759
12969968148 1 8691843759
12969968187 1 8675066655
12969968189 1 12970033954
12969968190 1 12970033954
12970033900 1 12986876864
12970033954 1 12970099802
12970034068 1 17265067340
12970099802 1 8691975597
12970099803 1 8691975597
12987074845 1 12987074846
17197760551 1 17216438343
17197760554 1 17216438343
17216307274 1 21528182861
17230266796 1 17247109817
17230266797 1 17247109817
17232953410 1 17249861702
17247109764 1 17247175624
17247109765 1 17247175624
17247109815 1 17247175698
17247109817 1 17247175623
17247175623 1 17264935447
17247175624 1 21559902746
17247175625 1 21559902746
17247175698 1 12969968190
17248224321 1 17248290361
17248290361 1 17248290362
17249927204 1 17250058276
17250058276 1 17250058277
17264935447 1 12970033900
17264935448 1 12970033900
17264935489 1 17265001256
17264935489 1 17265001311
17264935490 1 17265001311
17265001256 1 17265067108
17265001311 1 17265067182
17265001364 1 17265067340
17265001365 1 17265067340
17265001425 1 17265067420
17265067108 1 17281910306
17265067182 1 17265067183
17265067340 1 17265133398
17265067420 1 12971343902
17265133398 1 17265199509
17265199501 1 12970298238
17265199501 1 17249337409
17265199509 1 21561147441
17281712623 1 17281778301
17281712623 1 17281778302
17281778301 1 17281844011
17281778302 1 17298621228
17281844011 1 17298687015
17281844089 1 17298687015
17281910306 1 17281976117
17281976117 1 12987074845
17298621228 1 21593654110
17298687015 1 21593719798
21525954617 1 21543125693
21543125611 1 17265001425
21543125651 1 17265001425
21543125693 1 21543191565
21543125694 1 21543191565
21543125730 1 17248224321
21543191565 1 21560034802
21543191566 1 21560034802
21559902746 1 21576745660
21560034802 1 21560100805
21560100805 1 21560100907
21560100906 1 21561147437
21560100907 1 21561147437
21576745660 1 25871778693
21593654110 1 30200627265
21593719563 1 30200627265
21593719798 1 21593785458
21593719918 1 21593785458
25787564095 1 8658223793
25838093071 1 25855001951
25855001951 1 30150035108
25855200014 1 25871977231
25905332659 1 25905332660
30082531396 1 30099374151
30082531399 1 30099374151
30099374151 1 30099439688
30099439688 1 30117855347
30099439689 1 30117855347
30117855347 1 30117986419
30117986419 1 30118117490
30133060250 1 30133126110
30133126110 1 34444936628
30148854669 1 30149837347
30148854670 1 30149837347
30149837347 1 30166680263
30149837348 1 30166680261
30149969173 1 30150035108
30149969174 1 30150035108
30150035108 1 30150101062
30150035210 1 30150101062
30150101062 1 25855200014
30166680261 1 25871778773
30166680263 1 34461713376
30166680317 1 25871778773
30166811918 1 30166877558
30166811919 1 30166877558
30166812124 1 30166943924
30166812125 1 30166943924
30166877558 1 25888753072
30166877559 1 25888753072
30166943924 1 30166944076
30183457254 1 25905332659
34393293020 1 8640332200
34410135962 1 34426978969
34426913082 1 34443755976
34426913144 1 34426978915
34426978866 1 38738789195
34426978915 1 34443821892
34426978969 1 34427044759
34426978969 1 34427044914
34426979021 1 34427044914
34427044759 1 34444804647
34427044914 1 34444804687
34429206662 1 34429337727
34429337727 1 30134698049
34443755976 1 34460598877
34443821892 1 30149837348
34444804647 1 34444870402
34444804687 1 34444870458
34444870402 1 34461713376
34444870458 1 34444936317
34444936317 1 30166812124
34460598877 1 34478358957
34461713376 1 30166811918
34461713376 1 34461779119
34461713377 1 34461779119
34461779119 1 34478621968
34478358957 1 30183457254
38705103258 1 34426978969
38705889374 1 38722995009
38721880410 1 34426978866
38722535518 1 38722994891
38722994891 1 43018028066
38722995009 1 34429206662
38723060713 1 38723126871
38723060769 1 38723126871
38723126871 1 34429206658
38723126872 1 34429206658
38738789119 1 38756549082
38738789195 1 38739771905
38739771905 1 38756614863
38756549082 1 38773391969
38756549083 1 38773391969
38756614863 1 38756680605
38756680605 1 43051713725
38756680683 1 43051713725
38773391969 1 43068424888
38773391970 1 43068424888
42984013925 1 38705889374
42984013928 1 38705889374
43017962149 1 38723060713
43018028066 1 43018094176
43018094176 1 43019141281
43019141281 1 43036115039
43034739247 1 43034805005
43034805005 1 43051647984
43034871317 1 38739969820
43035002986 1 43035002987
43035983963 1 43035983964
43036115039 1 69795841
43051647984 1 43051713827
43051713725 1 43051779361
43051713827 1 38756812177
43051713828 1 38756812177
43068621404 1 47363588701
47329838303 1 47329838304
47329904632 1 43035983963
47346549352 1 43068424890
47346549408 1 43068424890
47346615363 1 47346615364
47346681337 1 43051779842
