17891334 1 42986242213
34471937 1 47279177834
34471940 1 47279177834
51380232 1 52953096
51380234 1 52953096
52953096 1 53084165
53084165 1 53215238
53215238 1 53346307
68289193 1 68355059
68289275 1 68355171
68355059 1 85198288
68355171 1 47314108586
69861389 1 70189061
70189061 1 70189063
85198288 1 4380231686
4312530961 1 4312596497
4312530964 1 4312596497
4312596489 1 4312596494
4312596492 1 34471937
4312596494 1 34471937
4312596497 2 4312662033
4312596500 2 4312662033
4312662033 1 4312662039
4312662033 4 4312727569
4312662036 5 4312727569
4312662039 1 4312727569
4312727569 1 4312793097
4312727569 9 4312793105
4312727572 1 4312793097
4312727572 8 4312793105
4312727572 1 34428027711
4312793097 1 17891334
4312793100 1 17891334
4312793105 1 4312858638
4312793105 16 4312858641
4312793105 1 4312858644
4312793105 1 4329635857
4312793108 14 4312858641
4312793108 1 4312858644
4312793108 1 4329635857
4312858638 1 4312858641
4312858641 16 4312858644
4329439244 1 4329504777
4329439246 1 4329504777
4329439249 1 4329504782
4329439250 1 4347658267
4329439252 1 4329504782
4329504777 1 51380232
4329504782 1 4329570318
4329504782 1 4347789330
4329504785 1 4329570318
4329635859 1 4331536411
4329635861 1 4331536411
4346150923 1 68289275
4347658267 1 8659533858
4347789330 1 4347920401
4347920401 1 69861389
8607432721 37 8607432727
8607432721 5 8607498257
8607432724 1 68289193
8607432724 1 4312530961
8607432724 27 8607432729
8607432724 35 8607498257
8607432724 11 8607498260
8607432724 1 8624275473
8607432724 1 8624275476
8607432724 1 17248158393
8607432727 1 4312530961
8607432727 43 8607432732
8607432727 35 8607498257
8607432727 45 8607498260
8607432727 8 8607498263
8607432727 1 8624209948
8607432727 1 8624275473
8607432727 1 8624275476
8607432727 1 8624275479
8607432729 1 68289193
8607432729 19 8607432735
8607432729 32 8607498260
8607432729 44 8607498263
8607432729 2 8607498265
8607432729 3 8624275479
8607432729 2 8624275481
8607432732 1 8607498260
8607432732 38 8607498263
8607432732 21 8607498265
8607432732 2 8624275479
8607432732 6 8624275481
8607432735 16 8607498265
8607432735 4 8624275481
8607498257 116 8607498263
8607498257 5 8607563793
8607498257 1 8624341015
8607498257 1 8624341017
8607498260 1 4312596497
8607498260 72 8607498265
8607498260 98 8607563793
8607498260 37 8607563796
8607498260 1 8607563799
8607498260 2 8624341009
8607498260 1 8624341012
8607498263 1 4312596497
8607498263 2 8607498265
8607498263 120 8607498268
8607498263 94 8607563793
8607498263 103 8607563796
8607498263 20 8607563799
8607498263 2 8624341009
8607498263 3 8624341012
8607498263 1 8624341015
8607498263 1 8624341017
8607498265 1 4312596489
8607498265 1 4346150923
8607498265 48 8607498271
8607498265 68 8607563796
8607498265 126 8607563799
8607498265 21 8607563801
8607498265 2 8624341012
8607498265 1 8624341015
8607498265 1 12902531103
8607498268 1 4312596489
8607498268 1 4346150923
8607498268 107 8607563799
8607498268 69 8607563801
8607498268 1 8624341015
8607498268 2 8624341017
8607498268 1 12902531097
8607498268 1 12902531103
8607498271 44 8607563801
8607498271 2 8624341017
8607498271 1 12902531097
8607563793 2 4312662033
8607563793 1 4329439244
8607563793 140 8607563799
8607563793 19 8607629329
8607563793 1 8624406545
8607563793 1 42967498850
8607563796 3 4312662033
8607563796 1 4329439249
8607563796 2 8607563799
8607563796 95 8607563801
8607563796 114 8607629329
8607563796 78 8607629332
8607563796 1 8607629335
8607563796 1 8624406545
8607563796 1 8624406548
8607563796 1 8624406551
8607563799 1 4312662033
8607563799 1 4329439244
8607563799 1 4329439249
8607563799 1 4329439250
8607563799 1 8607563801
8607563799 159 8607563804
8607563799 97 8607629329
8607563799 156 8607629332
8607563799 64 8607629335
8607563799 1 8607629337
8607563799 2 8624406548
8607563799 1 8624406551
8607563799 1 17248158512
8607563799 1 42967498850
8607563801 1 8607563804
8607563801 80 8607563807
8607563801 76 8607629332
8607563801 193 8607629335
8607563801 59 8607629337
8607563801 1 8624406548
8607563801 1 8624406551
8607563804 1 4329439250
8607563804 1 8607563807
8607563804 1 8607629332
8607563804 133 8607629335
8607563804 135 8607629337
8607563804 1 8607629340
8607563804 1 8624406551
8607563804 1 12902596633
8607563804 1 12902596636
8607563807 75 8607629337
8607563807 1 8607629340
8607563807 1 12902596633
8607563807 1 12902596636
8607629329 4 4312727569
8607629329 89 8607629335
8607629329 33 8607694865
8607629329 3 8607694868
8607629332 4 4312727569
8607629332 73 8607629337
8607629332 96 8607694865
8607629332 119 8607694868
8607629332 1 8607694871
8607629332 1 8607760404
8607629332 2 8624472084
8607629332 1 8624472087
8607629335 1 4312727569
8607629335 1 4329504782
8607629335 1 8607629337
8607629335 102 8607629340
8607629335 62 8607694865
8607629335 169 8607694868
8607629335 120 8607694871
8607629335 5 8607694873
8607629335 1 8607760404
8607629335 1 8607760407
8607629335 2 8624472084
8607629335 3 8624472087
8607629335 1 38689308765
8607629337 2 8607629340
8607629337 58 8607629343
8607629337 52 8607694868
8607629337 181 8607694871
8607629337 122 8607694873
8607629337 2 8607694876
8607629337 1 8607760407
8607629337 2 8624472087
8607629337 1 43017962229
8607629340 1 4312727569
8607629340 1 4329504782
8607629340 62 8607694871
8607629340 170 8607694873
8607629340 3 8607694876
8607629340 1 12902662169
8607629340 2 12902662172
8607629340 1 38689308765
8607629343 55 8607694873
8607629343 1 8607694876
8607629343 1 12902662169
8607629343 3 12902662172
8607694865 10 4312793105
8607694865 37 8607694871
8607694865 32 8607760401
8607694865 16 8607760404
8607694865 1 8624537620
8607694865 1 34428027711
8607694868 10 4312793105
8607694868 38 8607694873
8607694868 48 8607760401
8607694868 154 8607760404
8607694868 15 8607760407
8607694868 1 8624537620
8607694868 1 8624537623
8607694871 33 8607694876
8607694871 16 8607760401
8607694871 147 8607760404
8607694871 169 8607760407
8607694871 11 8607760409
8607694871 1 8607825943
8607694871 1 8607825945
8607694871 2 8624537623
8607694871 2 8624537625
8607694873 1 8607694876
8607694873 36 8607694879
8607694873 18 8607760404
8607694873 160 8607760407
8607694873 161 8607760409
8607694873 8 8607760412
8607694873 1 8607825943
8607694873 1 8607825945
8607694873 1 8624537623
8607694873 2 8624537625
8607694876 14 8607760407
8607694876 166 8607760409
8607694876 17 8607760412
8607694876 4 12902727708
8607694879 24 8607760409
8607694879 8 8607760412
8607694879 5 12902727708
8607760401 2 4312858641
8607760401 8 8607760407
8607760401 24 8607825937
8607760401 15 8607825940
8607760404 3 4312858641
8607760404 1 8607760407
8607760404 5 8607760409
8607760404 28 8607825937
8607760404 168 8607825940
8607760404 13 8607825943
8607760404 1 8624603156
8607760407 1 4312858641
8607760407 2 8607760409
8607760407 7 8607760412
8607760407 3 8607825937
8607760407 120 8607825940
8607760407 180 8607825943
8607760407 10 8607825945
8607760407 1 8624603156
8607760407 3 8624603159
8607760409 3 8607760412
8607760409 7 8607760415
8607760409 1 8607825940
8607760409 129 8607825943
8607760409 176 8607825945
8607760409 15 8607825948
8607760409 1 8624603159
8607760409 1 8624603161
8607760412 128 8607825945
8607760412 37 8607825948
8607760412 1 12902793244
8607760412 1 38672597079
8607760415 1 8607825945
8607760415 9 8607825948
8607760415 1 12902793244
8607760415 1 38672597079
8607825937 27 8607825940
8607825937 1 8607825943
8607825940 103 8607825943
8607825943 116 8607825945
8607825943 2 8607825948
8607825945 104 8607825948
8607825948 1 8607825951
8624209945 1 8607498263
8624209948 1 8607498263
8624275473 1 8624275479
8624275476 1 8624341009
8624275476 1 8624341012
8624275479 2 8624275484
8624275479 1 8624341009
8624275479 1 8624341012
8624275479 1 8624341015
8624275481 4 8624275487
8624275481 3 8624341015
8624275481 1 8624341017
8624275481 1 12919308316
8624275484 2 8624341015
8624275484 5 8624341017
8624275484 1 12919308316
8624275487 4 8624341017
8624341009 2 8624406545
8624341009 1 8624406548
8624341012 2 8624406545
8624341012 4 8624406548
8624341012 1 8624406551
8624341015 1 8624341020
8624341015 3 8624406548
8624341015 3 8624406551
8624341015 1 8624472089
8624341017 5 8624341023
8624341017 5 8624406551
8624341017 2 8624406553
8624341017 1 8624472089
8624341017 1 12936151069
8624341020 1 8624406551
8624341020 2 8624406553
8624341020 3 8624406556
8624341020 2 12919373852
8624341020 1 12936151069
8624341023 3 8624406556
8624341023 2 12919373852
8624406545 2 8624472081
8624406545 1 8624472084
8624406548 2 8624472081
8624406548 5 8624472084
8624406548 1 8624472087
8624406551 4 8624472084
8624406551 7 8624472087
8624406551 1 8624472089
8624406553 6 8624472087
8624406553 3 8624472089
8624406556 2 8624472089
8624406556 3 8624472092
8624406559 1 8624472092
8624472081 1 8624537617
8624472081 1 8624537620
8624472084 1 8624537617
8624472084 6 8624537620
8624472084 2 8624537623
8624472087 4 8624537620
8624472087 10 8624537623
8624472087 1 8624537625
8624472089 4 8624537623
8624472089 3 8624537625
8624472089 1 8624537628
8624472089 1 8624603163
8624472092 1 8624537625
8624472092 2 8624537628
8624472092 2 12919504924
8624537617 1 8624603156
8624537620 1 4329635859
8624537620 8 8624603156
8624537623 1 8624603156
8624537623 10 8624603159
8624537623 1 8624603160
8624537625 2 8624603159
8624537625 5 8624603161
8624537628 1 8624603163
8624537628 1 12919570460
8624603156 1 8624603159
8624603159 2 8624603161
8624603160 1 8626372648
8624603162 1 8626372648
8624603163 1 8643018792
8626372648 1 8626503723
8626372651 1 8626503723
8643018792 1 8643149864
8643149864 1 8643280934
8643280934 1 8643280936
8659533858 1 8659664937
8659533859 1 8659664937
8659664937 1 12955090978
12902531097 1 12902531103
12902531100 1 12902596636
12902531103 1 12902596636
12902531103 1 12902596641
12902531105 1 12902596641
12902596633 1 12902596639
12902596636 1 12902596639
12902596636 3 12902662172
12902596639 2 12902662172
12902596641 1 12919439396
12902596644 1 12919439396
12902662169 1 12902662175
12902662172 6 12902727708
12902662175 5 12902727708
12902727708 1 8624603164
12902727708 9 12902793244
12902727711 8 12902793244
12902793244 6 12902793247
12919308316 1 12919373855
12919308319 1 12919373855
12919373852 2 12919439388
12919373855 2 12919439388
12919373855 1 12919439392
12919439388 1 12919504924
12919439388 1 12919504927
12919439391 1 12919504924
12919439391 1 12919504927
12919439392 1 12919504930
12919439394 1 12919504930
12919439396 1 17214472231
12919439399 1 17214472231
12919504924 3 12919570460
12919504927 1 12919570464
12919504930 1 12919570467
12919570464 1 12921471028
12919570467 1 12937986106
12921471028 1 12921471031
12936151069 1 12937592881
12936151070 1 12937592881
12937592881 1 12954501169
12937986106 1 12938117178
12938117178 1 17233215548
12954501169 1 12954632243
12954632243 1 12954763317
12954763317 1 12954959902
12954959902 1 12955090975
17214472231 1 17214537770
17248158393 1 21543191562
17248158512 1 17249337413
17248158513 1 17249337413
17249337413 1 17266311206
21543191562 1 21560034802
21544304731 1 30151213119
34412822654 1 34429927494
34412822657 1 34429927494
34428027711 1 34428093524
34428093524 1 38739904009
34429927494 1 34429927495
38672597079 1 34412822654
38672597082 1 34412822654
38689308765 1 38689374303
38689374303 1 43002626201
38739904009 1 38739969920
38739969920 1 38740035798
38739970022 1 38740035798
38740035798 1 38756879006
42967498850 1 42967564384
42967498853 1 42967564384
42967564384 1 42967564386
42984276073 1 43002626207
43002626201 1 43002757276
43002626207 1 43002757276
43017962229 1 21544304731
47279177834 1 42984276073
47314108586 1 43036115037
