53215246 1 53346315
101909157 1 47329838305
101974803 1 102040679
102040675 1 47346681032
102040678 1 102040679
102040679 1 102040781
102040680 1 102106649
102040680 1 102106651
102040781 1 102106649
102106649 1 47346747144
102106651 1 43051846012
102106768 1 47346747144
118686148 1 118751937
118751861 1 102040675
118751937 1 47346680930
118751938 1 47346680930
118751940 1 118751941
118752019 1 102040680
118817281 1 118882905
118817389 1 118883032
118817591 1 118817592
118882787 1 118882788
118882905 1 47363588853
118883032 1 118948758
118883033 1 118883154
118883034 1 118948911
118883154 1 118948911
118948911 1 118948912
118949215 1 118949216
135397619 1 135463252
135397659 1 135463306
135463138 1 47380169016
135463139 1 135528684
135463193 1 43068424890
135463194 1 43068424890
135463252 1 135528920
135463306 1 47363392111
135528533 1 4430561394
135528610 1 4430561598
135528684 1 47380234544
135528920 1 118817281
135594398 1 135594399
135594501 1 118882787
151060578 1 151126123
151126070 1 17315266895
151126123 1 151191556
151191556 1 17349738560
151191637 1 135397619
152174635 1 152240188
152174715 1 135463193
152174754 1 17333157924
152174754 1 17349607486
152174754 1 17349607487
152174755 1 135463138
152174795 1 135463138
152174795 1 135463139
152240188 1 135528610
152240244 1 135528533
152567823 1 152698886
167772225 1 151060578
167772225 1 4463329293
167772225 1 4480106511
167772226 1 151060578
167837730 1 151126070
168034310 1 8774811668
168034310 1 8774811671
168034310 1 13037600822
168034312 1 8774811668
168034312 1 8774811671
168034312 1 47380037912
168230914 1 8775008276
168230914 1 25922633822
185073670 1 8775073818
185073670 1 17332961347
185073673 1 17332961347
4364763150 1 4364763152
4364828691 1 53215246
4364828694 1 53215246
4381409298 1 4364763150
4396810645 1 101909157
4397007881 1 102106539
4413587782 1 4413653503
4413587862 1 101909157
4413653448 1 4413719238
4413653449 1 4413719238
4413653450 1 4413719162
4413653450 1 4413719164
4413653502 1 118752019
4413653503 1 101974803
4413719005 1 4413784686
4413719006 1 4413784686
4413719083 1 118817389
4413719087 1 4413784794
4413719088 1 4413784794
4413719162 1 118817591
4413719163 1 118817591
4413719164 1 4413784893
4413719238 1 102040678
4413719239 1 102040678
4413719243 1 4397007881
4413784686 1 4413784789
4413784788 1 118883033
4413784789 1 118883033
4413784794 1 4413850456
4413784893 1 4413850572
4413784896 1 4413850575
4413784897 1 4413850575
4413850096 1 118948310
4413850456 1 4413916216
4413850460 1 4413916370
4413850572 1 118949215
4413850692 1 118949215
4429316258 1 4412604814
4429316310 1 4412604814
4429381796 1 135397659
4429381799 1 4430364997
4429381800 1 4430364958
4429381875 1 4430364996
4429381878 1 4413587782
4429381879 1 4413587782
4429381957 1 4396810645
4430364918 1 4430430551
4430364918 1 4430430552
4430364958 1 4430430607
4430364959 1 4413653448
4430364996 1 118686148
4430364997 1 4413653502
4430430498 1 4430496145
4430430550 1 118751861
4430430551 1 118751940
4430430551 1 4430496142
4430430552 1 4413719005
4430430607 1 4413719083
4430430608 1 4413719083
4430430610 1 4413719085
4430495757 1 4430495836
4430495835 1 152895495
4430495836 1 152895495
4430495911 1 4430561290
4430495911 1 4430561394
4430495992 1 4430561500
4430496142 1 135594501
4430496145 1 135594398
4430561290 1 135856134
4430561291 1 135856134
4430561394 1 4430626827
4430561394 1 13020758044
4430561499 1 135856133
4430561500 1 4430627073
4430561704 1 4413850096
4430561808 1 4413850096
4430626827 1 4430626828
4430626829 1 135856133
4430626837 1 13020758044
4430627073 1 4430692522
4430954508 1 152895495
4430954508 1 152895496
4446027845 1 4429316258
4446027877 1 4429316258
4446093370 1 151191637
4446093373 1 4446158938
4446093373 1 4446158939
4446093374 1 4446158862
4446093423 1 4429381796
4446093423 1 4429381875
4446093424 1 4429381799
4446093425 1 4429381799
4446093425 1 4429381800
4446093425 1 4429381878
4446158862 1 8742109392
4446158938 1 4430364918
4446158939 1 4430364918
4447142015 1 4447207601
4447142054 1 4430430550
4447142054 1 4430430551
4447142055 1 8725397852
4447142056 1 8725397852
4447142093 1 4430430550
4447207601 1 4430495911
4447207602 1 4430495911
4447731726 1 4447862793
4447731726 1 4447862794
4462739507 1 4463001614
4462739507 3 4463001617
4462739507 1 4463001620
4462739507 1 8774746129
4462739507 1 8774746132
4462739507 1 8776450078
4462739507 2 8776712226
4462739507 1 8776712232
4462739523 1 4463001617
4462739523 1 8776712229
4462804997 1 152174755
4462804997 1 152174795
4462805030 2 4446093373
4462805030 1 4446093424
4462805060 1 4446093370
4462805061 2 4446093423
4462805062 1 4446093423
4463001614 1 4463067153
4463001617 3 4463067153
4463001617 1 4463067156
4463001617 1 4479844369
4463001617 1 4479844372
4463001617 1 8776712229
4463001620 1 8776712229
4463067153 3 4463132689
4463067153 1 4479909905
4463067153 1 4479909908
4463067154 1 4447142054
4463067154 1 8774877204
4463132689 3 4463198227
4463132689 1 4463198229
4463132691 1 4447142054
4463132691 1 4447142055
4463132691 1 8774942740
4463132691 1 8774942745
4463198227 2 4463263763
4463198227 1 4480040979
4463198227 1 4480040981
4463263763 1 4463329299
4463263763 1 8775073811
4463263763 1 8775073813
4463329293 1 8775139354
4463329299 1 8775139349
4479516674 1 4479778830
4479516674 1 4479778833
4479516674 1 8776712232
4479516675 1 4479778830
4479516675 1 4479778833
4479516675 1 8776712229
4479516691 2 4479778833
4479516691 2 4479778836
4479516691 2 8776712226
4479516707 5 4479778833
4479516707 5 4479778836
4479516707 1 8774746132
4479516707 2 8776581154
4479516707 1 8776712226
4479516707 2 8776712229
4479516707 1 8776712235
4479778825 1 4479778830
4479778825 1 4479844366
4479778825 1 4479844369
4479778828 1 4479778833
4479778828 1 4479844366
4479778828 1 4479844369
4479778828 1 13071679534
4479778830 1 4479778833
4479778830 12 4479778836
4479778830 1 4479844366
4479778830 15 4479844369
4479778830 12 4479844372
4479778830 1 8776712232
4479778830 1 13071679534
4479778833 23 4479778836
4479778833 31 4479844369
4479778833 29 4479844372
4479778833 1 8774746132
4479778833 7 8774811665
4479778833 8 8774811668
4479778833 2 8776712222
4479778833 10 8776712226
4479778833 6 8776712229
4479778833 1 8776712232
4479778836 2 8776712222
4479778836 10 8776712226
4479778836 6 8776712229
4479844366 1 4479844372
4479844366 4 4479909905
4479844366 1 4479909908
4479844369 36 4479909905
4479844369 34 4479909908
4479844369 6 8774877201
4479844369 7 8774877204
4479909902 1 4479975441
4479909905 28 4479975441
4479909905 25 4479975444
4479909905 1 4480040977
4479909905 7 8774942737
4479909905 2 8774942739
4479909905 9 8774942740
4479909905 2 8774942741
4479909905 1 8775008277
4479909908 1 8774942740
4479975441 13 4480040977
4479975441 7 4480040979
4479975441 15 4480040980
4479975441 4 4480040981
4479975441 1 8775008273
4479975441 2 8775008275
4479975441 5 8775008276
4479975441 2 8775008277
4479975441 1 8775073813
4479975444 1 8775008277
4480040977 4 4480106513
4480040977 2 4480106515
4480040977 4 4480106516
4480040977 2 4480106517
4480040977 1 8759935017
4480040977 3 8775073809
4480040977 6 8775073812
4480040977 1 8775073813
4480040977 1 8775139347
4480040977 2 8775139349
4480040979 4 4480106515
4480040979 4 4480106517
4480040979 2 8775073811
4480040979 4 8775073813
4480040980 2 8775073811
4480040980 2 8775073813
4480106513 2 8775139347
4480106513 2 8775139348
4480106513 2 8775139349
4480106515 3 8775139347
4480106515 6 8775139349
4481613848 1 4481613851
4481613848 1 4481744920
4481613851 2 4481613854
4481613851 3 4481744920
4481613851 7 4481744923
4481613854 3 4481744923
4481613854 9 4481744926
4481744923 6 4481744926
4496556046 2 4496556052
4496556046 1 4496621588
4496556046 1 8791588884
4496556046 1 8791588887
4496556049 2 4496556052
4496621580 1 4479909902
4496621580 1 4479909905
4496621580 1 8759935020
4496621582 1 4496621588
4496621582 1 8759935020
4496621582 1 8774877201
4496621582 1 8774877204
4496621585 1 4481744920
4496621585 1 4496621588
4496621585 1 4496687121
4496621585 1 4496687124
4496621588 1 4479909905
4496621588 1 4479909908
4496621588 1 4481744920
4496687118 1 4479975441
4496687118 1 4479975444
4496687118 1 4496687124
8675264774 1 53346315
8675264774 1 53346316
8675264774 1 8676245524
8676245524 1 4381409298
8692041031 1 8692107078
8692107078 1 8692107079
8708620692 1 8708686463
8708620695 1 8708686389
8708620747 1 4413719243
8708620750 1 8708686543
8708620806 1 8708686547
8708686309 1 8708752094
8708686387 1 8708752094
8708686389 1 8708752096
8708686390 1 8708752096
8708686391 1 13003719401
8708686463 1 4413784896
8708686467 1 8708752299
8708686543 1 8692041031
8708686546 1 8708686624
8708686547 1 12986942591
8708686625 1 12986942591
8708751996 1 8708817641
8708751997 1 8708817641
8708752094 1 4413850460
8708752096 1 8708752198
8708752097 1 8708817878
8708752198 1 8708817878
8708752299 1 4397073600
8708817641 1 4413916067
8724349100 1 8725332256
8724349101 1 8725332256
8724349102 1 8725332298
8724349103 1 8725332257
8724349178 1 8725332256
8724349179 1 8725332256
8724349180 1 8725332298
8725332176 1 4430430498
8725332177 1 8725397740
8725332178 1 8725397799
8725332179 1 8725397742
8725332179 1 8725397799
8725332216 1 4430430610
8725332217 1 8725397796
8725332217 1 8725397853
8725332217 1 8725397910
8725332218 1 8725397798
8725332218 1 8725397853
8725332218 1 13020365152
8725332219 2 8725397798
8725332256 2 4413653450
8725332256 1 4430430610
8725332256 1 8725332296
8725332256 1 8725397907
8725332257 1 8708620692
8725332257 1 8708620747
8725332257 1 8725397910
8725332258 1 8708620692
8725332296 1 4413653450
8725332296 1 8708620747
8725332298 1 8708620806
8725332299 1 8708620750
8725397685 1 8725463213
8725397686 1 8725463213
8725397739 1 8725463213
8725397740 1 8725463213
8725397740 1 8725463288
8725397742 1 8725397799
8725397743 1 8725463293
8725397796 1 8725463444
8725397798 1 8725463370
8725397798 1 8725463447
8725397799 1 8725463293
8725397799 1 13020430748
8725397852 1 8708686546
8725397853 1 8708686309
8725397853 1 8725463528
8725397854 1 8708686309
8725397854 1 8725463528
8725397907 1 4413719087
8725397910 1 8708686386
8725397910 1 8708686391
8725397911 1 8708686386
8725463213 1 8725528601
8725463213 1 8725528696
8725463288 1 4430561499
8725463289 1 4430561499
8725463293 1 8725528802
8725463370 1 8725463449
8725463444 1 4430561704
8725463445 1 4430561704
8725463447 1 4430561808
8725463448 1 8725463449
8725463450 1 8725529108
8725463528 1 13003719297
8725463529 1 8708751996
8725528601 1 13020889117
8725528696 1 4430823438
8725528697 1 4430823438
8725528802 1 8725594134
8725529105 1 4413850096
8725529108 1 4413850101
8725529109 1 4413850101
8725594134 1 8725594135
8725790745 1 8725790747
8725790745 1 8725921814
8725790745 1 8725921816
8725790746 1 13020889117
8740995142 1 4446093425
8740995143 1 8741060723
8740995144 1 8741060724
8740995177 1 13036028075
8741060618 1 4446158861
8741060619 1 8741126161
8741060619 1 8742502445
8741060620 1 8725332176
8741060620 1 8741126163
8741060621 1 8741126163
8741060622 1 8741126164
8741060622 1 8742109354
8741060671 1 8741126238
8741060671 1 8741126315
8741060672 1 4430757913
8741060672 1 8724349101
8741060672 1 8725332218
8741060672 1 8741126162
8741060672 1 8741126239
8741060673 1 8741126162
8741060673 1 8741126163
8741060673 1 8741126242
8741060673 1 8741126243
8741060674 1 8741126242
8741060674 1 8741126243
8741060723 1 8724349100
8741060723 1 8724349178
8741060724 1 8724349102
8741060724 1 8724349179
8741060725 1 8724349103
8741060774 1 4429381957
8741060776 1 8724349179
8741126161 1 8725332217
8741126162 1 8725332217
8741126163 1 8725332177
8741126163 1 8725332178
8741126163 1 13020299515
8741126164 1 8725332218
8741126238 1 8725332217
8741126239 1 8725332216
8741126239 1 8725332217
8741126242 1 8725332218
8741126242 1 13020299515
8741126243 1 13020299515
8741126315 1 4430364959
8742109273 1 4447535120
8742109273 1 8742174787
8742109274 1 8742174787
8742109312 1 8742174899
8742109313 1 8742174845
8742109313 1 8742502445
8742109314 1 4447535132
8742109314 1 8742174844
8742109352 1 4447207602
8742109353 1 4430757913
8742109353 1 8742174899
8742109354 1 8725397685
8742109392 1 8725397739
8742174787 1 8742174788
8742174844 1 8742240271
8742174845 1 13037797406
8742174899 1 4430495757
8742174899 1 4430495992
8742240271 1 4447862793
8742502435 1 21644443725
8742764577 1 8759672864
8742961173 1 8742961174
8757706788 3 8757706804
8757706788 1 8757968916
8757706788 4 8774746132
8757706788 4 8774746135
8757706788 1 8776712226
8757706788 1 8776712229
8757706788 1 8776712232
8757706789 1 8757706805
8757706789 3 8774746137
8757706789 3 8774746140
8757706789 1 8776712235
8757706789 1 13035962441
8757706789 1 13052739657
8757706789 1 13071679534
8757706803 1 4481744926
8757706803 5 8757968916
8757706803 2 8757968919
8757706803 5 8774746132
8757706803 2 8774746135
8757706803 2 8776712222
8757706803 1 8776712226
8757706803 3 8776712229
8757706803 5 8776712232
8757706803 2 8776712235
8757706804 1 4481613854
8757706804 2 4481744920
8757706804 3 4481744923
8757706804 3 4481744926
8757706804 10 8757968919
8757706804 17 8757968921
8757706804 3 8757968924
8757706804 4 8774746132
8757706804 7 8774746135
8757706804 8 8774746137
8757706804 4 8774746140
8757706804 1 8776581157
8757706804 1 8776581163
8757706804 2 8776712222
8757706804 8 8776712226
8757706804 8 8776712229
8757706804 3 8776712232
8757706804 7 8776712235
8757706804 2 8776712238
8757706804 2 13071679534
8757706804 3 13071679537
8757706805 1 4481744926
8757706805 1 8757968921
8757706805 1 8757968924
8757706805 1 8776712226
8757706805 1 8776712229
8757706805 1 8776712232
8757706805 1 8776712235
8757706820 1 8757968919
8757706820 2 8757968921
8757706820 1 8757968924
8757706820 1 8776712229
8757706820 1 8776712235
8757706820 1 8776712238
8757706821 1 8776712238
8757772295 1 8741060619
8757772295 1 8741060620
8757772295 1 8757772327
8757772295 1 34510864478
8757772296 1 8741060620
8757772296 1 8741060621
8757772296 1 8741060622
8757772296 1 8757772328
8757772297 1 4447535132
8757772297 1 8741060622
8757772297 1 13036027919
8757772326 1 8741060670
8757772327 1 8741060618
8757772327 1 8741060619
8757772327 2 8741060671
8757772327 2 8741060672
8757772328 5 8741060672
8757772328 3 8741060673
8757772328 1 8741060674
8757772329 1 8741060673
8757772329 1 8741060674
8757772358 1 4446093374
8757772358 1 4446093425
8757772359 1 8741060723
8757772359 1 8741060724
8757772359 1 8741060774
8757772360 1 8741060673
8757772360 1 8741060725
8757968916 1 4481744923
8757968916 5 8758034452
8757968916 1 8758034455
8757968916 2 8774811668
8757968916 1 8774811671
8757968919 1 4481744923
8757968919 1 8757968921
8757968919 8 8758034455
8757968919 4 8758034457
8757968919 2 8774811671
8757968919 1 8774811673
8757968921 10 8758034457
8757968921 1 8758034460
8757968921 4 8774811673
8757968921 1 8774811676
8757968921 1 8776712232
8757968924 1 135790605
8757968924 1 8758034460
8757968924 1 8774811676
8758034452 3 8758099988
8758034452 1 8758099991
8758034452 2 8774877204
8758034455 4 8758099991
8758034455 1 8758099993
8758034455 2 8774877207
8758034455 2 8774877209
8758034457 9 8758099993
8758034457 2 8774877209
8758034460 1 8758099993
8758034460 1 8758099996
8758099988 1 8774942741
8758099988 3 8774942742
8758099988 1 8774942744
8758099991 1 8758165526
8758099991 2 8758165528
8758099991 1 8758165530
8758099991 1 8774942744
8758099991 1 8774942746
8758099993 1 8758165528
8758099993 8 8758165530
8758099993 6 8758165531
8758099993 1 8758165533
8758099993 1 8774942746
8758099993 2 8774942747
8758099993 1 8774942749
8758099996 1 8758165533
8758165526 1 8758231061
8758165526 1 8758231062
8758165528 2 8758231064
8758165528 1 8758231066
8758165528 1 8775008280
8758165530 6 8758231066
8758165530 2 8758231067
8758165530 1 8775008282
8758165531 1 8758231067
8758165531 1 8758231069
8758165533 1 8758231069
8758231061 1 8775073813
8758231064 2 8775073816
8758231066 3 8758296602
8758231066 1 8758296603
8758231066 1 8775073816
8758231066 1 8775073818
8758231066 1 8775073819
8758231067 1 152174635
8758231067 1 8758296603
8758231069 1 8758296605
8758296602 3 8775139354
8758296603 1 8775139355
8758296605 1 8775139357
8759410731 1 13037731897
8759541800 1 8759672869
8759672864 1 8776581163
8759672866 2 8759803938
8759672869 1 8759803936
8759672869 1 8759803938
8759672869 2 8759803941
8759672872 3 8759803944
8759672872 1 8759803947
8759672875 2 8759803947
8759672875 1 8759803950
8759803936 1 4464967709
8759803938 1 8759935006
8759803938 2 8759935010
8759803941 2 8759935013
8759803944 1 8759935013
8759803944 2 8759935016
8759803944 1 8759935017
8759803944 2 8759935020
8759803947 3 8759935019
8759803947 1 8759935020
8759803947 2 8759935022
8774483971 1 8742109352
8774483971 1 8757772295
8774483971 1 8757772296
8774483971 1 8757772297
8774483971 1 34527576121
8774483972 2 4462804997
8774483972 1 8742109352
8774483972 2 8757772295
8774483972 3 8757772296
8774483972 2 8757772297
8774483972 1 8757772327
8774483972 2 8774746135
8774483972 3 8774746137
8774483972 1 8774746140
8774483972 1 8776712222
8774483972 1 8776712226
8774483972 1 8776712235
8774483972 1 13037076651
8774483972 1 13052739593
8774483972 1 13052739594
8774483972 1 34527576121
8774483973 1 8757772296
8774483987 2 4462805030
8774483987 1 4481744923
8774483987 1 8757772295
8774483987 1 8774746129
8774483987 6 8774746132
8774483987 3 8774746135
8774483987 1 8776581157
8774483987 1 8776712222
8774483987 2 8776712229
8774483987 1 8776712235
8774483987 1 13052739625
8774483988 1 167837730
8774483988 2 4462805030
8774483988 1 4481613851
8774483988 2 8757772295
8774483988 1 8757772297
8774483988 4 8757772327
8774483988 2 8757772328
8774483988 1 8757772358
8774483988 2 8757772359
8774483988 1 8759935010
8774483988 1 8759935016
8774483988 1 8759935019
8774483988 1 8759935022
8774483988 7 8774746132
8774483988 21 8774746135
8774483988 23 8774746137
8774483988 8 8774746140
8774483988 1 8776581157
8774483988 1 8776581163
8774483988 1 8776712222
8774483988 1 8776712226
8774483988 5 8776712229
8774483988 4 8776712232
8774483988 6 8776712235
8774483988 2 8776712238
8774483988 1 13052739593
8774483988 1 13052739594
8774483988 1 13052739625
8774483988 2 13052739626
8774483988 5 13071679534
8774483988 1 17347706925
8774483988 1 38822543388
8774483989 1 8757772297
8774483989 2 8757772327
8774483989 3 8757772328
8774483989 1 8759935022
8774483989 2 8774484004
8774483989 5 8774746137
8774483989 4 8774746140
8774483989 3 8776712229
8774483989 1 8776712232
8774483989 1 8776712235
8774483989 1 13052739593
8774483989 1 13052739594
8774483989 2 13052739626
8774483989 3 13071679534
8774484003 1 4462805060
8774484003 3 4481744926
8774484003 1 8757772359
8774484003 1 8757772360
8774484003 1 8759935013
8774484003 4 8774484019
8774484003 3 8774746129
8774484003 17 8774746132
8774484003 9 8774746135
8774484003 1 8776712222
8774484003 2 8776712226
8774484003 3 8776712229
8774484003 2 8776712232
8774484003 1 8776712235
8774484004 1 167837730
8774484004 1 4446027845
8774484004 2 4462805061
8774484004 1 4481744920
8774484004 2 4481744923
8774484004 1 4481744926
8774484004 1 8740995143
8774484004 1 8740995144
8774484004 1 8740995177
8774484004 1 8757706803
8774484004 1 8757772326
8774484004 4 8757772328
8774484004 1 8757772358
8774484004 1 8757772359
8774484004 1 8757772360
8774484004 2 8759935010
8774484004 2 8759935013
8774484004 2 8759935019
8774484004 1 8759935022
8774484004 1 8774484005
8774484004 3 8774484019
8774484004 1 8774484020
8774484004 12 8774746132
8774484004 48 8774746135
8774484004 47 8774746137
8774484004 18 8774746140
8774484004 1 8776581163
8774484004 5 8776712222
8774484004 11 8776712226
8774484004 18 8776712229
8774484004 11 8776712232
8774484004 12 8776712235
8774484004 1 8776712238
8774484004 1 13035962441
8774484004 1 13052739626
8774484004 3 13052739657
8774484004 1 13052739658
8774484004 3 13071679534
8774484004 1 13071679537
8774484004 1 17347706956
8774484004 1 34510798936
8774484005 1 8757772328
8774484005 1 8759935019
8774484005 1 8774746137
8774484005 1 8774746140
8774484005 1 8776581163
8774484005 1 8776712226
8774484005 3 8776712229
8774484005 4 8776712232
8774484005 1 13052739626
8774484005 1 13052739657
8774484005 1 13052739658
8774484005 1 13071679534
8774484005 1 17347706956
8774484005 1 34510798936
8774484019 1 8759935013
8774484019 2 8776712232
8774484020 1 8740995142
8774484020 2 8776712226
8774484020 3 8776712229
8774484020 1 8776712235
8774484020 1 13035962473
8774484020 1 13071679537
8774484020 1 38822543451
8774746129 1 4481744923
8774746129 3 4481744926
8774746129 16 8774746132
8774746129 78 8774746135
8774746129 37 8774811665
8774746129 121 8774811668
8774746129 69 8774811671
8774746129 1 8776581157
8774746129 2 8776712222
8774746129 8 8776712226
8774746129 6 8776712229
8774746129 1 8776712232
8774746132 13 4481744923
8774746132 11 4481744926
8774746132 159 8774746135
8774746132 70 8774746137
8774746132 1 8774811665
8774746132 222 8774811668
8774746132 251 8774811671
8774746132 50 8774811673
8774746132 1 8774877204
8774746132 1 8774877207
8774746132 1 8776581157
8774746132 1 8776581163
8774746132 15 8776712222
8774746132 24 8776712226
8774746132 29 8776712229
8774746132 7 8776712232
8774746132 3 8776712235
8774746135 11 4481744923
8774746135 9 4481744926
8774746135 153 8774746137
8774746135 106 8774746140
8774746135 5 8774811668
8774746135 239 8774811671
8774746135 289 8774811673
8774746135 73 8774811676
8774746135 1 8774877209
8774746135 1 8776581157
8774746135 2 8776581163
8774746135 18 8776712222
8774746135 21 8776712226
8774746135 34 8776712229
8774746135 35 8776712232
8774746135 24 8776712235
8774746135 1 8776712238
8774746135 5 13071679534
8774746135 2 13071679537
8774746137 1 135790605
8774746137 1 4481744923
8774746137 2 4481744926
8774746137 161 8774746140
8774746137 56 8774746143
8774746137 3 8774811671
8774746137 209 8774811673
8774746137 198 8774811676
8774746137 22 8774811679
8774746137 1 8776581157
8774746137 1 8776581163
8774746137 1 8776581166
8774746137 8 8776712222
8774746137 11 8776712226
8774746137 27 8776712229
8774746137 46 8776712232
8774746137 33 8776712235
8774746137 10 8776712238
8774746137 1 13037076613
8774746137 18 13071679534
8774746137 4 13071679537
8774746140 1 4447142015
8774746140 1 8742109312
8774746140 49 8774746143
8774746140 1 8774811673
8774746140 20 8774811676
8774746140 1 8776581166
8774746140 2 8776712222
8774746140 5 8776712226
8774746140 15 8776712229
8774746140 24 8776712232
8774746140 19 8776712235
8774746140 9 8776712238
8774746140 13 13071679534
8774746140 2 13071679537
8774746143 1 8742109312
8774746143 1 8776712229
8774746143 4 8776712232
8774746143 4 8776712235
8774811665 39 8774811671
8774811665 42 8774877201
8774811665 84 8774877204
8774811665 23 8774877207
8774811668 2 8774811671
8774811668 35 8774811673
8774811668 261 8774877204
8774811668 235 8774877207
8774811668 16 8774877209
8774811668 1 8774942740
8774811668 2 8774942743
8774811668 1 8776581157
8774811671 1 8774811673
8774811671 44 8774811676
8774811671 278 8774877207
8774811671 224 8774877209
8774811671 17 8774877212
8774811671 1 8774942745
8774811671 1 8776581157
8774811673 22 8774811679
8774811673 3 8774877207
8774811673 261 8774877209
8774811673 188 8774877212
8774811673 9 8774877215
8774811673 1 8776712226
8774811676 4 8774877209
8774811676 36 8774877212
8774877201 6 8774877207
8774877201 28 8774942737
8774877201 54 8774942740
8774877201 2 8774942743
8774877204 1 8774877207
8774877204 4 8774877209
8774877204 1 8774942739
8774877204 250 8774942740
8774877204 11 8774942741
8774877204 18 8774942742
8774877204 168 8774942743
8774877204 1 8774942744
8774877204 2 8775008276
8774877204 1 8775008277
8774877204 3 8775008278
8774877204 2 8775008280
8774877207 1 8759935020
8774877207 1 8774877209
8774877207 3 8774877212
8774877207 1 8774942740
8774877207 14 8774942742
8774877207 260 8774942743
8774877207 27 8774942744
8774877207 184 8774942745
8774877207 9 8774942746
8774877207 2 8775008278
8774877207 2 8775008279
8774877207 4 8775008280
8774877207 1 8775008281
8774877207 2 8775008282
8774877209 1 8759935020
8774877209 11 8774877215
8774877209 1 8774942743
8774877209 1 8774942744
8774877209 242 8774942745
8774877209 9 8774942746
8774877209 24 8774942747
8774877209 142 8774942748
8774877209 9 8774942749
8774877209 1 8774942751
8774877209 2 8775008281
8774877209 7 8775008282
8774877209 6 8775008283
8774877209 2 8775008285
8774877209 1 8775073819
8774877209 1 8776712229
8774877212 2 8774942745
8774877212 1 8774942747
8774877212 48 8774942748
8774877212 7 8774942749
8774877212 3 8774942750
8774877212 1 8775008283
8774877212 6 8775008285
8774877212 1 8775008286
8774942737 12 8775008273
8774942737 35 8775008276
8774942739 1 8775008275
8774942739 3 8775008277
8774942740 1 152174715
8774942740 4 8775008275
8774942740 208 8775008276
8774942740 37 8775008277
8774942740 31 8775008278
8774942740 105 8775008279
8774942740 1 8775008280
8774942740 1 8775073812
8774942740 2 8775073813
8774942740 3 8775073814
8774942740 2 8775073816
8774942741 8 8775008277
8774942741 8 8775008278
8774942742 1 8775008277
8774942742 24 8775008278
8774942742 13 8775008280
8774942743 1 4481744923
8774942743 1 8759803947
8774942743 1 8775008276
8774942743 26 8775008278
8774942743 201 8775008279
8774942743 54 8775008280
8774942743 120 8775008281
8774942743 23 8775008282
8774942743 3 8775073814
8774942743 4 8775073816
8774942743 3 8775073818
8774942743 1 8776712222
8774942743 1 8776712235
8774942744 15 8775008280
8774942744 8 8775008282
8774942745 1 8775008279
8774942745 2 8775008280
8774942745 198 8775008281
8774942745 30 8775008282
8774942745 43 8775008283
8774942745 94 8775008284
8774942745 8 8775008285
8774942745 1 8775073817
8774942745 4 8775073818
8774942745 8 8775073819
8774942745 3 8775073821
8774942745 1 8776712222
8774942745 1 8776712235
8774942746 8 8775008282
8774942746 5 8775008283
8774942747 2 8775008282
8774942747 19 8775008283
8774942747 7 8775008285
8774942748 2 8775008281
8774942748 7 8775008283
8774942748 60 8775008284
8774942748 23 8775008285
8774942748 4 8775008286
8774942748 2 8775073821
8774942749 1 8775008283
8774942749 8 8775008285
8774942749 1 8775008286
8775008273 4 8775073809
8775008273 13 8775073812
8775008275 1 8775073811
8775008275 7 8775073813
8775008276 5 8775073811
8775008276 128 8775073812
8775008276 65 8775073813
8775008276 43 8775073814
8775008276 65 8775073815
8775008276 4 8775073816
8775008276 1 8775139348
8775008276 4 8775139349
8775008276 6 8775139350
8775008276 1 8775139352
8775008276 1 8776712226
8775008277 41 8775073813
8775008277 24 8775073814
8775008277 1 8776712226
8775008278 2 8775073813
8775008278 48 8775073814
8775008278 31 8775073816
8775008279 20 8775073814
8775008279 115 8775073815
8775008279 60 8775073816
8775008279 60 8775073817
8775008279 39 8775073818
8775008279 1 8775073819
8775008279 1 8775139350
8775008279 4 8775139352
8775008279 3 8775139354
8775008279 1 8776712229
8775008280 2 8775073814
8775008280 40 8775073816
8775008280 30 8775073818
8775008280 1 8775073819
8775008280 1 8775139350
8775008280 1 8775139352
8775008281 1 8742764589
8775008281 2 8775073815
8775008281 4 8775073816
8775008281 126 8775073817
8775008281 43 8775073818
8775008281 65 8775073819
8775008281 51 8775073820
8775008281 21 8775073821
8775008281 1 8775139352
8775008281 2 8775139353
8775008281 5 8775139354
8775008281 5 8775139355
8775008281 2 8775139357
8775008281 1 13071679534
8775008282 1 152174635
8775008282 2 8775073816
8775008282 44 8775073818
8775008282 23 8775073819
8775008283 4 8775073818
8775008283 43 8775073819
8775008283 19 8775073821
8775008284 3 8775073817
8775008284 9 8775073819
8775008284 41 8775073820
8775008284 32 8775073821
8775008284 7 8775073822
8775008284 1 8775139355
8775008284 6 8775139357
8775008284 1 8775139358
8775008285 4 8775073819
8775008285 29 8775073821
8775008285 5 8775073822
8775008286 1 8775073821
8775073809 1 8775139345
8775073809 7 8775139348
8775073811 4 8775139347
8775073811 10 8775139349
8775073812 1 8775139345
8775073812 8 8775139347
8775073812 73 8775139348
8775073812 41 8775139349
8775073812 30 8775139350
8775073812 24 8775139351
8775073812 1 8775139352
8775073813 4 8775139347
8775073813 102 8775139349
8775073813 36 8775139350
8775073814 5 8775139349
8775073814 80 8775139350
8775073814 26 8775139352
8775073814 1 30216945732
8775073815 2 8775139348
8775073815 27 8775139350
8775073815 65 8775139351
8775073815 58 8775139352
8775073815 18 8775139353
8775073815 25 8775139354
8775073815 1 17332699199
8775073816 5 8775139350
8775073816 93 8775139352
8775073816 39 8775139354
8775073817 1 8775139351
8775073817 2 8775139352
8775073817 81 8775139353
8775073817 32 8775139354
8775073817 45 8775139355
8775073817 21 8775139356
8775073817 8 8775139357
8775073817 1 13037731897
8775073818 1 8775139352
8775073818 96 8775139354
8775073818 43 8775139355
8775073818 1 25939542112
8775073819 7 8775139354
8775073819 86 8775139355
8775073819 40 8775139357
8775073820 1 8775139353
8775073820 10 8775139355
8775073820 26 8775139356
8775073820 23 8775139357
8775073820 8 8775139358
8775073821 5 8775139355
8775073821 61 8775139357
8775073821 10 8775139358
8775073821 1 13037142032
8775139354 1 152240244
8775139355 1 4464967709
8775139355 1 13071679543
8775139355 1 21644443725
8775139357 1 4464967709
8776450078 1 8776450082
8776450078 1 8776581150
8776450082 4 8776581154
8776450085 1 8759803941
8776450085 1 8776450088
8776450085 10 8776581157
8776450088 1 8759803944
8776450088 1 8759803947
8776450088 1 8776450091
8776450088 1 8776581157
8776450088 9 8776581160
8776450091 3 8759803947
8776450091 1 8759803950
8776450091 5 8776581163
8776450094 1 8776581166
8776450094 2 13071548462
8776581150 4 4481744926
8776581150 6 8776581154
8776581150 18 8776712222
8776581150 3 8776712226
8776581154 1 8759935010
8776581154 6 8776581157
8776581154 3 8776712222
8776581154 41 8776712226
8776581154 6 8776712229
8776581157 9 8776581160
8776581157 6 8776712226
8776581157 57 8776712229
8776581157 12 8776712232
8776581160 13 8776581163
8776581160 6 8776712229
8776581160 44 8776712232
8776581160 17 8776712235
8776581163 4 8776581166
8776581163 9 8776712232
8776581163 41 8776712235
8776581163 8 8776712238
8776581166 4 8776712238
8776581166 5 13071679534
8776712222 5 8776712226
8776712226 2 8776712229
8776712229 7 8776712232
8776712232 7 8776712235
8776712235 7 8776712238
8791523345 2 8774811668
8791523345 2 8774811671
8791523345 8 8791523351
8791523345 6 8791588884
8791523345 6 8791588887
8791523348 2 8774811671
8791523348 2 8774811673
8791523348 7 8791523351
8791523348 5 8791523353
8791523348 3 8791588887
8791523348 3 8791588889
8791523351 2 8774811671
8791523351 2 8774811673
8791523351 1 8774811676
8791523351 6 8791523353
8791523351 8 8791523356
8791523351 3 8791588887
8791523351 9 8791588889
8791523351 5 8791588892
8791523353 1 8776712229
8791523353 7 8791523356
8791523353 1 8791523359
8791523353 1 8791588889
8791523353 1 8791588892
8791523356 1 8776712229
8791523356 1 8791523359
8791588881 1 8774877207
8791588881 5 8791588887
8791588881 4 8791654420
8791588881 4 8791654423
8791588884 2 8774877204
8791588884 2 8774877207
8791588884 1 8774877209
8791588884 1 8791588887
8791588884 5 8791588889
8791588884 2 8791654420
8791588884 5 8791654423
8791588884 3 8791654425
8791588887 3 8774877207
8791588887 4 8774877209
8791588887 1 8774877212
8791588887 6 8791588892
8791588887 1 8791654423
8791588887 3 8791654425
8791588887 2 8791654428
8791588889 1 8776712232
8791588889 1 8791654425
8791588889 1 8791654428
8791588892 1 8776712232
8791654417 1 8774942737
8791654417 1 8774942740
8791654417 4 8791654423
8791654417 3 8791719956
8791654417 2 8791719959
8791654420 1 8774942743
8791654420 1 8776712232
8791654420 3 8791654425
8791654420 4 8791719956
8791654420 5 8791719959
8791654420 1 8791719961
8791654423 1 8776712232
8791654423 1 8791654428
8791654423 2 8791719959
8791654423 2 8791719961
8791654425 2 8774942745
8791654425 2 8774942748
8791719956 4 8775008276
8791719956 4 8775008279
8791719956 3 8791785492
8791719956 1 8791785495
8791719959 2 8791785495
8791719959 3 8791785497
8791785492 3 8791851028
8791785492 1 8791851031
8791785495 1 8775073815
8791785495 1 8775073817
8791785497 1 8791851033
8791851028 3 8775139348
8791851028 1 8775139351
8791851033 1 8775139353
12986745286 1 8742764577
12986745286 1 17298555461
12986942591 1 12986942592
12986942798 1 4364828691
13003522422 1 17281778246
13003588047 1 8708686467
13003588048 1 8708686467
13003653693 1 13003719401
13003653694 1 13003719401
13003653847 1 8691975291
13003653927 1 12986942798
13003719202 1 8725921814
13003719297 1 13003784829
13003719305 1 8725921814
13003719401 1 17298752371
13003784829 1 13003850541
13003784830 1 13003850540
13003784949 1 13003850541
13019316402 1 8725332299
13019316403 1 13020299556
13019316404 1 13020299556
13019316480 1 8725332299
13019316481 1 13020299556
13019316485 1 17298489679
13019316486 1 17298489679
13019316560 1 13003522422
13019316561 1 13003522422
13020299476 1 13020365095
13020299515 1 13020365096
13020299515 1 13020365152
13020299515 1 13020365153
13020299516 1 13020365152
13020299517 1 13020365152
13020299555 1 8725397910
13020299556 1 8708620695
13020299556 1 8725397910
13020299556 1 13003588047
13020299596 1 13003588047
13020365095 1 8725463450
13020365096 1 8725463450
13020365096 1 13020430750
13020365097 1 13020430750
13020365152 1 8725463529
13020365152 1 13020430751
13020365152 1 13020430829
13020365153 1 8725463529
13020365153 1 13020430751
13020365153 1 17315398052
13020430440 1 21610823726
13020430594 1 8725528807
13020430748 1 13020496412
13020430750 1 13020496314
13020430751 1 17315463715
13020496314 1 13020561810
13020496412 1 13003784830
13020561686 1 8725790746
13020561686 1 8725790747
13020561686 1 13020561807
13020561810 1 17315594603
13035962441 1 13036028023
13035962442 1 13036028023
13035962473 1 13036028075
13036027919 1 13036027920
13036027919 1 13036093461
13036027920 1 13020299476
13036027920 1 13036093463
13036027920 1 13036093464
13036027921 1 13036093464
13036027971 1 13036093540
13036027972 1 13036093541
13036028023 2 13019316402
13036028024 1 13019316403
13036028025 1 13019316485
13036028026 1 13019316485
13036028075 1 13019316481
13036028075 1 13019316560
13036093461 1 8725332219
13036093463 1 13037076651
13036093464 1 13020299516
13036093465 1 13020299516
13036093540 1 8725332179
13036093541 1 13020299555
13037076613 1 17332109500
13037076614 1 135790605
13037076614 1 13037142203
13037076651 1 13037076691
13037076651 1 13037142201
13037076653 1 17332109500
13037142032 1 13020430595
13037142201 1 13020430440
13037142203 1 13020430594
13037469754 1 13037600822
13037600815 1 8742764589
13037600815 1 8742961173
13037797406 1 13037797407
13038059546 1 13038059548
13052674101 1 8757968924
13052674101 1 8774746140
13052674101 2 8776712232
13052674101 1 8776712235
13052674101 1 13052936223
13052739593 1 13036027919
13052739593 1 13052805135
13052739594 1 13036027920
13052739594 1 13052739626
13052739594 1 13052805135
13052739625 1 13036027919
13052739625 1 34495136016
13052739626 1 13036027919
13052739626 1 13036027920
13052739626 1 13036027972
13052739626 1 13036028025
13052739657 1 13036027971
13052739657 2 13036028023
13052739658 1 13036028024
13052805135 1 13020299476
13052936220 1 4481744923
13052936220 1 8758034460
13052936220 1 8776712235
13052936220 1 13069778972
13052936223 1 8776712235
13052936223 1 13053001759
13053001759 1 13069910046
13053001759 1 13069910048
13053001766 1 8774877207
13053001766 1 8774877209
13054509114 1 17333157928
13054509114 1 17349607487
13069451269 1 8774746140
13069451269 1 8774746143
13069451269 1 13071679537
13069451285 1 8774746140
13069451285 1 8776712226
13069451285 1 8776712229
13069451285 2 8776712232
13069451285 2 8776712235
13069451285 5 13069713436
13069451285 5 13069713439
13069451285 1 17347706925
13069451301 4 8774746140
13069451301 1 8776581160
13069451301 1 8776581163
13069451301 1 8776712226
13069451301 1 8776712232
13069451301 1 8776712235
13069451301 3 13069713436
13069451301 4 13069713439
13069713433 8 13069713439
13069713433 8 13069778972
13069713433 8 13069778975
13069713436 2 8774811676
13069713436 1 8776712229
13069713436 4 8776712232
13069713436 8 8776712235
13069713436 25 13069713439
13069713436 34 13069778972
13069713436 30 13069778975
13069713439 1 8776712229
13069713439 7 8776712232
13069713439 6 8776712235
13069713439 3 13069778972
13069713439 5 13069778975
13069713441 1 8759935006
13069713441 1 13069713447
13069713441 2 13069778975
13069713441 2 13069778977
13069713444 1 8776712235
13069713447 1 8776712235
13069778969 1 8774877209
13069778969 2 8774877212
13069778969 1 8774877215
13069778969 2 13069778975
13069778972 9 8774877212
13069778972 1 8774877215
13069778972 35 13069844508
13069778972 23 13069844511
13069778975 1 13069844508
13069778975 5 13069844511
13069778975 1 13069844513
13069844508 1 8759935013
13069844508 8 8774942748
13069844508 1 8774942749
13069844508 1 8774942750
13069844508 1 8776712232
13069844508 25 13069910044
13069844508 2 13069910045
13069844508 2 13069910046
13069844508 13 13069910047
13069844508 1 13069975581
13069844508 2 13069975582
13069844511 1 8759935013
13069844511 1 8774942749
13069844511 1 8774942750
13069844511 1 8776712232
13069844511 2 13069910044
13069844511 3 13069910047
13069910044 2 8775008284
13069910044 1 8775008285
13069910044 2 8775008286
13069910044 14 13069975580
13069910044 2 13069975581
13069910044 9 13069975582
13069910044 2 13069975583
13069910045 1 8775008285
13069910045 1 8775008286
13069910045 1 13069975581
13069910045 1 13069975582
13069910046 1 13069975582
13069910047 1 13069975580
13069910047 1 13069975583
13069975580 3 8775073820
13069975580 2 8775073821
13069975580 2 8775073822
13069975580 1 8775139357
13069975580 1 8775139358
13069975580 5 13070041116
13069975580 3 13070041117
13069975580 4 13070041118
13069975581 2 8775073821
13069975581 2 8775073822
13069975581 2 13070041117
13069975581 2 13070041118
13069975582 1 8775073821
13069975582 1 8775073822
13069975582 3 13070041117
13069975582 8 13070041118
13070041116 3 8775139356
13070041116 2 8775139357
13070041116 2 8775139358
13070041117 8 8775139357
13070041117 6 8775139358
13070041118 6 8775139357
13070041118 5 8775139358
13071417390 1 13071548462
13071548462 1 13071548465
13071548462 10 13071679534
13071548462 5 13071679537
13071548465 2 13071679537
13071548465 1 13071679540
13071548468 1 13071679543
13086490649 1 8774811673
13086490649 3 8774811676
13086490649 2 8774811679
13086490649 3 13086490655
13086490652 2 13086490655
13086490655 1 8776712235
13086556185 1 8774877212
13086556185 1 8774877215
13086556185 1 13086556191
13086556188 1 13086556191
17298489679 1 17298555407
17298555293 1 13003653927
17298555348 1 13003653847
17298555407 1 21576811389
17298555461 1 17298621069
17298621069 1 13003719202
17314283788 1 21610234195
17314283789 1 21610234195
17315266815 1 17298555293
17315266816 1 17298555293
17315266856 1 17315332510
17315266895 1 17298555348
17315266896 1 17298555348
17315332510 1 13003653693
17330995273 1 17331060846
17330995274 1 17331060846
17330995326 1 17314283788
17331060846 1 17315266856
17331126313 1 13053001766
17331126313 1 17315266815
17332043791 1 13037469754
17332043791 1 13037469756
17332043791 1 17332043792
17332699199 1 13038059546
17347706925 1 17330995273
17347706956 1 17330995326
17347706957 1 17330995326
17349607486 1 17349738560
17349607487 1 17332961347
17381523500 1 8774877207
21593522652 1 21593588455
21593588455 1 25888621621
21610234195 1 21593522652
21644312653 1 25922633822
21644443731 1 25939542112
21644443731 1 30218059841
25888621621 1 25871910256
25937838146 1 17381523500
25937838146 1 17381523503
30183653934 1 30183653935
30200365637 1 30183653934
30200365638 1 30183653934
30215962677 1 152698886
30215962677 1 25937838146
30215962678 1 152698886
30216945732 1 30217011348
30217011348 1 30217011403
34494152920 1 34495136096
34494152921 1 34495136096
34495136014 1 34495201600
34495136016 1 34495201659
34495136096 1 38773391854
34495201600 1 30200299884
34495201601 1 30200299884
34495201659 1 34495267263
34495267263 1 30200365637
34495267264 1 30200365637
34510798936 1 34510864527
34510864478 1 38789120219
34510864527 1 34494152996
34510864528 1 34494152920
34510930059 1 34495136014
34527576121 1 34510864528
38756680602 1 38756680603
38756746427 1 43051779720
38773391854 1 38773457741
38773391909 1 38773457741
38773457741 1 38756746427
38789120219 1 38790103354
38790168850 1 43085201790
38790168906 1 43085201790
38805831725 1 38805897283
38805831774 1 34510930059
38805897283 1 38806880491
38806880491 1 38790168850
38822543388 1 38805831725
38822543451 1 38805831774
43068359101 1 43068359157
43068359156 1 38756680602
43068359157 1 38756680602
43085201790 1 43085267345
43085201791 1 43085267345
43085267243 1 43085267244
43085267345 1 135725058
43085332710 1 38790561871
43085332710 1 43085332711
43117707360 1 4447535120
43117707360 1 8774811673
43117707362 1 4447535120
47329838305 1 47329838382
47346680930 1 43051779481
47380037912 1 43068359101
47380169016 1 43085267243
47380234544 1 38790561871
