4479778830 3 4479778836
4479778830 3 4479844369
4479778830 3 4479844372
4479778833 3 4479778836
4479844366 1 4479844372
4479844366 1 4496687118
4479844366 1 4496687124
4479844369 1 4479909905
4479844369 1 4479909908
4479844369 1 4496687121
4479844369 1 4496687124
4479909905 1 4479975441
4479909905 1 4479975444
4479975441 1 4480040977
4479975441 1 4480040980
4480040977 1 4496883729
4480040977 1 4496883732
4480040977 1 8791851025
4480040977 1 8791851028
4496556046 2 4496556052
4496556046 1 4496621585
4496556046 1 4496621588
4496556046 1 8791588884
4496556046 1 8791588887
4496556049 2 4496556052
4496556052 1 4496556055
4496621582 8 4496621588
4496621582 5 4496687121
4496621582 6 4496687124
4496621582 1 8791654417
4496621582 2 8791654420
4496621582 1 8791654423
4496621585 8 4496621588
4496621585 3 4496687121
4496621585 3 4496687124
4496687118 6 4496687124
4496687118 7 4496752657
4496687118 7 4496752660
4496687121 4 4496687124
4496687121 4 4496752657
4496687121 4 4496752660
4496687121 3 8791719953
4496687121 3 8791719956
4496687124 1 4496752657
4496687124 1 4496752660
4496752654 1 4496752660
4496752654 1 4496818193
4496752654 1 4496818196
4496752657 5 4496818193
4496752657 7 4496818196
4496752657 6 8791785489
4496752657 4 8791785492
4496818193 5 4496883729
4496818193 5 4496883732
4496818193 1 8791851025
4496818193 1 8791851028
4496883729 6 8791916561
4496883729 6 8791916564
8774746129 9 8774746135
8774746129 1 8774811665
8774746129 6 8774811668
8774746129 5 8774811671
8774746129 3 8791588884
8774746129 3 8791588887
8774746132 10 8774746135
8774746132 6 8774746137
8774746132 1 8774811668
8774746132 6 8774811671
8774746132 6 8774811673
8774746132 1 8791523351
8774746132 1 8791588887
8774746135 6 8774746137
8774746135 7 8774746140
8774746135 3 8774811671
8774746135 6 8774811673
8774746135 3 8774811676
8774746135 1 8791588889
8774746135 1 8791588892
8774746137 7 8774746140
8774746137 4 8774746143
8774746137 2 8774811673
8774746137 4 8774811676
8774746137 2 8774811679
8774746140 4 8774746143
8774811665 3 8774811671
8774811665 2 8774877201
8774811665 4 8774877204
8774811665 2 8774877207
8774811668 4 8774811673
8774811668 4 8774877204
8774811668 5 8774877207
8774811668 2 8774877209
8774811668 2 8791654423
8774811668 1 8791654425
8774811671 3 8774811676
8774811671 1 8774877207
8774811671 5 8774877209
8774811671 3 8774877212
8774811671 2 8791654423
8774811671 2 8791654425
8774811673 2 8774811679
8774811673 3 8774877209
8774811673 3 8774877212
8774811673 1 8791654428
8774811673 1 8791654431
8774877201 1 8774877207
8774877201 2 8774942737
8774877201 3 8774942740
8774877204 3 8774877209
8774877204 5 8774942740
8774877204 6 8774942743
8774877204 1 8791719956
8774877204 2 8791719959
8774877204 1 8791719961
8774877207 2 8774877212
8774877207 1 8774942745
8774877207 1 8791719959
8774877207 1 8791719961
8774877209 1 8774942745
8774877209 1 8791719959
8774877209 4 8791719961
8774877209 4 8791719964
8774942737 1 4480040977
8774942737 1 4480040980
8774942737 1 8775008273
8774942737 1 8775008276
8774942740 4 8775008276
8774942740 4 8775008279
8774942740 1 8791785492
8774942740 1 8791785495
8774942743 1 8775008279
8774942745 1 8775008281
8774942745 1 8791785497
8774942748 1 8775008284
8775008273 1 8791851028
8775008276 2 8775073812
8775008276 2 8791851028
8775008276 1 8791851031
8775008279 1 8775073815
8775008279 1 8791851031
8775008281 1 8775073817
8775008284 1 8775073820
8775073812 2 8791916564
8775073815 1 8791916567
8775073817 1 8791916569
8775073820 1 8791916572
8791523345 1 4496556055
8791523345 1 8791523348
8791523345 32 8791523351
8791523345 1 8791588881
8791523345 35 8791588884
8791523345 34 8791588887
8791523348 36 8791523351
8791523348 21 8791523353
8791523348 4 8791588884
8791523348 26 8791588887
8791523348 22 8791588889
8791523351 28 8791523353
8791523351 40 8791523356
8791523351 15 8791588887
8791523351 49 8791588889
8791523351 36 8791588892
8791523353 39 8791523356
8791523353 20 8791523359
8791523353 1 8791588889
8791523353 21 8791588892
8791523353 20 8791588895
8791523356 19 8791523359
8791523356 1 8791588889
8791523356 3 8791588892
8791523356 2 8791588895
8791588881 1 8791588884
8791588881 104 8791588887
8791588881 4 8791654417
8791588881 106 8791654420
8791588881 102 8791654423
8791588884 82 8791588887
8791588884 61 8791588889
8791588884 21 8791654420
8791588884 79 8791654423
8791588884 60 8791654425
8791588887 44 8791588889
8791588887 110 8791588892
8791588887 41 8791654423
8791588887 136 8791654425
8791588887 96 8791654428
8791588889 77 8791588892
8791588889 53 8791588895
8791588889 27 8791654425
8791588889 55 8791654428
8791588889 34 8791654431
8791588892 31 8791588895
8791654417 1 8791654420
8791654417 144 8791654423
8791654417 29 8791719953
8791654417 147 8791719956
8791654417 119 8791719959
8791654420 68 8791654423
8791654420 88 8791654425
8791654420 2 8791719953
8791654420 55 8791719956
8791654420 136 8791719959
8791654420 83 8791719961
8791654423 39 8791654425
8791654423 143 8791654428
8791654423 2 8791719956
8791654423 88 8791719959
8791654423 195 8791719961
8791654423 111 8791719964
8791654425 68 8791654428
8791654425 71 8791654431
8791654425 2 8791719959
8791654425 71 8791719961
8791654425 114 8791719964
8791654425 44 8791719967
8791654428 37 8791654431
8791654428 2 8791719961
8791654428 2 8791719964
8791719953 91 8791719959
8791719953 34 8791785489
8791719953 123 8791785492
8791719953 78 8791785495
8791719956 13 8791719959
8791719956 76 8791719961
8791719956 103 8791785492
8791719956 169 8791785495
8791719956 60 8791785497
8791719959 9 8791719961
8791719959 97 8791719964
8791719959 117 8791785495
8791719959 196 8791785497
8791719959 76 8791785500
8791719959 1 8791851033
8791719961 11 8791719964
8791719961 58 8791719967
8791719961 115 8791785497
8791719961 147 8791785500
8791719961 31 8791785503
8791719964 13 8791719967
8791719964 1 8791785497
8791719964 2 8791785500
8791785489 48 8791785495
8791785489 51 8791851025
8791785489 88 8791851028
8791785489 22 8791851031
8791785492 2 8791785495
8791785492 33 8791785497
8791785492 1 8791851025
8791785492 144 8791851028
8791785492 145 8791851031
8791785492 17 8791851033
8791785492 1 8791916564
8791785495 2 8791785497
8791785495 46 8791785500
8791785495 7 8791851028
8791785495 155 8791851031
8791785495 172 8791851033
8791785495 23 8791851036
8791785495 1 8791916567
8791785497 1 8791785500
8791785497 31 8791785503
8791785497 1 8791851031
8791785497 163 8791851033
8791785497 161 8791851036
8791785497 8 8791851039
8791785497 1 8791916569
8791785500 1 8791785503
8791785500 5 8791851033
8791785500 14 8791851036
8791851025 10 8791851031
8791851025 35 8791916561
8791851025 63 8791916564
8791851025 5 8791916567
8791851028 2 8791851031
8791851028 9 8791851033
8791851028 1 8791916561
8791851028 162 8791916564
8791851028 112 8791916567
8791851028 3 8791916569
8791851031 3 8791851033
8791851031 9 8791851036
8791851031 159 8791916567
8791851031 124 8791916569
8791851031 3 8791916572
8791851033 1 8791851036
8791851033 7 8791851039
8791851033 1 8791916567
8791851033 189 8791916569
8791851033 151 8791916572
8791851033 2 8791916575
8791851036 27 8791916572
8791916561 3 8791916567
8791916564 1 8791916567
8791916564 1 8791916569
8791916569 1 8791916575
8808628244 1 8791916567
8808628244 1 8791916569
8808628244 1 8808628249
13069713433 3 13069713439
13069713433 3 13069778972
13069713433 3 13069778975
13069713436 3 13069713439
13069713439 1 13069713441
13069713439 1 13069778975
13069713439 1 13069778977
13069778969 3 13069778975
13069778969 2 13069844508
13069778969 2 13069844511
13069778969 1 13086621721
13069778969 1 13086621724
13069778972 1 13069778977
13069778972 1 13069844511
13069778972 1 13069844513
13069844508 1 8774942748
13069844508 1 8774942751
13069844508 1 13069844513
13069844508 1 13069910044
13069844508 1 13069910047
13069844508 1 13086687260
13069844508 1 13086687263
13069910044 1 13086752796
13069910044 1 13086752799
13086490649 1 13086490655
13086490649 1 13086556188
13086490649 1 13086556191
13086490652 1 13086490655
13086490655 1 13086490660
13086490655 1 13086556191
13086490655 1 13086556193
13086490657 1 13086490660
13086556185 2 8791654428
13086556185 1 8791654431
13086556185 9 13086556191
13086556185 1 13086621721
13086556185 6 13086621724
13086556185 8 13086621727
13086556188 9 13086556191
13086556188 1 13086621724
13086556188 1 13086621727
13086556191 1 13086621727
13086556191 1 13086621729
13086621721 2 8791719964
13086621721 2 8791719967
13086621721 7 13086621727
13086621721 7 13086687260
13086621721 7 13086687263
13086621724 1 13086621729
13086621724 3 13086687260
13086621724 3 13086687263
13086687257 2 8791785500
13086687257 2 8791785503
13086687257 7 13086687263
13086687257 5 13086752796
13086687257 5 13086752799
13086687260 3 8791785500
13086687260 1 8791785503
13086687260 2 13086687263
13086687260 3 13086752796
13086687260 3 13086752799
13086752793 1 8791851036
13086752793 1 8791851039
13086752793 2 13086752799
13086752793 1 13086818332
13086752793 1 13086818335
13086752796 3 8791851036
13086752796 1 8791916572
13086752796 3 13086818332
13086752796 3 13086818335
13086818329 1 8791916572
13086818329 1 8791916575
13086818329 1 13086818335
13086818332 3 8791916572
47412740098 1 8791654420
47412740098 1 47395962988
