68289314 1 47314108581
70057990 1 70189060
85066330 1 85132108
85198283 1 38724173972
102040989 1 102106774
102106890 1 102172913
118948910 1 118948911
4329635859 1 4329635861
4346085393 1 4346150923
4346150923 1 68289314
4347789336 1 4347920405
4347789342 1 4347920411
4347920405 1 4348051474
4348051479 1 70189060
4348182555 1 4348313626
4348182557 1 4348313628
4363256454 1 4363322301
4363322301 1 85198283
4363322302 1 85198283
4364435483 1 4364435486
4364435485 2 4364566551
4364435486 1 4364566551
4364566551 1 69730320
4364566551 1 4364697619
4364566557 1 4364697622
4364697619 1 70057990
4364697629 1 70189062
4364894222 1 4364894224
4380033551 1 4380099297
4380099297 1 4396942336
4380099410 1 4380165278
4380099410 1 4380165355
4380165355 1 4380231376
4380231280 1 4380297220
4380231376 1 85330038
4380231377 1 85330038
4380297108 1 4397140525
4380297220 1 4380297221
4396876401 1 4396942100
4396876402 1 4396942104
4396876458 1 4396942179
4396942104 1 4413785097
4396942179 1 4396942180
4396942182 1 4413785097
4396942260 1 4396942261
4396942261 1 4396942262
4396942336 1 102040989
4396942414 1 102040989
4397007886 1 4413850695
4397008286 1 102106774
4397073603 1 4397073604
4413784898 1 4413784899
4413785097 1 4413850571
4413785101 1 4413850695
4413850571 1 4413850692
4413850691 1 118948910
4413850692 1 118948910
8607629337 1 8607629343
8607629340 1 8607694876
8607629343 1 8607694876
8607694876 1 8607760412
8607760412 2 8607825948
8624275481 4 8624275487
8624275481 1 8624341015
8624275481 1 8624341017
8624275481 1 8624341020
8624275481 1 8641118233
8624275484 6 8624341017
8624275484 9 8624341020
8624275484 1 8641118233
8624275487 3 8624341017
8624275487 6 8624341020
8624341015 1 8641183766
8624341017 5 8624341023
8624341017 1 8624406551
8624341017 1 8624406553
8624341020 1 8607629337
8624341020 1 8624406551
8624341020 1 8624406553
8624341020 20 8624406556
8624341020 2 8624406557
8624341023 1 8607629337
8624341023 7 8624406556
8624406551 1 8624472087
8624406553 1 8624472087
8624406553 1 8624537625
8624406556 1 8624472089
8624406556 3 8624472091
8624406556 17 8624472092
8624406556 5 8624472093
8624406556 1 8624537625
8624406556 1 8624537627
8624406556 1 8624537629
8624406557 3 8624472093
8624406558 3 8624472093
8624406559 1 8624472092
8624472087 1 8624537620
8624472089 1 8624537625
8624472091 3 8624537627
8624472092 1 8607760412
8624472092 2 8624537625
8624472092 13 8624537628
8624472092 9 8624537629
8624472092 1 8624603164
8624472092 1 8624603165
8624472093 4 8624537627
8624472093 11 8624537629
8624472094 6 8624537629
8624537620 1 4329635859
8624537625 1 8624603162
8624537625 1 8624603163
8624537625 1 8624603164
8624537627 5 8624603163
8624537628 1 8607825945
8624537628 1 8624603163
8624537628 12 8624603164
8624537628 3 8624603165
8624537629 5 8624603163
8624537629 22 8624603165
8624537629 1 8641380379
8624537630 16 8624603165
8624603162 1 8624603163
8624603163 1 8626241579
8624603163 1 8626372642
8624603163 2 8626372645
8624603163 1 8626372648
8624603163 1 8626503717
8624603163 1 8626503720
8624603165 3 8624603166
8624603165 2 8626241579
8624603165 4 8626372648
8624603165 14 8626372651
8624603165 3 8626503720
8624603165 9 8626503723
8624603166 4 8626372651
8624603166 1 8626503720
8624603166 4 8626503723
8626241576 1 8626372645
8626241579 1 8626372651
8626372642 1 8626503714
8626372645 3 8626503717
8626372648 1 8626503717
8626372648 3 8626503720
8626372651 3 8626503720
8626372651 20 8626503723
8626372654 4 8626503723
8626372654 8 8626503726
8626503720 1 8626503723
8626503723 6 8626503726
8640332136 1 8657175111
8640332137 1 8657175113
8640332168 1 8657175216
8640332169 1 8657175165
8640332169 1 8657175217
8640332200 1 8657175217
8640332201 1 8640987161
8640332201 2 8657175217
8640987161 1 8641052697
8640987161 1 8641052698
8640987163 1 8657829914
8640987164 1 8641052697
8640987164 2 8641052700
8640987165 1 8657829914
8641052697 1 8641118234
8641052698 1 8641118232
8641052699 1 8641118232
8641052700 2 8641118236
8641052700 1 8641118237
8641052701 2 8658223873
8641118232 1 4347789342
8641118233 1 8641183770
8641118234 1 4347789342
8641118234 1 8641183770
8641118235 1 8641183770
8641118236 1 8641183771
8641118236 1 8641183773
8641118237 1 8641183771
8641118237 1 8641183773
8641118238 1 8641183771
8641183766 1 8641249301
8641183770 1 8641249304
8641183771 1 8641249307
8641183771 1 8642625573
8641183773 2 8641249307
8641183773 4 8641249309
8641183773 1 8642756651
8641183774 3 8641249309
8641183774 1 8642756651
8641249301 1 4347789336
8641249304 1 8641314840
8641249306 1 8641314840
8641249307 2 8641314843
8641249309 2 8641314843
8641249309 4 8641314845
8641249309 1 8642887723
8641249310 2 8641314845
8641314840 1 8642887714
8641314843 1 8642887720
8641314843 1 8643018792
8641314845 1 8642887723
8641314845 1 8643018792
8641314845 5 8643018795
8641314846 1 8643018795
8641380379 1 8626241576
8642625573 1 8659533854
8642625579 1 8659533861
8642756645 1 4364697629
8642756651 1 8642887720
8642756654 1 8642887723
8642887714 1 4348051479
8642887714 1 8643018782
8642887720 1 8643018789
8642887723 1 8643018792
8642887723 2 8643018795
8642887726 3 8643018795
8643018782 1 4348182555
8643018786 1 4348182557
8643018789 1 8643149861
8643018792 3 8643149864
8643018795 1 8626372651
8643018795 2 8643149864
8643018795 7 8643149867
8643018795 2 8643149868
8643018798 5 8643149867
8643149861 1 8643280930
8643149864 1 8643280933
8643149864 2 8643280936
8643149867 1 8626503723
8643149867 3 8643280936
8643149867 3 8643280937
8643149867 4 8643280939
8643149867 1 8643280940
8643149868 1 8643280937
8643149868 1 8643280940
8643149870 1 8643280939
8643280933 1 8643280936
8657109320 1 8657175060
8657109352 1 8657175060
8657109352 1 8657175112
8657175060 1 8674018000
8657175060 1 8674018076
8657175061 1 8674018078
8657175111 1 8657240937
8657175112 1 8674018157
8657175113 1 8674018077
8657175113 1 8674018157
8657175165 1 8657241017
8657175216 1 8657241095
8657175217 1 8657241097
8657175217 1 8658223715
8657175218 1 8657241097
8657175218 1 8657241099
8657240937 1 4380033551
8657241017 1 8675000888
8657241020 1 8675000890
8657241095 1 8675000928
8657241097 1 8675000930
8657241098 1 8675000930
8657241099 1 8675000891
8657829914 1 8658223873
8658223714 1 8675066767
8658223715 1 12970034008
8658223794 1 8675066709
8658223795 1 8675066709
8658223873 1 4364435483
8658223873 1 4364435485
8658223873 1 8659402787
8658223874 1 4364435485
8658223874 1 8659402787
8658223874 1 8659402789
8658223875 1 8659402789
8658355755 1 8659402788
8659402787 1 8659533860
8659402789 1 4364566557
8659402796 1 8659533860
8659533860 1 4364894222
8659533860 1 8659861523
8659533861 1 8659664928
8659533863 1 4364894222
8659664928 1 4364828697
8674018000 1 8691777986
8674018076 1 8691778024
8674018077 2 8691778024
8674018078 1 8675000808
8674018079 1 8675000808
8674018157 1 8675000850
8675000808 1 4396876458
8675000809 1 4396876458
8675000810 1 8691843757
8675000811 1 8691843757
8675000850 1 8675066599
8675000851 1 8691843757
8675000888 1 4380099410
8675000890 1 8675066652
8675000891 1 12970033952
8675000928 1 4380099410
8675000930 1 8675066709
8675066599 1 12986876939
8675066652 1 8675066709
8675066653 1 8675132577
8675066654 1 8675132499
8675066655 1 8675132500
8675066655 1 8675132503
8675066709 1 4396942261
8675066709 1 8675132577
8675066709 1 8675132578
8675066767 1 12970099958
8675132499 1 8675132578
8675132500 1 8675132501
8675132503 1 8691975592
8675132505 1 8691975594
8675132577 1 4380231280
8675132577 1 8675132578
8675132578 1 8675198579
8675198485 1 8692041265
8675198579 1 4380297108
8675264536 1 8692107837
8676180010 1 8676376595
8676180013 1 8676376595
8676376595 1 8676376597
8676376596 1 8676376597
8691777986 1 8691843646
8691778024 1 4396876401
8691778024 1 4396876402
8691843646 1 13003653843
8691843702 1 13003653843
8691843757 1 4396942260
8691843757 1 8691909482
8691843759 1 8691909561
8691909408 1 4413784898
8691909482 1 4413785101
8691909565 1 8691975289
8691909639 1 8691909640
8691975289 1 8691975391
8691975290 1 8691975392
8691975391 1 4397073603
8691975392 1 4397073603
8691975495 1 8692041263
8691975496 1 8692041263
8691975592 1 8691975694
8691975594 1 8691975595
8692040909 1 8708883831
8692040910 1 8708883831
8692041265 1 8692041266
8692041269 1 8692041270
8692106927 1 8692106928
8708883831 1 8708883832
12902400036 1 12919242785
12902465564 3 12902465569
12902465567 3 12902531100
12902465569 1 12902465575
12902465569 3 12902531100
12902465572 1 12902531105
12902465575 1 12902531105
12902531100 4 12902531105
12902531100 1 12902596636
12902531103 1 12902531108
12902531103 3 12902596636
12902531103 4 12902596639
12902531105 2 12902531111
12902531105 2 12902596636
12902531105 5 12902596639
12902531105 2 12902596641
12902531108 1 12902596639
12902531108 3 12902596641
12902531108 1 12902596644
12902531111 1 12902596641
12902531111 1 12902596644
12902596636 3 12902662172
12902596636 1 12902662175
12902596639 3 12902662172
12902596639 7 12902662175
12902596639 1 12902662177
12902596641 6 12902662175
12902596641 4 12902662177
12902596644 3 12902662177
12902596644 2 12902662180
12902596647 2 12902662180
12902662172 5 12902727708
12902662172 1 12902727711
12902662175 4 12902727708
12902662175 8 12902727711
12902662175 2 12902727713
12902662177 6 12902727711
12902662177 9 12902727713
12902662177 1 12902727716
12902662180 5 12902727713
12902662180 4 12902727716
12902662183 3 12902727716
12902727708 1 8607825948
12902727708 3 12902793244
12902727708 1 12902793247
12902727711 2 12902793244
12902727711 9 12902793247
12902727711 2 12902793249
12902727713 4 12902793247
12902727713 14 12902793249
12902727716 2 12902793249
12902727716 3 12902793252
12902727716 1 17197760551
12902727719 1 17197760551
12902793244 1 12902793247
12902793244 1 12919570463
12902793247 1 12902793249
12902793249 2 12902793252
12918456485 2 12919177247
12918456485 1 12935954460
12918456485 2 12935954463
12918456485 1 12935954465
12918456485 1 12952076617
12918456486 1 12935954468
12918456501 1 85066330
12918456501 1 8640332136
12918456501 1 8640332201
12918456501 2 8640987164
12918456501 1 8657109320
12918456501 2 8657109352
12918456501 11 12918456518
12918456501 38 12919177244
12918456501 48 12919177247
12918456501 22 12919177249
12918456501 1 12935299434
12918456501 4 12935299435
12918456501 1 12935299436
12918456501 1 12935299465
12918456501 1 12935299466
12918456501 21 12935954460
12918456501 18 12935954463
12918456501 24 12935954465
12918456501 1 12935954468
12918456501 1 12952076617
12918456501 1 12952076618
12918456501 1 12952076619
12918456501 1 12952076651
12918456501 1 25871647225
12918456501 1 30131945845
12918456501 1 34410135927
12918456502 1 8640332137
12918456502 1 12918456518
12918456502 3 12919177247
12918456502 33 12919177249
12918456502 24 12919177252
12918456502 3 12935299435
12918456502 1 12935299436
12918456502 1 12935299466
12918456502 3 12935299499
12918456502 4 12935954463
12918456502 29 12935954465
12918456502 16 12935954468
12918456502 1 12936020004
12918456502 1 12952076651
12918456502 2 17214144548
12918456502 1 17214144551
12918456502 1 17230266766
12918456502 1 17230921764
12918456517 1 8640332168
12918456517 2 8640332169
12918456517 1 8640332201
12918456517 1 8640987161
12918456517 8 12919177244
12918456517 23 12919177247
12918456517 7 12919177249
12918456517 1 12935299465
12918456517 2 12935299466
12918456517 5 12935299467
12918456517 1 12935954463
12918456517 1 12935954465
12918456517 1 17214144548
12918456517 1 17214144551
12918456517 1 17230266764
12918456517 1 17247043948
12918456518 1 8640332169
12918456518 4 12919177247
12918456518 15 12919177249
12918456518 13 12919177252
12918456518 1 12935299434
12918456518 1 12935299435
12918456518 1 12935299466
12918456518 4 12935299467
12918456518 1 12935299497
12918456518 7 12935954465
12918456518 1 17214144548
12918456518 1 17214144551
12918456518 3 17230266764
12918456518 1 17230266765
12918456518 1 17230266797
12918456518 1 17247043948
12918456518 1 43000791142
12918456533 1 4363256454
12918456533 1 8640332200
12918456533 1 8658223714
12918456533 4 12919177244
12918456533 1 12919177247
12918456533 2 12935299467
12918456533 1 12935299497
12918456533 1 12935299498
12918456533 1 12935299499
12918456533 1 17247109815
12918456533 1 38705758296
12918456533 1 38739771907
12918456533 1 38739771986
12918456533 1 43000070557
12918456534 1 12919177252
12918456534 1 12935299466
12918456534 3 12935299467
12918456534 2 12935299497
12918456534 3 12935299499
12918456534 1 12935954463
12918456534 1 17214144548
12918456534 1 17230266797
12918456534 1 21559902787
12918456534 1 38705103259
12918456534 1 38705758296
12919177241 45 12919177247
12919177241 1 12919242780
12919177241 1 12936020005
12919177244 7 8624275481
12919177244 9 8624275484
12919177244 1 8641052701
12919177244 1 12919177247
12919177244 99 12919177249
12919177244 14 12919242777
12919177244 198 12919242780
12919177244 24 12919242783
12919177244 1 12919308319
12919177244 2 12936019996
12919177244 1 12936020005
12919177247 1 4346085393
12919177247 8 8624275481
12919177247 7 8624275484
12919177247 2 8641052701
12919177247 3 12902465564
12919177247 114 12919177252
12919177247 14 12919242777
12919177247 264 12919242780
12919177247 262 12919242783
12919177247 21 12919242785
12919177247 1 12919308319
12919177247 2 12936019996
12919177247 3 12936019999
12919177247 1 12936020000
12919177247 2 12936020001
12919177247 1 17214210084
12919177247 1 17230987307
12919177249 1 4346085393
12919177249 1 8624275481
12919177249 3 12902465564
12919177249 122 12919177255
12919177249 67 12919242780
12919177249 307 12919242783
12919177249 228 12919242785
12919177249 21 12919242788
12919177249 1 12919308324
12919177249 1 12936019999
12919177249 1 12936020000
12919177249 5 12936020001
12919177249 1 12936085540
12919177249 2 17214210084
12919177249 1 17230987307
12919177249 1 30115889228
12919177252 1 12902465569
12919177252 3 12919177258
12919177252 91 12919242783
12919177252 258 12919242785
12919177252 209 12919242788
12919177252 1 12919308324
12919177252 3 12936020001
12919177252 1 12936085540
12919177252 1 17214144554
12919177252 10 17214210084
12919177252 1 17214210090
12919177252 1 21543125691
12919177252 1 25804144695
12919177255 1 12902465569
12919177255 85 12919242785
12919177255 172 12919242788
12919177255 10 17214210084
12919177255 1 17214210090
12919177255 1 25804144695
12919177258 3 12919242788
12919242777 14 12919242783
12919242780 2 8624341017
12919242780 8 8624341020
12919242780 1 12902531100
12919242780 1 12919242783
12919242780 44 12919242785
12919242780 203 12919308316
12919242780 20 12919308319
12919242780 1 12936085535
12919242783 4 8624341017
12919242783 5 8624341020
12919242783 1 8641118237
12919242783 2 12902531100
12919242783 1 12902531103
12919242783 57 12919242788
12919242783 225 12919308316
12919242783 291 12919308319
12919242783 37 12919308321
12919242783 2 12919373855
12919242783 4 12936085535
12919242783 1 12936085539
12919242785 1 12902531100
12919242785 3 12902531103
12919242785 1 12902531105
12919242785 44 12919242791
12919242785 25 12919308316
12919242785 216 12919308319
12919242785 303 12919308321
12919242785 30 12919308324
12919242785 1 12919373855
12919242785 2 12936085537
12919242785 1 12936085539
12919242788 2 12902531103
12919242788 3 12902531105
12919242788 2 12919242791
12919242788 24 12919308319
12919242788 221 12919308321
12919242788 235 12919308324
12919242788 4 12919308327
12919242788 2 12919373860
12919242788 1 12936085538
12919242788 4 12936085540
12919242788 8 17214275620
12919242788 3 17214275623
12919242791 2 12902531105
12919242791 21 12919308321
12919242791 147 12919308324
12919242791 4 12919308327
12919242791 1 12919373860
12919242791 1 12936085540
12919242791 8 17214275620
12919242791 3 17214275623
12919308316 8 8624406556
12919308316 1 8624406557
12919308316 2 8624472093
12919308316 1 12902596636
12919308316 1 12919308319
12919308316 8 12919308321
12919308316 164 12919373852
12919308316 3 12919373853
12919308316 3 12919373854
12919308316 33 12919373855
12919308316 1 12919439389
12919308316 4 12919439390
12919308316 1 12936151070
12919308319 4 8624406556
12919308319 1 12902596636
12919308319 2 12902596639
12919308319 6 12919308324
12919308319 153 12919373852
12919308319 1 12919373853
12919308319 10 12919373854
12919308319 287 12919373855
12919308319 13 12919373856
12919308319 24 12919373857
12919308319 2 12919373858
12919308319 3 12919439390
12919308319 4 12919439392
12919308319 4 12919439394
12919308319 3 12936151070
12919308319 1 12936151072
12919308321 2 12902596639
12919308321 1 12919308324
12919308321 6 12919308327
12919308321 3 12919373852
12919308321 162 12919373855
12919308321 1 12919373856
12919308321 281 12919373857
12919308321 8 12919373858
12919308321 8 12919373859
12919308321 32 12919373860
12919308321 2 12919373861
12919308321 8 12919439394
12919308321 6 12919439395
12919308321 1 12936151072
12919308321 2 12936151074
12919308321 2 12936151075
12919308324 1 12902596644
12919308324 1 12919308327
12919308324 2 12919373855
12919308324 161 12919373857
12919308324 4 12919373859
12919308324 236 12919373860
12919308324 8 12919373861
12919308324 4 12919373862
12919308324 2 12919373863
12919308324 1 12919439395
12919308324 2 12919439396
12919308324 1 12919439397
12919308324 1 12919439398
12919308324 1 12936151077
12919308324 2 12936151078
12919308324 7 17214341156
12919308324 2 17214341159
12919308327 1 12902596644
12919308327 2 12919373857
12919308327 114 12919373860
12919308327 2 12919373862
12919308327 2 12919373863
12919308327 8 17214341156
12919308327 1 17214341158
12919308327 2 17214341159
12919308327 1 17214406694
12919373852 9 8624472092
12919373852 1 8624472093
12919373852 3 12902662172
12919373852 101 12919439388
12919373852 4 12919439389
12919373852 19 12919439390
12919373852 23 12919439391
12919373852 2 12919504925
12919373852 5 12919504926
12919373853 2 8624472093
12919373853 2 12919439389
12919373854 2 8624472093
12919373854 2 12919439389
12919373854 7 12919439390
12919373854 2 12919439392
12919373854 1 12936216606
12919373855 2 8624472092
12919373855 3 12902662172
12919373855 2 12902662175
12919373855 94 12919439388
12919373855 24 12919439390
12919373855 235 12919439391
12919373855 30 12919439392
12919373855 20 12919439393
12919373855 6 12919439394
12919373855 4 12919504926
12919373855 1 12919504927
12919373855 2 12919504928
12919373856 5 12919439390
12919373856 13 12919439392
12919373856 1 12919439394
12919373856 1 12936216606
12919373856 1 12936216608
12919373857 2 12902662175
12919373857 3 12902662177
12919373857 1 12919373860
12919373857 98 12919439391
12919373857 1 12919439392
12919373857 205 12919439393
12919373857 34 12919439394
12919373857 30 12919439395
12919373857 21 12919439396
12919373857 1 12919439397
12919373857 1 12919504927
12919373857 1 12919504929
12919373857 4 12919504930
12919373857 4 12919504931
12919373857 2 12919504933
12919373857 1 38689308761
12919373858 10 12919439392
12919373858 7 12919439394
12919373858 1 12919439395
12919373859 4 12919439394
12919373859 6 12919439395
12919373859 4 12919439397
12919373859 2 12936216611
12919373860 3 12902662177
12919373860 1 12902662180
12919373860 1 12919373863
12919373860 106 12919439393
12919373860 11 12919439395
12919373860 195 12919439396
12919373860 30 12919439397
12919373860 11 12919439398
12919373860 2 12919439399
12919373860 1 12919504929
12919373860 3 12919504931
12919373860 1 12919504932
12919373860 3 12919504933
12919373860 2 12919504934
12919373860 1 12936216608
12919373860 4 17214406692
12919373860 2 17214406695
12919373860 1 17231183912
12919373861 5 12919439395
12919373861 8 12919439397
12919373861 1 12919439398
12919373861 2 12936216611
12919373861 2 12936216613
12919373862 2 12919439397
12919373862 3 12919439398
12919373862 1 12936216613
12919373862 2 17214406694
12919373863 1 12902662180
12919373863 69 12919439396
12919373863 4 12919439398
12919373863 2 12919439399
12919373863 1 12936216608
12919373863 3 17214406692
12919373863 3 17214406695
12919373864 1 12919439398
12919373864 2 17214406694
12919439388 3 8624537628
12919439388 2 8624603165
12919439388 62 12919504924
12919439388 6 12919504925
12919439388 17 12919504926
12919439388 11 12919504927
12919439388 2 12919570462
12919439389 3 8624537629
12919439389 3 12919504925
12919439389 1 12919504926
12919439390 4 8624537629
12919439390 4 12919504925
12919439390 42 12919504926
12919439390 4 12919504928
12919439391 1 8624537628
12919439391 1 12902727708
12919439391 2 12902727711
12919439391 3 12902727713
12919439391 1 12919439393
12919439391 54 12919504924
12919439391 28 12919504926
12919439391 136 12919504927
12919439391 44 12919504928
12919439391 16 12919504929
12919439391 12 12919504930
12919439391 3 12919570462
12919439391 1 12919570463
12919439391 6 12919570464
12919439391 4 12919570466
12919439392 23 12919504926
12919439392 42 12919504928
12919439392 6 12919504930
12919439393 2 12902727711
12919439393 3 12902727713
12919439393 1 12919439396
12919439393 45 12919504927
12919439393 4 12919504928
12919439393 137 12919504929
12919439393 35 12919504930
12919439393 25 12919504931
12919439393 17 12919504932
12919439393 6 12919504933
12919439393 6 12919570466
12919439393 7 12919570467
12919439393 1 12919570469
12919439393 1 12953191174
12919439393 1 21543125812
12919439393 1 47279243368
12919439394 18 12919504928
12919439394 48 12919504930
12919439394 5 12919504931
12919439394 1 12936282146
12919439394 2 12936282147
12919439395 22 12919504930
12919439395 42 12919504931
12919439395 8 12919504933
12919439395 1 12936282146
12919439395 3 12936282147
12919439396 58 12919504929
12919439396 12 12919504931
12919439396 130 12919504932
12919439396 40 12919504933
12919439396 23 12919504934
12919439396 2 12919504935
12919439396 3 12919570467
12919439396 5 12919570469
12919439396 3 12919570470
12919439396 1 12919570472
12919439396 1 12953191174
12919439396 5 17214472231
12919439396 1 17214537768
12919439396 1 21543125812
12919439396 1 47279243368
12919439397 23 12919504931
12919439397 39 12919504933
12919439397 7 12919504934
12919439397 1 12936282147
12919439398 12 12919504933
12919439398 20 12919504934
12919439398 1 12936282150
12919439398 2 17214472232
12919439399 28 12919504932
12919439399 8 12919504934
12919439399 2 12919504935
12919439399 1 12919570470
12919439399 1 12919570472
12919439399 2 17214472230
12919439399 5 17214472231
12919439399 1 17214537768
12919439400 5 12919504934
12919439400 2 17214472232
12919504924 3 8624603164
12919504924 1 12902793244
12919504924 33 12919570460
12919504924 8 12919570461
12919504924 12 12919570462
12919504924 3 12919570463
12919504925 9 8624603165
12919504925 2 12919570461
12919504925 1 12919570462
12919504926 9 8624603165
12919504926 1 8626372654
12919504926 3 12919570461
12919504926 80 12919570462
12919504926 4 12919570464
12919504927 1 12902793244
12919504927 1 12919504929
12919504927 22 12919570460
12919504927 21 12919570462
12919504927 74 12919570463
12919504927 32 12919570464
12919504927 6 12919570465
12919504927 6 12919570466
12919504928 44 12919570462
12919504928 74 12919570464
12919504928 10 12919570466
12919504928 1 12921339953
12919504928 1 12921471031
12919504928 1 12936347680
12919504928 1 12936347682
12919504929 1 12902793249
12919504929 1 12919504932
12919504929 20 12919570463
12919504929 65 12919570465
12919504929 27 12919570466
12919504929 33 12919570467
12919504929 10 12919570468
12919504929 2 12919570469
12919504930 1 12919504931
12919504930 33 12919570464
12919504930 79 12919570466
12919504930 12 12919570467
12919504930 1 12921471028
12919504930 1 12921471031
12919504930 1 12936347682
12919504931 29 12919570466
12919504931 80 12919570467
12919504931 11 12919570469
12919504931 1 12936347683
12919504932 17 12919570465
12919504932 12 12919570467
12919504932 72 12919570468
12919504932 37 12919570469
12919504932 19 12919570470
12919504932 2 12919570471
12919504932 2 17214537766
12919504932 2 17214537767
12919504933 43 12919570467
12919504933 79 12919570469
12919504933 8 12919570470
12919504933 1 12936347686
12919504934 1 12919570467
12919504934 21 12919570469
12919504934 49 12919570470
12919504934 2 17214537766
12919504934 1 17214537768
12919504935 11 12919570468
12919504935 3 12919570470
12919504935 3 12919570471
12919504935 2 17214537766
12919504935 2 17214537767
12919504936 10 12919570470
12919504936 2 17214537766
12919504936 1 17214537768
12919570460 13 12919570463
12919570461 1 8624603166
12919570461 2 8626503723
12919570461 8 12919570462
12919570462 1 8626241582
12919570462 6 8626372651
12919570462 6 8626372654
12919570462 13 8626503723
12919570462 7 8626503726
12919570462 1 8642887714
12919570462 27 12919570464
12919570462 2 12921208878
12919570462 12 12921339950
12919570462 10 12921339953
12919570462 10 12921471022
12919570462 2 12921471025
12919570462 1 12921471028
12919570462 1 12937986094
12919570463 1 8642887714
12919570463 16 12919570465
12919570464 1 8626372651
12919570464 1 8626372654
12919570464 1 8626503723
12919570464 28 12919570466
12919570464 1 12921208878
12919570464 1 12921208881
12919570464 10 12921339950
12919570464 28 12921339953
12919570464 5 12921339956
12919570464 12 12921471022
12919570464 12 12921471025
12919570464 12 12921471028
12919570464 1 12937986100
12919570465 1 8643018786
12919570465 12 12919570468
12919570466 16 12919570467
12919570466 3 12921208884
12919570466 1 12921208887
12919570466 1 12921339950
12919570466 17 12921339953
12919570466 16 12921339956
12919570466 8 12921339959
12919570466 3 12921471022
12919570466 10 12921471025
12919570466 17 12921471028
12919570466 14 12921471031
12919570466 1 12937986100
12919570467 35 12919570469
12919570467 1 12921208884
12919570467 3 12921208887
12919570467 1 12921339953
12919570467 17 12921339956
12919570467 21 12921339959
12919570467 4 12921339962
12919570467 3 12921471025
12919570467 19 12921471028
12919570467 21 12921471031
12919570467 7 12921471034
12919570467 1 12937986100
12919570468 4 12919570471
12919570469 27 12919570470
12919570469 2 12921208887
12919570469 4 12921208890
12919570469 3 12921339956
12919570469 18 12921339959
12919570469 19 12921339962
12919570469 1 12921339966
12919570469 10 12921471028
12919570469 17 12921471031
12919570469 18 12921471034
12919570469 2 12937986106
12919570469 1 17216307262
12919570469 3 17216438334
12919570470 3 12919570472
12919570470 1 12921208890
12919570470 2 12921339959
12919570470 11 12921339962
12919570470 5 12921471031
12919570470 10 12921471034
12919570470 3 12921471038
12919570470 1 17216176190
12919570470 15 17216307262
12919570470 14 17216438334
12919570470 1 17216438337
12919570472 3 17216307262
12919570472 8 17216438334
12921208878 1 8626372654
12921208878 2 12921339950
12921208881 1 12921339950
12921208881 1 12921339953
12921208884 4 12921339956
12921208887 3 12921339959
12921208887 1 12938117175
12921208890 2 12921339962
12921208890 2 12938117178
12921339950 4 8626503726
12921339950 15 12921471022
12921339950 1 12921471025
12921339953 1 12921339956
12921339953 4 12921471022
12921339953 42 12921471025
12921339953 1 12921471028
12921339956 1 12921339959
12921339956 4 12921471025
12921339956 36 12921471028
12921339956 2 12921471031
12921339956 1 12938248244
12921339959 5 12921471028
12921339959 38 12921471031
12921339959 2 12921471034
12921339959 1 12938248247
12921339959 1 12938248250
12921339962 3 12921471031
12921339962 25 12921471034
12921339962 2 12921471038
12921339962 1 12938248250
12921339962 4 17216438334
12921339966 2 12921471034
12921339966 1 12921471038
12921339966 5 17216438334
12921471022 4 12921471025
12921471025 9 12921471028
12921471028 8 12921471031
12921471031 9 12921471034
12921471034 9 12921471038
12935233718 1 12935954465
12935299434 1 12952142411
12935299434 1 43016913567
12935299435 1 12952142413
12935299435 3 12952142414
12935299435 1 17247109659
12935299436 1 12952142414
12935299436 1 17247109712
12935299465 1 12952142462
12935299466 1 12952142411
12935299466 1 12952142412
12935299466 1 12952142464
12935299466 1 12952142465
12935299466 1 12952142516
12935299467 1 12935299499
12935299467 1 12952142415
12935299467 3 12952142465
12935299467 4 12952142466
12935299467 1 12952142516
12935299467 1 12952142517
12935299467 1 43016913569
12935299468 1 12952142415
12935299468 1 43016913569
12935299497 1 8640987163
12935299497 1 8657175218
12935299497 1 12952142462
12935299498 1 8640987163
12935299498 1 12952142516
12935299498 1 34428027551
12935299499 1 12935954467
12935299499 1 12935954468
12935299499 1 12935954469
12935299499 1 12952142516
12935299499 1 12952142518
12935299499 1 12952731685
12935299499 1 12953191013
12935299499 1 34428027551
12935299500 1 12952142518
12935954460 1 8641052700
12935954460 12 12936019996
12935954460 1 12936019997
12935954460 1 12936019998
12935954460 6 12936019999
12935954460 1 12936085534
12935954463 11 12936019996
12935954463 2 12936019998
12935954463 20 12936019999
12935954463 1 12936020000
12935954463 6 12936020001
12935954463 1 12936085534
12935954465 1 8641052701
12935954465 4 12936019999
12935954465 33 12936020001
12935954465 1 12936020003
12935954465 5 12936020004
12935954465 1 12936020005
12935954465 1 12936085537
12935954465 1 12936085538
12935954466 1 12936020000
12935954468 4 12936020001
12935954468 21 12936020004
12935954468 2 12936020005
12935954468 1 12936085542
12935954469 1 12936020005
12935954471 4 12936020004
12936019996 1 8641183773
12936019996 6 12936085532
12936019996 5 12936085534
12936019996 1 12936085535
12936019996 1 12936151070
12936019997 1 12936085533
12936019998 1 12936085533
12936019998 2 12936085534
12936019999 3 12936085532
12936019999 11 12936085534
12936019999 11 12936085535
12936019999 2 12936085536
12936019999 1 12936085537
12936019999 2 12936085538
12936019999 1 12936151070
12936019999 1 12936151072
12936020000 1 8658223874
12936020000 1 12936085536
12936020001 1 12936085535
12936020001 13 12936085537
12936020001 11 12936085538
12936020001 5 12936085539
12936020001 1 12936085540
12936020001 1 12936085541
12936020001 1 12936151072
12936020001 2 12936151074
12936020001 5 12936151075
12936020001 1 12936151077
12936020002 1 12936085536
12936020003 1 12936085541
12936020004 2 12936085539
12936020004 9 12936085540
12936020004 7 12936085541
12936020004 3 12936085542
12936020004 1 12936085543
12936020004 1 12936085544
12936020004 2 12936151077
12936020004 1 12936151078
12936020005 3 12936085541
12936020005 1 12953191133
12936020005 1 17248158471
12936020007 1 12936085542
12936020007 1 12936085543
12936020007 1 12936085544
12936085532 1 8641183773
12936085532 1 12936151069
12936085532 4 12936151070
12936085533 1 12936151070
12936085534 2 8641183773
12936085534 9 12936151070
12936085534 5 12936151072
12936085535 5 12936151070
12936085535 11 12936151072
12936085535 1 12936151074
12936085536 2 12936151070
12936085536 7 12936151072
12936085537 9 12936151074
12936085537 8 12936151075
12936085538 1 8642625579
12936085538 2 12936151072
12936085538 9 12936151074
12936085538 4 12936151075
12936085539 1 8642625579
12936085539 4 12936151074
12936085539 8 12936151075
12936085539 1 12936151077
12936085539 1 12953191174
12936085540 1 12936151075
12936085540 9 12936151077
12936085540 4 12936151078
12936085541 2 12936151075
12936085541 7 12936151077
12936085541 1 12936151078
12936085541 1 12937592890
12936085542 3 12936151077
12936085542 5 12936151078
12936085543 1 12936151078
12936085543 1 17231118374
12936085544 3 12936151078
12936151069 1 8641249309
12936151070 1 8641249309
12936151070 1 12936216605
12936151070 17 12936216606
12936151070 1 12936216608
12936151070 1 12937723950
12936151072 10 12936216606
12936151072 19 12936216608
12936151074 9 12936216608
12936151074 18 12936216610
12936151074 3 12936216611
12936151075 11 12936216610
12936151075 24 12936216611
12936151075 2 12936216613
12936151075 1 12936282147
12936151075 1 12937723956
12936151077 5 12936216611
12936151077 19 12936216613
12936151077 2 12936216614
12936151077 1 12937723956
12936151077 1 12937723962
12936151078 4 12936216613
12936151078 10 12936216614
12936151078 1 12937723962
12936151078 1 17231183910
12936151078 2 17231183912
12936151080 1 12936216614
12936151080 1 17231183910
12936151080 2 17231183912
12936216605 1 8641314845
12936216606 3 8641314845
12936216606 1 8642756654
12936216606 2 8642887726
12936216606 9 12936282142
12936216606 3 12936282144
12936216606 1 12937723950
12936216606 1 12937855022
12936216608 1 8642756645
12936216608 1 8642887726
12936216608 5 12936282142
12936216608 13 12936282144
12936216608 5 12936282146
12936216608 3 12937855022
12936216608 2 12937855025
12936216608 1 12937855028
12936216610 2 12936282144
12936216610 13 12936282146
12936216610 4 12936282147
12936216610 2 12937855022
12936216610 3 12937855025
12936216610 2 12937855028
12936216610 1 12937855031
12936216611 5 12936282146
12936216611 14 12936282147
12936216611 6 12936282149
12936216611 4 12937855028
12936216611 4 12937855031
12936216611 2 12937855034
12936216613 4 12936282147
12936216613 13 12936282149
12936216613 4 12936282150
12936216613 1 12937723959
12936216613 3 12937855031
12936216613 1 12937855034
12936216614 1 12936282149
12936216614 9 12936282150
12936216614 2 12937855034
12936216614 1 17231249448
12936216614 2 17232822334
12936216616 1 17232822334
12936282142 2 8643018795
12936282142 2 8643018798
12936282142 1 12936347678
12936282142 3 12937986094
12936282142 2 12937986097
12936282144 1 8643018798
12936282144 2 12937855025
12936282144 1 12937855028
12936282144 1 12937986094
12936282144 5 12937986097
12936282144 4 12937986100
12936282146 1 12936347682
12936282146 2 12937855025
12936282146 4 12937986097
12936282146 7 12937986100
12936282146 1 12937986103
12936282147 1 12936347682
12936282147 4 12936347683
12936282147 2 12937855028
12936282147 10 12937986100
12936282147 6 12937986103
12936282147 1 12937986106
12936282149 1 12936347683
12936282149 3 12937986100
12936282149 5 12937986103
12936282149 9 12937986106
12936282150 1 12936347686
12936282150 2 12937855034
12936282150 3 12937986106
12936282150 1 17232822334
12936282150 5 17232953406
12936282152 2 17232953406
12936347678 1 12937986094
12936347680 1 12937986100
12936347682 1 12937986097
12936347682 1 12937986100
12936347683 1 12921208884
12936347683 2 12937986100
12936347683 2 12937986103
12936347686 1 12937986106
12936347686 1 17232953406
12937592890 1 17232691262
12937723950 1 8642887726
12937723950 1 12937855022
12937723956 1 12937855028
12937723959 1 12937855031
12937723959 1 12954632243
12937723962 1 12937855031
12937723962 1 12937855034
12937855022 2 8643018798
12937855022 2 12937986094
12937855025 2 12937986094
12937855025 7 12937986097
12937855025 2 12937986100
12937855028 1 12937986097
12937855028 10 12937986100
12937855031 1 12937986100
12937855031 4 12937986103
12937855031 1 12937986105
12937855031 3 12937986106
12937855034 6 12937986106
12937855034 2 17232953406
12937855038 2 17232953406
12937986094 7 12938117166
12937986094 1 12938117167
12937986097 3 12938117166
12937986097 3 12938117167
12937986097 13 12938117169
12937986097 2 12938117172
12937986100 1 12921339953
12937986100 2 12921339956
12937986100 1 12938117169
12937986100 27 12938117172
12937986100 2 12938117174
12937986100 2 12938117175
12937986100 2 12938248243
12937986103 3 12938117172
12937986103 14 12938117175
12937986103 5 12938117178
12937986105 1 12938117174
12937986106 15 12938117178
12937986106 3 12938117180
12937986106 1 12938117182
12937986106 3 17233084478
12937986110 2 17233084478
12938117166 2 8643280942
12938117166 7 12938248238
12938117166 1 12938248239
12938117167 3 12938248239
12938117169 1 12938248238
12938117169 3 12938248239
12938117169 7 12938248241
12938117169 3 12938248243
12938117171 1 12938248239
12938117172 3 12938248243
12938117172 19 12938248244
12938117172 4 12938248246
12938117172 1 12938248247
12938117174 1 12938248245
12938117174 2 12938248246
12938117175 2 12938248244
12938117175 3 12938248246
12938117175 8 12938248247
12938117175 3 12938248249
12938117175 1 12938248250
12938117178 5 12938248249
12938117178 10 12938248250
12938117178 3 12938248252
12938117178 1 12938248254
12938117178 2 17233215550
12938117180 2 12938248252
12938117180 1 17233215548
12938117182 2 17233215550
12938248241 1 12938248243
12938248243 1 12938248244
12938248244 1 12938248247
12938248246 1 12938248249
12938248247 3 12938248250
12938248249 1 12938248250
12938248250 1 12938248252
12938248250 1 12938248254
12952076617 1 8657175061
12952076618 1 12952142359
12952076619 1 17263886823
12952076651 1 12952142362
12952076651 1 12952142414
12952076651 1 43016913567
12952076652 1 17247109659
12952142359 1 12968985378
12952142362 1 12968985382
12952142411 1 12968985378
12952142411 1 12968985455
12952142412 1 12968985459
12952142413 1 12968985381
12952142414 1 12952208246
12952142414 1 12968985305
12952142414 1 12968985383
12952142414 1 12968985462
12952142415 1 12968985383
12952142415 1 17263952681
12952142462 1 8657241020
12952142462 1 12968985456
12952142463 1 12968985456
12952142464 1 12968985456
12952142465 1 12952208320
12952142465 1 12952208322
12952142465 1 12968985460
12952142466 1 12952208321
12952142466 1 12952208322
12952142466 1 12952208323
12952142466 1 17247175621
12952142467 1 17247175621
12952142516 2 12952208397
12952142516 1 12952208398
12952142517 1 12952208397
12952142517 1 12953191052
12952142518 1 12952208322
12952208246 1 17264935447
12952208320 1 12969968188
12952208321 1 12969968148
12952208322 1 12969968149
12952208322 1 12969968189
12952208322 1 12969968190
12952208323 1 12969968189
12952208397 1 12969968187
12952208397 1 43016979516
12952208398 1 12953191012
12952208398 1 12969968188
12952731685 1 12953191093
12953191012 1 12970034064
12953191013 1 12970034010
12953191014 1 12970034010
12953191052 1 12953256960
12953191093 1 12953257016
12953191133 1 12953257016
12953191133 1 12953257018
12953191134 1 12953257018
12953191174 1 12953256962
12953191174 1 17249337410
12953256960 1 8658355755
12953256962 1 12970100037
12953257016 1 8659402796
12953257017 1 8659402796
12953257018 1 12953323055
12953323055 1 8676180010
12954632243 1 12954763312
12968985305 1 17281712583
12968985306 1 17281712583
12968985378 1 8675000811
12968985378 1 12986745284
12968985381 1 12969968108
12968985382 1 12986745325
12968985383 1 12986745325
12968985455 1 8675000810
12968985456 1 8675000851
12968985457 1 8675000851
12968985459 1 12969968108
12968985459 1 12969968110
12968985460 1 12969968149
12968985462 1 17264935448
12969968108 1 8691843759
12969968110 1 12986811002
12969968110 1 12986811004
12969968148 1 8691843759
12969968148 1 12970033895
12969968149 1 12970033895
12969968149 1 12970033897
12969968149 1 12986811057
12969968150 1 12970033899
12969968150 1 12986811115
12969968151 1 12970033899
12969968151 1 12986811115
12969968187 1 8675066654
12969968188 2 8675066655
12969968189 1 12970033953
12969968189 1 12970033954
12969968190 1 12970033954
12969968190 1 17265001253
12970033895 1 8691909639
12970033896 1 8691909639
12970033897 1 8691909565
12970033899 1 12986876943
12970033900 1 12986876866
12970033900 2 12986876943
12970033952 1 12986877019
12970033953 1 8675132505
12970033954 1 12986877018
12970034008 1 12970099960
12970034010 1 12970099960
12970034064 1 12970100113
12970099958 1 12970165887
12970099960 1 12970165885
12970099960 1 12970165890
12970100037 1 8675198485
12970100038 1 8675198485
12970100113 1 12970100114
12970165885 1 8675264536
12970165886 1 8675264536
12970165887 1 12970231840
12970165890 1 17265199141
12970231840 1 17265265387
12986745284 1 13003588161
12986745325 1 12986811001
12986745325 1 12986811002
12986811001 1 8691909408
12986811002 1 12986876784
12986811004 1 17281844009
12986811057 1 12986876863
12986811058 1 12986876863
12986811115 1 12986876866
12986876784 1 8708752302
12986876863 1 12986942590
12986876866 1 12986942695
12986876939 1 12986942796
12986876943 1 8691975497
12986876943 1 12986942795
12986877018 1 8691975495
12986877019 1 12986942798
12986942590 1 8692040909
12986942695 1 12987008331
12986942696 1 12987008331
12986942795 1 8692041269
12986942796 1 12987008574
12986942798 1 12987008576
12987008331 1 8692106927
12987008574 1 12987074541
12987008576 1 17282041840
12987074388 1 12987074540
12987074389 1 12987074541
12987074540 1 12987074541
13003588161 1 13003653770
13003653770 1 17298686499
13003653843 1 13003719503
13003719503 1 21610692658
13003784952 1 21610692658
17214144548 1 17214210084
17214144548 2 17214210087
17214144548 1 17214210090
17214144551 1 17214210084
17214144551 3 17214210087
17214144551 1 17214210090
17214144551 1 17230987303
17214144551 1 21543125691
17214144554 1 17214210084
17214210084 3 17214275620
17214210084 8 17214275623
17214210084 2 17214275626
17214210087 3 17214275620
17214210087 11 17214275623
17214210087 2 17214275626
17214210090 1 17214275626
17214210090 1 17214275628
17214210092 1 17214275628
17214275620 7 17214341156
17214275620 3 17214341159
17214275623 7 17214341156
17214275623 1 17214341158
17214275623 13 17214341159
17214275623 3 17214341160
17214275626 1 17214341165
17214275626 2 17231118379
17214275628 1 17214341165
17214275628 1 21509308466
17214275631 1 21509308466
17214341156 2 17214406692
17214341156 13 17214406695
17214341158 2 17214406696
17214341159 3 17214406692
17214341159 1 17214406694
17214341159 17 17214406695
17214341159 8 17214406696
17214341159 1 17214406697
17214341159 1 17214472232
17214341160 3 17214406696
17214341160 1 17214406697
17214341160 1 17231183912
17214341161 1 17214406696
17214341161 1 17214406697
17214341161 1 17231183912
17214341165 1 17231183918
17214341166 1 17231183918
17214406692 6 17214472231
17214406694 2 17214472232
17214406694 2 17231249448
17214406695 2 17214472230
17214406695 17 17214472231
17214406695 6 17214472232
17214406696 10 17214472232
17214406696 2 17214472233
17214406696 3 17231249448
17214406697 4 17214472233
17214472230 1 17214537766
17214472230 3 17214537768
17214472231 3 17214537766
17214472231 10 17214537767
17214472231 7 17214537768
17214472232 1 17214537766
17214472232 18 17214537768
17214472232 4 17214537769
17214472233 1 17214537768
17214472233 5 17214537769
17214472233 3 17214537771
17214472235 1 17214537771
17214537766 5 17214537768
17214537766 1 17216307262
17214537766 1 17216438334
17214537766 1 17216438337
17214537768 1 12921339962
17214537768 1 17216176190
17214537768 2 17216307262
17214537768 5 17216307265
17214537768 4 17216438334
17214537768 6 17216438337
17214537768 1 17216438340
17214537768 2 17232953409
17214537769 3 17216307265
17214537769 1 17216307268
17214537769 3 17216438337
17214537769 2 17216438340
17214537769 1 17232953409
17214537771 1 17216176196
17214537771 1 17232953412
17216176190 2 17216307262
17216176196 1 17233084487
17216307262 15 17216438334
17216307262 1 17216438337
17216307262 1 17233215550
17216307262 1 17233215553
17216307265 4 17216438337
17216307265 2 17216438340
17216307265 1 17233215553
17216307268 2 17216438340
17216438334 5 17216438337
17230266764 1 17247109711
17230266764 1 17247109763
17230266764 1 17247109765
17230266765 2 17247109765
17230266766 1 17247109767
17230266797 1 17247109816
17230266797 1 17247698990
17230921764 1 17230987303
17230987303 1 17231052838
17230987303 1 17231052842
17230987306 1 17231052842
17230987307 1 21543125730
17231052838 1 17231118376
17231052840 1 17231118376
17231052842 1 17231118379
17231118374 1 17231183912
17231118376 2 17231183912
17231118379 1 17231183915
17231118379 2 17231183917
17231118381 2 17231183917
17231183910 1 17231249448
17231183912 1 12937723959
17231183912 3 17231249448
17231183912 1 17231249449
17231183912 2 17232822334
17231183913 1 17231249449
17231183915 1 17231249453
17231183917 1 17232822343
17231183917 1 17232822346
17231183918 1 17232822346
17231249448 1 17231314984
17231249448 3 17232953406
17231249448 2 17232953409
17231249448 1 17232953412
17231249449 1 17232953412
17231314984 1 17232953406
17232691262 1 17232822335
17232822334 2 17232953406
17232822334 3 17232953409
17232822335 1 17232953410
17232822337 1 17232953409
17232822343 1 17232953415
17232822346 2 17232953418
17232953406 10 17233084478
17232953406 2 17233084481
17232953406 1 17233215553
17232953409 8 17233084481
17232953409 2 17233084484
17232953410 1 17233084483
17232953412 2 17233084484
17232953412 1 17233084487
17232953415 1 17233084488
17232953418 1 17233084491
17232953418 1 21528051789
17233084478 7 17233215550
17233084478 4 17233215551
17233084478 2 17233215553
17233084479 1 17233215551
17233084481 5 17233215553
17233084481 2 17233215554
17233084481 1 17233215556
17233084484 1 17233215556
17233084484 1 17233215557
17233084484 1 17233215559
17233084487 2 17233215559
17233084488 1 17233215561
17233084491 1 17233215564
17233215559 1 17233215560
17247043948 1 38705758302
17247109659 1 17263952681
17247109711 1 17247109763
17247109712 1 17247175543
17247109712 1 17263952761
17247109763 1 17247175542
17247109763 1 17247175543
17247109765 1 17247175544
17247109765 1 17247175624
17247109767 1 17247175626
17247109815 1 17248158313
17247109816 1 17247175622
17247175542 1 12969968150
17247175543 1 12969968150
17247175544 1 17247175622
17247175545 1 17247175623
17247175621 1 17264935448
17247175622 1 17264935447
17247175622 1 17264935487
17247175623 1 17264935447
17247175624 1 17264935490
17247175625 1 17264935490
17247175626 1 17264935490
17247175627 1 17264935490
17247175700 1 17264935487
17247698990 1 21543125731
17247698992 1 21543125731
17248158313 1 17265001369
17248158471 1 17249337409
17249337409 1 17249468485
17249337410 1 17249468486
17249468486 1 21544632364
17249468489 1 21544632364
17263886823 1 17280729743
17263886824 1 17280729743
17263952681 2 17281712584
17263952682 1 17281712584
17263952761 1 17264935449
17264935447 1 12970033900
17264935447 1 17265001254
17264935448 1 17265001199
17264935448 1 17265001200
17264935449 1 21559968497
17264935487 1 12970033956
17264935487 1 17265001254
17264935490 1 17265001256
17264935490 1 21559968555
17265001199 1 21576811548
17265001200 1 21576811547
17265001253 1 17265067107
17265001254 1 17265067107
17265001256 1 17265067107
17265001369 1 21560034644
17265067107 1 17281910207
17265067107 1 17281910303
17265067107 1 21576877608
17280729743 1 17281712546
17281712546 1 21593522706
17281712583 1 17298555405
17281712584 1 17281778303
17281712584 1 17298555464
17281712624 1 17281778303
17281778303 1 17298621152
17281844009 1 17298686911
17281910106 1 17281975880
17281910207 1 17281976005
17281910303 1 12987008933
17281975880 1 12987074388
17281976005 1 21577009455
17298555405 1 17298620993
17298555462 1 17298620993
17298555464 1 21593588294
17298620993 1 17315463722
17298621072 1 17315463722
17298621152 1 21593654111
17298686499 1 21610823728
17298686911 1 30200627261
17298752381 1 30200627261
17298752381 1 30200627262
17315463722 1 21610692659
17315528874 1 21610692652
17315528874 1 21610692653
21509177402 1 25804210242
21509308466 1 21509374003
21509374003 1 21526216757
21509374005 1 21526216757
21526216757 1 21527789651
21527789651 1 21527920723
21527920723 1 21528051795
21528051789 1 21528182862
21528051795 1 21528182868
21543125691 1 21543191508
21543125730 1 21543191620
21543125731 1 21543191675
21543125812 1 21543191678
21543191508 1 21560034725
21543191620 1 25839272035
21543191675 1 21544304727
21543191678 1 43019141282
21544304727 1 25839403097
21559902787 1 21559968554
21559902788 1 21559968554
21559968497 1 21576811550
21559968498 1 21576811550
21559968554 1 21576811623
21559968555 1 21560034413
21559968555 1 21576811623
21560034644 1 25855068107
21560034725 1 25855068108
21560034726 1 25855068108
21576811623 1 17281910106
21576811624 1 17281910106
21593522706 1 21593588221
21593588294 1 21610430925
21593654111 1 21593719563
21593719563 1 25888752306
21610496296 1 21610692659
21610692652 1 21610823728
21610692652 1 21610823729
25804144695 1 25804210242
25804210242 1 30116020296
25839403097 1 25839730746
25839403100 1 25839730746
25839730746 1 25839861821
25855068108 1 30151082048
25871647225 1 25871712906
25871712906 1 25871778696
25871778696 1 25888621622
25871778775 1 25871844508
25871844508 1 21576942951
25871844610 1 21576942951
25888621622 1 25888687225
25888687225 1 21593785460
30115889228 1 30133060292
30116020296 1 30117462135
30117462135 1 34429337725
30131945845 1 30132011562
30132011562 1 30148854591
30133060292 1 30133060332
30133060331 1 30133060332
30148854591 1 30149837306
30149837306 1 30166680259
30150101426 1 30150101427
30151016569 1 30151213121
30166680259 1 25871778775
30166811919 1 30166811920
34410135927 1 34426978913
34410135928 1 34426978913
34428027551 1 34444870627
34428027591 1 34428093467
34428027592 1 34428093467
34428093467 1 34428159569
34428093580 1 34429206657
34428159569 1 30151016569
34428159570 1 30151016569
34429206657 1 34429337724
34429337724 1 30134829119
34429337725 1 34429468801
34429468801 1 38724567175
34429468804 1 38724567175
34444804648 1 34461647564
34444870627 1 34444936552
34444936552 1 34445002613
34445002613 1 30150101426
34461647564 1 34461713379
34461647620 1 34461713379
34461713379 1 34461779115
34461713459 1 30166811919
34461779115 1 30183654658
34461779116 1 30183654658
34478556235 1 30183654299
38689308761 1 8658223794
38705103259 1 38721946267
38705758296 1 34428027591
38705758302 1 38705823835
38705823835 1 38722994969
38705823836 1 38722994969
38707658897 1 38724567178
38707658899 1 38724567178
38721946267 1 38722012057
38721946322 1 12952208397
38722012057 1 34444804648
38722994969 1 34428093580
38724173969 1 38724305035
38724305035 1 30134960197
38724567178 1 34429796429
38724567181 1 34429796429
38739771907 1 38739771947
38739771908 1 38739771948
38739771947 1 38756614864
38739771948 1 38756614864
38739771986 1 38739837758
38739771987 1 38739837758
38739837758 1 34461713459
38756614864 1 38756680602
38756680602 1 34478556235
42983227615 1 12935299498
43000070557 1 43016913567
43000070589 1 12952142516
43000791142 1 43017962269
43016913567 2 43016979438
43016913569 1 43016979441
43016979438 1 43034739244
43016979438 1 43034739285
43016979441 1 43034739286
43016979516 1 12969968188
43016979519 1 43034739286
43017962269 1 38724173969
43034739244 1 43034805003
43034739285 1 43034805061
43034739286 1 43034805062
43034805003 1 43051648063
43034805061 1 43034871006
43034805062 1 43034870928
43034870928 1 47346681439
43034871006 1 85263869
43051648063 1 43051713833
43051713833 1 47346746781
47279243368 1 38707658897
47279243370 1 38707658897
47314108581 1 43019272349
47314108584 1 43019272349
47329838616 1 38724173972
47346681439 1 102106890
47346746781 1 102172147
