1114118 1 1114121
34668545 1 12953191213
8607498265 1 8607498271
8607498268 1 8607563801
8607498271 1 8607563801
8607563801 2 8607563807
8607563804 2 8607629337
8607563804 1 8607629340
8607563807 1 8607629337
8607563807 1 8607629340
8607629337 7 8607629343
8607629337 1 8607694871
8607629340 1 8607694871
8607629340 5 8607694873
8607629340 4 8607694876
8607629343 6 8607694873
8607629343 4 8607694876
8607694871 1 8607760407
8607694873 5 8607694879
8607694873 1 8607760407
8607694873 2 8607760409
8607694876 3 8607760409
8607694876 9 8607760412
8607694879 1 8607760409
8607694879 5 8607760412
8607760407 1 8607825943
8607760409 1 8607760415
8607760409 1 8607825943
8607760409 1 8607825945
8607760409 1 8624603159
8607760412 1 8607825945
8607760412 14 8607825948
8607760415 4 8607825948
8607825945 1 8607825948
8607825948 2 8607825951
8624537628 1 8624603164
8624603159 1 8624603161
8659861527 1 8659861528
12902400025 26 12902400031
12902400025 1 12902465561
12902400028 1 8607498265
12902400028 30 12902400033
12902400028 18 12902465561
12902400028 12 12902465564
12902400028 2 12919242777
12902400028 1 12919242780
12902400031 1 8607498265
12902400031 45 12902400036
12902400031 15 12902465561
12902400031 42 12902465564
12902400031 4 12902465567
12902400031 2 12919242777
12902400031 2 12919242780
12902400033 42 12902400039
12902400033 31 12902465564
12902400033 50 12902465567
12902400033 3 12902465569
12902400033 1 12919242780
12902400033 2 12919242783
12902400033 1 17214210092
12902400036 1 12902400039
12902400036 4 12902400042
12902400036 44 12902465567
12902400036 39 12902465569
12902400036 6 12902465572
12902400036 2 12919242783
12902400036 1 17214210092
12902400039 1 12902465567
12902400039 38 12902465569
12902400039 9 12902465572
12902400039 1 17197432868
12902400042 3 12902465572
12902400042 1 17197432868
12902465561 54 12902465567
12902465564 1 8607563801
12902465564 65 12902465569
12902465564 36 12902531097
12902465564 43 12902531100
12902465564 1 12919308316
12902465564 1 17231052840
12902465564 1 38689112157
12902465567 1 8607563801
12902465567 1 12902465569
12902465567 108 12902465572
12902465567 35 12902531097
12902465567 103 12902531100
12902465567 18 12902531103
12902465567 3 12919308316
12902465569 105 12902465575
12902465569 66 12902531100
12902465569 115 12902531103
12902465569 24 12902531105
12902465569 2 12902531108
12902465569 1 12919308316
12902465569 1 12919308319
12902465569 1 12919308321
12902465569 1 38689112157
12902465572 4 12902465578
12902465572 96 12902531103
12902465572 100 12902531105
12902465572 37 12902531108
12902465572 1 12919308319
12902465572 2 12919308321
12902465575 1 12902531103
12902465575 82 12902531105
12902465575 39 12902531108
12902465575 1 12902531111
12902465575 1 12919308321
12902465575 3 17197498404
12902465578 1 12902531111
12902465578 4 17197498404
12902531097 63 12902531103
12902531097 1 12902596636
12902531100 6 8607629337
12902531100 2 8607629340
12902531100 93 12902531105
12902531100 23 12902596633
12902531100 83 12902596636
12902531100 3 12902596639
12902531100 1 12919373852
12902531103 7 8607629337
12902531103 2 8607629340
12902531103 1 12902531105
12902531103 139 12902531108
12902531103 21 12902596633
12902531103 161 12902596636
12902531103 58 12902596639
12902531103 1 12902596641
12902531103 1 12919373852
12902531103 2 12919373855
12902531105 1 12902531108
12902531105 118 12902531111
12902531105 82 12902596636
12902531105 170 12902596639
12902531105 62 12902596641
12902531105 2 12919373855
12902531105 1 12919373857
12902531105 1 21509308466
12902531108 2 12902531114
12902531108 113 12902596639
12902531108 140 12902596641
12902531108 72 12902596644
12902531108 2 12919373855
12902531108 2 12919373857
12902531108 3 12919373860
12902531108 1 21509308466
12902531111 84 12902596641
12902531111 73 12902596644
12902531111 1 12919373855
12902531111 1 12919373857
12902531111 3 12919373860
12902531114 2 12902596644
12902596633 29 12902596639
12902596636 2 8607694873
12902596636 1 8607694876
12902596636 2 12902596639
12902596636 79 12902596641
12902596636 8 12902662169
12902596636 110 12902662172
12902596636 3 12902662175
12902596636 1 21526151222
12902596639 1 8607694873
12902596639 1 8607694876
12902596639 98 12902596644
12902596639 8 12902662169
12902596639 168 12902662172
12902596639 108 12902662175
12902596639 1 12902662177
12902596639 1 12919439388
12902596639 3 12919439391
12902596641 1 1114118
12902596641 83 12902596647
12902596641 62 12902662172
12902596641 175 12902662175
12902596641 105 12902662177
12902596641 3 12902662180
12902596641 4 12919439391
12902596641 2 12919439393
12902596641 1 17197629476
12902596641 1 17197629482
12902596644 2 12902596647
12902596644 69 12902662175
12902596644 153 12902662177
12902596644 106 12902662180
12902596644 2 12919439393
12902596644 1 12919439396
12902596644 1 17197629476
12902596647 1 1114118
12902596647 56 12902662177
12902596647 102 12902662180
12902596647 1 12919439391
12902596647 1 12919439396
12902596647 2 17197629476
12902596647 1 17197629482
12902662169 8 12902662175
12902662172 4 8607760412
12902662172 1 12902662175
12902662172 39 12902662177
12902662172 123 12902727708
12902662172 11 12902727711
12902662172 1 12919504924
12902662172 2 12919504927
12902662175 5 8607760412
12902662175 1 12902662177
12902662175 41 12902662180
12902662175 146 12902727708
12902662175 149 12902727711
12902662175 15 12902727713
12902662175 1 12919504924
12902662175 3 12919504927
12902662177 1 12902662180
12902662177 38 12902662183
12902662177 24 12902727708
12902662177 154 12902727711
12902662177 138 12902727713
12902662177 9 12902727716
12902662177 1 12902793249
12902662177 3 12919504929
12902662177 1 12919504932
12902662180 25 12902727711
12902662180 140 12902727713
12902662180 118 12902727716
12902662180 2 12902727719
12902662180 3 12919504929
12902662180 1 12919504932
12902662180 1 12919570468
12902662180 9 17197695012
12902662183 21 12902727713
12902662183 100 12902727716
12902662183 2 12902727719
12902662183 1 12919570468
12902662183 8 17197695012
12902727708 1 34668545
12902727708 8 8607825948
12902727708 9 12902727713
12902727708 112 12902793244
12902727708 17 12902793247
12902727708 2 12919570460
12902727711 5 8607825948
12902727711 8 12902727716
12902727711 109 12902793244
12902727711 168 12902793247
12902727711 18 12902793249
12902727711 2 12919570460
12902727711 1 12919570463
12902727713 8 12902727719
12902727713 2 12902793244
12902727713 120 12902793247
12902727713 160 12902793249
12902727713 13 12902793252
12902727713 1 12919570463
12902727713 1 12919570465
12902727716 4 12902793247
12902727716 113 12902793249
12902727716 128 12902793252
12902727716 1 12919570465
12902727716 1 12919570468
12902727716 2 17197760548
12902727719 5 12902793249
12902727719 83 12902793252
12902727719 1 12902793255
12902727719 3 17197760548
12902793244 104 12902793247
12902793247 92 12902793249
12902793249 96 12902793252
12902793249 1 12921471025
12902793252 66 12902793255
12902793252 1 12921471025
12919242777 1 12902465567
12919242777 1 12919242783
12919242780 4 12919308316
12919242783 2 12919242788
12919242783 3 12919308316
12919242785 1 12919308319
12919242785 1 12919308321
12919242788 1 12919308319
12919242788 1 12919308321
12919308316 1 12919308321
12919308316 5 12919373852
12919308319 2 12919308324
12919308319 6 12919373852
12919308321 1 12919373852
12919308321 2 12919373855
12919308321 4 12919373857
12919308324 1 12919373855
12919308324 4 12919373857
12919373852 6 12919439388
12919373852 1 12919439391
12919373855 6 12919439388
12919373855 2 12919439391
12919373855 2 12919439393
12919373855 1 12936216605
12919373857 1 12919439391
12919373857 7 12919439393
12919373857 1 12919439396
12919373860 5 12919439393
12919373860 4 12919439396
12919373863 3 12919439396
12919439388 1 8624537628
12919439388 6 12919504924
12919439391 1 8624537628
12919439391 6 12919504924
12919439391 5 12919504927
12919439391 1 12936282144
12919439393 3 12919504927
12919439393 7 12919504929
12919439393 2 12919504932
12919439393 1 12936282144
12919439396 4 12919504929
12919439396 6 12919504932
12919439396 1 17214472228
12919439399 3 12919504932
12919504924 7 12919570460
12919504927 1 34668545
12919504927 5 12919570460
12919504927 7 12919570463
12919504927 1 12919570466
12919504929 1 12919570463
12919504929 7 12919570465
12919504929 1 12919570466
12919504929 2 12919570468
12919504929 1 12921471025
12919504932 3 12919570465
12919504932 9 12919570468
12919504932 1 12921471025
12919504935 2 12919570468
12919570460 2 12919570463
12919570465 2 12919570468
12919570466 1 12921339956
12919570468 2 12919570471
12921339956 1 12921471028
12936216605 1 12937723950
12936216606 1 12937723950
12936282144 1 12937855025
12937723950 1 12954632239
12937855025 1 12937986099
12937986099 1 12938117170
12953191213 1 12953256961
12953256961 1 8675132660
12954370105 1 12954501170
12954501170 1 12954697754
12954501173 1 12954697754
12954632239 1 12954763314
12954697754 1 8659861527
12954763314 1 12954959902
12954959902 1 12955090973
12955090973 1 12955090975
17180917802 1 17180917807
17180917804 1 17180983340
17180917807 1 17180983340
17180983340 1 17180983346
17180983343 1 17180983346
17197432868 1 12902465578
17197432871 1 17197498404
17197498404 4 17197563940
17197498407 1 12902596644
17197498407 4 17197563940
17197563940 4 17197629476
17197563943 4 17197629476
17197629476 1 17197629482
17197629476 2 17197695012
17197629476 3 17197695015
17197629479 1 17180917802
17197629479 2 17197695012
17197629479 3 17197695015
17197629482 1 17180917802
17197629482 1 17197695023
17197629484 1 17197695023
17197695012 1 17197695015
17197695012 4 17197760548
17197695012 6 17197760551
17197695015 3 17197760548
17197695015 9 17197760551
17197695023 1 21509505074
17197760548 6 17197760551
17214210092 1 21509242932
17214210095 1 21509242932
17214406695 1 17214472228
17214472228 1 17214537767
17214472231 1 17214537767
17231052840 1 17248158511
17231052841 1 17248158511
17248158511 1 12954370105
17249468491 1 17249599557
21509242932 1 21526085686
21509308466 1 21527527504
21509505074 1 21511405654
21511405654 1 21511405658
21526085686 1 21526151222
21526151222 1 21527658579
21526151222 1 21544304723
21526151224 1 21527658579
21527527504 1 17249468491
21527658579 1 21527789651
21527789651 1 21527920721
21527789652 1 21527920721
21527920721 1 21544829007
21544829007 1 21544829010
38672334944 1 43019141276
38689112157 1 43019141276
43019141276 1 43019272355
43019272355 1 47314370730
