69599242 1 52953094
100663410 1 134283427
100663410 1 168099848
134217825 1 151060610
134217825 1 168034309
134217825 1 168034311
134283427 1 151126176
135528607 1 135594087
135528608 1 135594087
135594087 1 43085529180
135659647 1 47380496482
135659649 1 47380496482
151060610 1 151126122
151126122 1 151191555
151126174 1 151191555
151126176 1 151191557
151191555 1 13037994043
151191557 1 13054902325
152240244 1 135528607
152698889 1 47397470377
152698889 1 47397470378
168034309 1 168099849
168099848 1 4463132682
168099848 1 4463132683
168099849 1 4479909905
168099849 1 4479909908
168165381 1 8742961177
168165381 1 13069910044
4396942183 1 8691975388
4396942184 1 8691975388
4413587822 1 4413653561
4413653561 1 4396942183
4413719010 1 4413784692
4413784591 1 4413850217
4413784692 1 4413850336
4413784796 1 4413850458
4413850217 1 4413915759
4413850218 1 4413850219
4413850336 1 118948766
4413850338 1 118948763
4413850458 1 4413916217
4413850459 1 4413916217
4429316260 1 4429381955
4429381955 1 4413587822
4429381956 1 4413587822
4430430439 1 135528607
4430430442 1 4430495989
4430430442 1 8725397795
4430430498 1 4430496066
4430495989 1 4430561495
4430496068 1 4430561496
4430561495 1 47380496482
4430561496 1 47380496482
4430561598 1 47380496482
4430627189 1 4430627190
4446027878 1 4429316260
4447142012 1 152240244
4447142094 1 4430430439
4447142095 1 4430430439
4448256015 1 4448256017
4448256016 1 4448256017
4463132682 1 8775008279
4464312341 1 152698889
4479909905 1 13069910047
4479909905 1 13069910049
4496621580 1 13069844513
4496621580 1 13069844516
8659533868 1 8642887723
8691975388 1 8692041386
8691975492 1 8691975594
8691975493 1 8691975594
8692040906 1 4397139771
8692041385 1 52953094
8692041385 1 8692041386
8692041386 1 8692107686
8692041391 1 8675330767
8708686386 1 4413784796
8708686468 1 8708752302
8708751991 1 4413850338
8708751992 1 4413850218
8708752093 1 4413850458
8708752302 1 8692040906
8708817888 1 8708883829
8708883829 1 8708883830
8724349102 1 8725332257
8724349103 1 8725332257
8725332176 1 8725397738
8725332218 1 8725397852
8725332218 1 8725397853
8725332219 1 8725397853
8725332257 1 8725397907
8725332258 1 8725397909
8725397738 1 8725397795
8725397739 1 4430496068
8725397795 1 4430496066
8725397795 1 4430496068
8725397799 1 8725463370
8725397852 1 8725463445
8725397853 1 8725463525
8725397854 1 8725463525
8725397854 1 8725463526
8725397855 1 8725463526
8725397907 1 4413719010
8725397908 1 4413719010
8725397909 1 8708686386
8725463134 1 152895496
8725463135 1 152895496
8725463370 1 8725529003
8725463445 1 4413784591
8725463525 1 8708751991
8725463526 1 8708751992
8725528704 1 8725790739
8725528705 1 8725790739
8725528803 1 13003784826
8725529003 1 4430627189
8725790739 1 8725790740
8725921816 1 8725921817
8740995145 1 25905201497
8741060620 1 8741126160
8741060621 1 8741126162
8741060622 1 135790605
8741060622 1 8741126164
8741060672 1 8741126159
8741060674 1 8741126242
8741060725 1 8724349102
8741126159 1 4447142094
8741126160 1 8742109392
8741126161 1 8742109392
8741126162 1 8725332176
8741126242 1 8725332218
8741126242 1 8725332258
8741126243 1 8725332218
8741126243 1 8725332258
8742109314 1 8725725226
8742109314 1 8742174845
8742109353 1 135790605
8742109353 1 8742174899
8742109355 1 4430757916
8742109355 1 8742174846
8742109392 1 4430430442
8742109393 1 4430430442
8742109393 1 8725397738
8742109395 1 13020365208
8742174845 1 8742240275
8742174846 1 8725463134
8742174899 1 4430495834
8742174902 1 8725463134
8742240272 1 8725528803
8742240272 1 8742502434
8742240275 1 8725921816
8757706789 1 8757968924
8757706789 1 13069713436
8757706789 1 13069713439
8757706789 2 13071679543
8757706804 2 8757968921
8757706804 3 8757968924
8757706804 1 8774746140
8757706804 1 13054902324
8757706804 1 13071679537
8757706804 2 13071679540
8757706804 1 13071679543
8757706805 1 13052936220
8757706805 1 13052936223
8757706805 1 13071679540
8757706805 1 13071679543
8757772296 1 8725725226
8757772296 1 8741060620
8757772297 1 8725725226
8757772328 1 8741060672
8757772329 1 8741060621
8757968921 1 8758034457
8757968921 2 8758034460
8757968921 1 8774811673
8757968921 1 13071679537
8757968924 1 8758034457
8757968924 1 8758034460
8757968924 1 8774811676
8757968924 1 13071679537
8758034457 2 8758099996
8758034460 1 8758099996
8758099996 2 8758165533
8758099996 1 8758165534
8758099996 1 8774942749
8758099997 1 8742109395
8758099997 1 13069910047
8758165533 1 8758231069
8758165533 1 13069975581
8758165533 1 13069975582
8758231069 1 13070041118
8759410728 1 8759541803
8759541800 1 4448256015
8759541800 1 8759672864
8759541800 1 8759672867
8759541803 1 8759672870
8759541803 1 13054640174
8759672864 1 4448059423
8759672870 1 8759803937
8759672876 1 8759803943
8759803950 1 8759935020
8774483988 1 8774746137
8774483988 1 8774746140
8774483988 1 13071679534
8774483989 2 13069713436
8774483989 2 13069713439
8774483989 1 13071679534
8774483989 1 13071679540
8774483989 1 13071679543
8774484004 3 8774746137
8774484004 6 8774746140
8774484004 1 8774746143
8774484004 1 13069713436
8774484004 1 13071548465
8774484004 4 13071679537
8774484004 2 13071679540
8774484005 1 8774746140
8774484005 1 13054902321
8774484005 2 13069713436
8774484005 1 13069713439
8774484005 3 13071679537
8774484005 2 13071679540
8774484005 1 13071679543
8774746132 1 8774746137
8774746132 1 8774811671
8774746132 2 8774811673
8774746132 1 8774811676
8774746132 1 13071679540
8774746135 1 8774746140
8774746135 1 8774811673
8774746135 1 8774811676
8774746135 1 13071679540
8774746135 1 13071679543
8774746137 4 8774746140
8774746137 20 8774746143
8774746137 17 8774811673
8774746137 29 8774811676
8774746137 8 8774811679
8774746137 9 13069778972
8774746137 9 13069778975
8774746137 1 13071679534
8774746137 5 13071679537
8774746137 4 13071679540
8774746137 1 13071679543
8774746140 20 8774746143
8774746140 8 8774811676
8774746140 1 8774811679
8774746140 1 13069778972
8774746140 1 13071679534
8774746140 7 13071679537
8774746140 4 13071679540
8774746143 2 13071679537
8774811671 1 8774877209
8774811671 1 8774877212
8774811673 6 8774811679
8774811673 10 8774877209
8774811673 25 8774877212
8774811673 4 8774877215
8774811673 1 13069844508
8774811673 2 13069844511
8774811676 7 8774877212
8774811676 8 13069844508
8774811676 1 13069844511
8774877209 1 8774877212
8774877209 3 8774877215
8774877209 2 8774942745
8774877209 2 8774942747
8774877209 12 8774942748
8774877209 2 8774942749
8774877209 2 8774942751
8774877209 1 13069910044
8774877212 10 8774942748
8774877212 1 8774942749
8774877212 1 8774942750
8774877212 8 13069910044
8774877212 3 13069910047
8774942745 2 8775008284
8774942747 2 8775008285
8774942748 12 8775008284
8774942748 1 8775008285
8774942748 1 8775008286
8774942748 4 13069975580
8774942748 2 13069975581
8774942748 2 13069975582
8774942748 1 13070041117
8774942748 1 13070041118
8774942749 2 8775008285
8774942749 1 8775008286
8775008279 1 13070041118
8775008279 1 13070041120
8775008284 5 8775073820
8775008284 2 8775073821
8775008284 2 8775073822
8775008284 5 13070041116
8775008284 2 13070041117
8775008284 2 13070041118
8775008285 3 8775073821
8775008285 1 13070041117
8775008285 2 13070041118
8775073820 5 13070106653
8775073820 6 13070106654
8775073820 1 13070106656
8775073821 2 13070106653
8775073821 5 13070106654
8776450094 1 8776581163
8776450094 1 8776581166
8776581157 1 8776712226
8776581163 2 8776581166
8776581163 2 8776712232
8776581163 7 8776712235
8776581166 2 8776712235
8776581166 3 8776712238
8776712235 1 8776712238
8791588887 1 8791588892
8791588887 1 8791654428
8791588887 1 8791654431
8791588889 1 8791588892
8791654425 1 8791654431
8791654425 1 13069910044
8791654425 1 13069910047
12970033899 1 17265067339
12970033955 1 17265067339
12971147312 1 8659533868
12986745285 1 12970033899
12986876709 1 12986942694
12986876784 1 8691975492
12986942694 1 8692041391
13002539421 1 12986745285
13003522382 1 13003588106
13003588048 1 8708686468
13003588050 1 8708686547
13003588052 1 17298621148
13003588106 1 12986876784
13003588107 1 12986876709
13003653690 1 13003719704
13003653692 1 13003719401
13003653850 1 13003719609
13003719401 1 13003785064
13003719609 1 13003785430
13003719704 1 69599242
13003785064 1 8708817888
13003785065 1 8708883829
13003785430 1 12987074228
13019250911 1 13002539421
13019316403 1 13020299555
13019316404 1 13020299556
13019316408 1 13020299598
13019316483 1 13020299598
13019316484 1 13020299598
13019316486 1 13003522382
13020299475 1 8725397799
13020299476 1 8725397799
13020299477 1 13020365099
13020299515 1 8725397854
13020299518 1 13020365099
13020299518 1 13020365100
13020299519 1 13020365100
13020299555 1 8725397854
13020299555 1 8725463523
13020299556 1 13003588048
13020299598 1 13003588050
13020299598 1 13003588052
13020299598 1 13003588107
13020365042 1 13020430593
13020365099 1 13003653690
13020365099 1 13020430751
13020365099 1 17315397974
13020365100 1 13020430752
13020365100 1 17315398051
13020365156 1 13003653692
13020430593 1 8725528704
13020430751 1 13020496311
13020430752 1 13020496313
13020430753 1 13020496313
13020496311 1 13020561803
13020496312 1 13020561803
13020496313 1 13020561804
13020561689 1 13020627144
13020561803 1 13020627137
13020561804 1 13003850074
13020758050 1 13020758051
13035962442 1 13019250911
13035962442 1 13036028025
13035962443 1 13036028025
13035962444 1 13036028026
13035962475 1 13019250861
13036027919 1 13036093463
13036027920 1 13036093463
13036027922 1 13036093467
13036027922 1 13037600818
13036027970 1 8741126243
13036027971 1 8741126242
13036027971 1 8741126243
13036027972 1 13036093619
13036027973 1 13036093544
13036027975 1 13019316408
13036028024 1 13019316403
13036028024 1 13036093619
13036028025 1 13019316404
13036028025 1 13019316483
13036028026 1 13036093545
13036028027 1 13036093545
13036093463 1 13020299475
13036093463 1 13020299477
13036093467 1 13037076693
13036093544 1 13020299518
13036093545 1 13020299518
13036093619 1 13020299515
13036093619 1 13020299556
13036224549 1 13037076654
13036224549 1 13069844508
13037076492 1 13037469750
13037076492 1 13037469751
13037076493 1 13037469756
13037076493 1 17315856422
13037076534 1 13037142034
13037076534 1 13037469744
13037076613 1 13037142090
13037076613 1 13037469750
13037076614 1 13037142090
13037076654 1 13020365099
13037076693 1 13020365042
13037076694 1 13020365042
13037142034 1 8742699028
13037142035 1 8742699028
13037142090 1 13037928477
13037469750 1 13037600818
13037469750 1 13037600821
13037469750 1 17332568128
13037797404 1 8742961177
13037797404 2 13037797406
13037797404 1 13037928477
13052674086 1 8740995145
13052674086 1 13052674102
13052674086 1 13052936223
13052674086 1 13052936225
13052674086 2 13069713441
13052674086 1 13069713444
13052674086 1 13071679537
13052674086 1 13071679540
13052674086 1 13071679546
13052674101 2 8776712235
13052674101 3 8776712238
13052674101 1 13052674102
13052674101 7 13052936223
13052674101 5 13052936225
13052674101 1 13052936228
13052674101 6 13069713439
13052674101 5 13069713441
13052674101 1 13069713444
13052674101 1 13071548465
13052674101 5 13071679537
13052674101 1 13071679540
13052674101 2 13071679543
13052674101 2 13071679546
13052674101 1 17349869630
13052674102 1 13052739659
13052674102 3 13052936225
13052674102 5 13052936228
13052674102 1 13052936231
13052674102 2 13069713441
13052674102 5 13069713444
13052674102 1 13071548462
13052674102 4 13071679537
13052674102 3 13071679540
13052674102 1 13071679543
13052674102 3 13071679546
13052674102 1 17349869630
13052674102 1 17366515774
13052674102 2 17366646846
13052674117 1 13052936223
13052674117 1 13052936225
13052674117 1 13071679540
13052674117 1 17366646846
13052739593 1 8742109393
13052739593 1 13036027919
13052739593 1 13036027970
13052739594 1 13036027920
13052739595 1 13036027975
13052739595 1 13052739627
13052739595 1 13052805136
13052739596 1 13036027975
13052739596 1 17330995220
13052739625 2 8741060622
13052739625 1 13036027970
13052739626 1 8741060674
13052739626 1 13036027971
13052739626 1 13036027972
13052739626 1 13036027973
13052739627 1 13036027922
13052739627 1 13036027973
13052739627 1 17330995220
13052739628 1 13036027922
13052739657 1 8741060725
13052739658 2 13036028024
13052739659 1 13036028025
13052739659 1 13036028026
13052739660 1 17330995271
13052805136 1 4430757916
13052936220 1 13053001756
13052936223 6 13053001759
13052936223 2 13053001761
13052936223 2 13069778975
13052936223 2 13069778977
13052936225 1 13037076653
13052936225 6 13053001761
13052936225 2 13053001764
13052936225 1 13069778980
13052936225 1 17366646849
13052936228 3 13053001764
13052936228 2 13053001767
13052936228 3 13069778980
13052936228 1 13069778983
13052936228 1 13071679543
13052936228 1 17366646849
13052936231 1 13071679543
13053001756 1 13053067292
13053001759 6 13053067295
13053001761 6 13053067297
13053001761 1 13053067300
13053001761 2 13069844513
13053001764 3 13053067300
13053001764 2 13053067303
13053001764 1 13069844516
13053001764 1 13069844519
13053067292 1 13053132830
13053067292 1 13053132832
13053067295 1 13053132830
13053067295 2 13053132832
13053067295 2 13053132834
13053067295 1 13069910046
13053067295 3 13069910048
13053067295 1 13069910050
13053067297 1 13053132834
13053067297 5 13053132835
13053067297 3 13053132837
13053067300 2 13053132838
13053067300 2 13053132840
13053067300 1 13069910054
13053132830 2 13053198366
13053132830 2 13053198368
13053132832 1 13069975586
13053132834 2 13053198370
13053132834 1 13053198371
13053132835 1 13053198370
13053132835 2 13053198371
13053132835 1 13069975587
13053132835 1 13069975589
13053132837 1 13053198373
13053132838 2 13053198374
13053132838 1 13053198376
13053198366 1 13070041118
13053198366 1 13070041120
13053198370 2 13053263906
13053198370 1 13070041122
13053198371 1 13053263907
13053198371 1 13070041123
13053198373 1 13070041125
13053198374 1 13053263910
13053198374 1 13070041126
13053263906 1 13070106656
13053263906 1 13070106658
13053263907 1 13070106659
13053263910 1 13070106662
13054509105 1 8759672876
13054509105 1 13054640175
13054509111 1 13054640183
13054640174 1 8759803950
13054640174 1 13054771252
13054640175 1 8759803949
13054640177 1 13054640180
13054640177 2 13054771249
13054640180 2 13054771252
13054640180 1 13071548468
13054640183 1 13054771257
13054640186 1 13054640190
13054640186 4 13054771258
13054640186 1 13054771262
13054640186 1 17349738558
13054771249 3 13054902321
13054771249 1 13054902324
13054771252 2 13054902324
13054771252 1 13071679543
13054771255 1 13054902327
13054771257 1 13054902325
13054771258 3 13054902330
13054771258 1 13054902334
13054771258 1 17349869630
13069451269 2 13052739593
13069451269 1 13052739594
13069451269 1 13052739595
13069451269 1 13069713436
13069451269 4 13069713439
13069451269 3 13069713441
13069451269 1 13071679534
13069451269 2 13071679540
13069451269 1 13071679543
13069451270 1 13052739593
13069451270 1 13069713444
13069451270 1 13069713447
13069451270 2 13071679543
13069451270 1 17347706892
13069451270 1 17347706893
13069451270 1 38806880451
13069451285 2 8757772296
13069451285 2 8776712235
13069451285 1 13035962442
13069451285 1 13052739593
13069451285 1 13052739595
13069451285 2 13052739625
13069451285 1 13052739626
13069451285 1 13054902327
13069451285 9 13069713436
13069451285 21 13069713439
13069451285 15 13069713441
13069451285 7 13069713444
13069451285 1 13071417393
13069451285 1 13071417399
13069451285 1 13071548471
13069451285 4 13071679534
13069451285 5 13071679537
13069451285 4 13071679540
13069451285 3 13071679543
13069451285 2 13071679546
13069451285 1 17330929773
13069451285 2 17347706924
13069451285 1 17349869630
13069451285 2 17366646846
13069451285 1 34527576120
13069451286 1 8757772329
13069451286 1 13035962442
13069451286 1 13052739595
13069451286 1 13052739625
13069451286 3 13052739626
13069451286 1 13052739628
13069451286 1 13069713439
13069451286 6 13069713441
13069451286 8 13069713444
13069451286 1 13069713447
13069451286 1 13071417399
13069451286 1 13071548474
13069451286 1 13071679534
13069451286 3 13071679537
13069451286 2 13071679540
13069451286 1 13071679543
13069451286 2 13071679546
13069451286 2 13071679550
13069451286 2 17347706924
13069451286 4 17366646846
13069451286 1 34527576120
13069451301 1 4446027878
13069451301 1 8740995145
13069451301 1 8757772328
13069451301 1 8776581163
13069451301 1 8776581166
13069451301 2 8776712232
13069451301 2 8776712235
13069451301 1 13035962442
13069451301 1 13035962475
13069451301 2 13052739658
13069451301 1 13052739660
13069451301 1 13054902321
13069451301 2 13054902324
13069451301 1 13054902327
13069451301 5 13069451317
13069451301 13 13069713436
13069451301 44 13069713439
13069451301 34 13069713441
13069451301 7 13069713444
13069451301 1 13071548465
13069451301 1 13071548468
13069451301 1 13071548474
13069451301 7 13071679534
13069451301 11 13071679537
13069451301 8 13071679540
13069451301 5 13071679543
13069451301 4 13071679546
13069451301 1 13071679550
13069451301 1 17330929773
13069451301 1 17347706956
13069451301 2 17366646846
13069451301 3 17366646849
13069451301 1 25888424279
13069451301 1 30215831701
13069451302 1 8776581163
13069451302 2 8776712238
13069451302 1 13052739627
13069451302 1 13052739657
13069451302 1 13052739658
13069451302 1 13052739659
13069451302 1 13052739660
13069451302 1 13054902321
13069451302 3 13054902330
13069451302 13 13069713441
13069451302 33 13069713444
13069451302 9 13069713447
13069451302 1 13071417402
13069451302 1 13071679534
13069451302 7 13071679537
13069451302 9 13071679540
13069451302 2 13071679543
13069451302 6 13071679546
13069451302 1 17330929773
13069451302 2 17347706956
13069451302 1 17349869630
13069451302 5 17366646846
13069451302 2 17366646849
13069451302 1 43085070693
13069451317 1 8776581163
13069451317 2 8776712238
13069451317 1 13052739659
13069451317 1 13054902324
13069451317 1 13069713439
13069451317 1 13069713441
13069451317 2 13071679534
13069451317 1 13071679537
13069451317 1 13071679540
13069451317 1 13071679546
13069451317 1 34510798968
13069451318 1 13071679540
13069451318 1 17366646846
13069713433 17 13069713439
13069713433 16 13069778972
13069713433 17 13069778975
13069713433 1 13069778977
13069713436 11 8776712235
13069713436 5 8776712238
13069713436 60 13069713439
13069713436 92 13069713441
13069713436 135 13069778972
13069713436 215 13069778975
13069713436 68 13069778977
13069713436 6 13071679534
13069713436 24 13071679537
13069713436 9 13071679540
13069713436 2 13071679543
13069713436 1 13071679546
13069713436 1 17332043911
13069713439 1 4447142012
13069713439 15 8776712235
13069713439 6 8776712238
13069713439 1 13037076653
13069713439 148 13069713441
13069713439 117 13069713444
13069713439 1 13069778972
13069713439 218 13069778975
13069713439 278 13069778977
13069713439 80 13069778980
13069713439 20 13071679534
13069713439 43 13071679537
13069713439 31 13071679540
13069713439 20 13071679543
13069713439 9 13071679546
13069713439 3 17366646846
13069713441 4 8776712235
13069713441 1 8776712238
13069713441 1 13053001761
13069713441 1 13053001764
13069713441 185 13069713444
13069713441 96 13069713447
13069713441 208 13069778977
13069713441 259 13069778980
13069713441 61 13069778983
13069713441 2 13069844513
13069713441 1 13069844516
13069713441 1 13071417402
13069713441 2 13071548471
13069713441 1 13071548474
13069713441 14 13071679534
13069713441 29 13071679537
13069713441 34 13071679540
13069713441 34 13071679543
13069713441 27 13071679546
13069713441 1 13071679550
13069713441 1 17332043911
13069713441 13 17366646846
13069713441 1 17366646849
13069713444 127 13069713447
13069713444 2 13069713450
13069713444 2 13069778977
13069713444 121 13069778980
13069713444 71 13069778983
13069713444 1 13071417402
13069713444 1 13071548471
13069713444 1 13071548474
13069713444 1 13071548478
13069713444 3 13071679534
13069713444 11 13071679537
13069713444 23 13071679540
13069713444 32 13071679543
13069713444 34 13071679546
13069713444 1 17366515774
13069713444 21 17366646846
13069713444 1 25921978550
13069713447 2 13069713450
13069713447 1 13071548478
13069713447 5 13071679540
13069713447 11 13071679543
13069713447 11 13071679546
13069713447 1 17366515774
13069713447 10 17366646846
13069778969 8 13069778975
13069778969 8 13069844508
13069778969 8 13069844511
13069778972 45 13069778977
13069778972 135 13069844508
13069778972 186 13069844511
13069778972 24 13069844513
13069778972 1 13069910047
13069778975 47 13069778980
13069778975 250 13069844511
13069778975 211 13069844513
13069778975 27 13069844516
13069778975 1 13069975584
13069778975 1 13069975586
13069778977 34 13069778983
13069778977 3 13069844511
13069778977 251 13069844513
13069778977 224 13069844516
13069778977 20 13069844519
13069778977 1 13069910049
13069778977 1 13069975589
13069778977 1 13071679546
13069778980 6 13069844513
13069778980 172 13069844516
13069778980 74 13069844519
13069778980 1 13069910052
13069778980 1 13071679546
13069778983 2 13069844516
13069778983 1 13069844519
13069844508 6 13069844513
13069844508 119 13069910044
13069844508 2 13069910045
13069844508 5 13069910046
13069844508 132 13069910047
13069844508 1 13069975583
13069844511 1 13069844513
13069844511 6 13069844516
13069844511 1 13069910044
13069844511 8 13069910046
13069844511 255 13069910047
13069844511 18 13069910048
13069844511 151 13069910049
13069844511 9 13069910050
13069844511 1 13069910052
13069844511 1 13069975582
13069844511 2 13069975583
13069844511 8 13069975584
13069844511 5 13069975586
13069844511 1 13071679543
13069844511 1 17332043952
13069844511 1 17332568128
13069844513 1 13037469744
13069844513 1 13054902321
13069844513 1 13054902324
13069844513 9 13069844519
13069844513 2 13069910047
13069844513 248 13069910049
13069844513 14 13069910050
13069844513 17 13069910051
13069844513 178 13069910052
13069844513 4 13069910053
13069844513 3 13069975586
13069844513 3 13069975587
13069844513 1 13069975588
13069844513 2 13069975589
13069844513 1 13071679546
13069844513 1 17332568128
13069844513 1 43101847710
13069844516 1 13037469744
13069844516 4 13069910049
13069844516 1 13069910051
13069844516 187 13069910052
13069844516 13 13069910053
13069844516 14 13069910054
13069844516 65 13069910055
13069844516 2 13069910056
13069844516 1 13069975587
13069844516 3 13069975589
13069844516 6 13069975590
13069844516 1 13071679546
13069844519 1 13069910052
13069844519 1 13069910055
13069910044 92 13069975580
13069910044 3 13069975581
13069910044 18 13069975582
13069910044 90 13069975583
13069910044 6 13069975584
13069910044 4 13070041118
13069910044 2 13070041120
13069910045 1 13069975581
13069910045 2 13069975582
13069910046 8 13069975582
13069910046 8 13069975584
13069910047 2 13069975580
13069910047 15 13069975582
13069910047 205 13069975583
13069910047 50 13069975584
13069910047 102 13069975585
13069910047 25 13069975586
13069910047 1 13069975590
13069910047 1 13069975592
13069910047 1 13070041118
13069910047 7 13070041120
13069910047 4 13070041122
13069910048 13 13069975584
13069910048 8 13069975586
13069910049 1 13069910052
13069910049 4 13069975583
13069910049 198 13069975585
13069910049 16 13069975586
13069910049 41 13069975587
13069910049 100 13069975588
13069910049 18 13069975589
13069910049 2 13070041121
13069910049 6 13070041122
13069910049 12 13070041123
13069910049 5 13070041125
13069910049 1 13071548465
13069910049 1 13071679543
13069910050 14 13069975586
13069910050 10 13069975587
13069910051 6 13069975587
13069910051 2 13069975589
13069910052 3 13069975585
13069910052 7 13069975587
13069910052 171 13069975588
13069910052 47 13069975589
13069910052 38 13069975590
13069910052 49 13069975591
13069910052 4 13069975592
13069910052 2 13070041125
13069910052 4 13070041126
13069910053 1 13069975587
13069910053 12 13069975589
13069910053 6 13069975590
13069910054 10 13069975590
13069910054 3 13069975592
13069910055 5 13069975590
13069910055 5 13069975592
13069910055 1 13070041126
13069910055 1 13070041128
13069975580 57 13070041116
13069975580 2 13070041117
13069975580 25 13070041118
13069975580 44 13070041119
13069975580 7 13070041120
13069975580 3 13070106654
13069975580 3 13070106656
13069975581 2 13070041117
13069975581 7 13070041118
13069975582 34 13070041118
13069975582 22 13070041120
13069975583 22 13070041118
13069975583 139 13070041119
13069975583 59 13070041120
13069975583 58 13070041121
13069975583 38 13070041122
13069975583 1 13070106654
13069975583 1 13070106656
13069975583 1 13070106658
13069975584 4 13070041118
13069975584 54 13070041120
13069975584 24 13070041122
13069975585 1 13069975588
13069975585 4 13070041119
13069975585 3 13070041120
13069975585 130 13070041121
13069975585 24 13070041122
13069975585 43 13070041123
13069975585 64 13070041124
13069975585 15 13070041125
13069975585 1 13070106658
13069975585 7 13070106659
13069975585 3 13070106661
13069975586 5 13070041120
13069975586 37 13070041122
13069975586 20 13070041123
13069975587 2 13070041122
13069975587 37 13070041123
13069975587 26 13070041125
13069975587 1 13070106659
13069975588 2 13070041121
13069975588 3 13070041123
13069975588 136 13070041124
13069975588 42 13070041125
13069975588 46 13070041126
13069975588 33 13070041127
13069975588 4 13070041128
13069975588 4 13070106661
13069975588 2 13070106662
13069975588 1 30217470063
13069975589 3 13070041123
13069975589 47 13070041125
13069975589 30 13070041126
13069975590 1 13070041125
13069975590 32 13070041126
13069975590 4 13070041128
13069975591 1 13070041124
13069975591 1 13070041126
13069975591 1 13070041127
13069975591 1 13070041128
13069975591 1 13070106662
13069975591 1 13070106664
13070041116 34 13070106652
13070041116 6 13070106653
13070041116 18 13070106654
13070041116 22 13070106655
13070041116 3 13070106656
13070041117 4 13070106653
13070041117 8 13070106654
13070041118 1 8776712238
13070041118 1 13054902321
13070041118 1 13070106653
13070041118 84 13070106654
13070041118 38 13070106656
13070041119 16 13070106654
13070041119 85 13070106655
13070041119 41 13070106656
13070041119 27 13070106657
13070041119 21 13070106658
13070041120 1 8776712238
13070041120 1 13070106653
13070041120 5 13070106654
13070041120 90 13070106656
13070041120 46 13070106658
13070041120 1 13071679546
13070041121 1 8759803949
13070041121 1 13070106655
13070041121 1 13070106656
13070041121 65 13070106657
13070041121 29 13070106658
13070041121 55 13070106659
13070041121 28 13070106660
13070041121 21 13070106661
13070041122 70 13070106658
13070041122 28 13070106659
13070041122 1 13071417396
13070041122 1 13071679540
13070041122 1 25922043935
13070041123 3 13070106658
13070041123 66 13070106659
13070041123 28 13070106661
13070041123 1 13071679540
13070041124 6 13070106659
13070041124 71 13070106660
13070041124 44 13070106661
13070041124 55 13070106662
13070041124 14 13070106663
13070041124 11 13070106664
13070041125 6 13070106659
13070041125 83 13070106661
13070041125 44 13070106662
13070041125 1 21627797579
13070041126 1 13070106661
13070041126 69 13070106662
13070041126 11 13070106664
13070041126 1 13071679543
13070041126 1 17366646846
13070041127 2 13070106662
13070041128 1 17366646846
13070041128 1 21627142184
13070106658 1 8759803937
13070106659 1 8742502434
13070106659 1 8759803943
13071417390 1 8776581166
13071417390 3 13071417393
13071417390 4 13071548462
13071417390 1 13071548465
13071417393 2 13054771249
13071417393 1 13054771252
13071417393 2 13071417396
13071417393 1 13071548462
13071417393 2 13071548465
13071417393 1 13071548468
13071417396 1 13071417399
13071417396 2 13071548465
13071417396 10 13071548468
13071417396 1 13071548471
13071417399 1 13054771255
13071417399 1 13071548468
13071417402 1 13071548471
13071417402 5 13071548474
13071548462 4 8776712238
13071548462 3 13071548465
13071548462 18 13071679534
13071548465 1 13054902321
13071548465 6 13071548468
13071548465 1 13071679534
13071548465 50 13071679537
13071548465 8 13071679540
13071548468 1 13054902324
13071548468 2 13054902327
13071548468 9 13071548471
13071548468 3 13071679537
13071548468 51 13071679540
13071548468 7 13071679543
13071548471 7 13071548474
13071548471 2 13071679540
13071548471 49 13071679543
13071548471 4 13071679546
13071548474 1 13054902330
13071548474 4 13071548478
13071548474 3 13071679543
13071548474 34 13071679546
13071548474 7 13071679550
13071548474 4 17366646846
13071548478 3 17366646846
13071679534 4 13071679537
13071679537 12 13071679540
13071679540 5 13071679543
13071679543 4 13071679546
13071679546 9 13071679550
13086490649 4 13086490655
13086490649 4 13086556188
13086490649 4 13086556191
13086490652 5 13086490655
13086490652 1 13086556188
13086490652 1 13086556191
13086490655 2 13069778977
13086490655 2 13069778980
13086490655 2 13086490657
13086490655 9 13086490660
13086490655 4 13086556191
13086490655 9 13086556193
13086490655 5 13086556196
13086490657 2 13069778980
13086490657 2 13069778983
13086490657 9 13086490660
13086490657 11 13086490663
13086490657 9 13086556196
13086490657 9 13086556199
13086490660 11 13086490663
13086556185 1 13069844508
13086556185 1 13069844511
13086556185 2 13086556191
13086556185 1 13086621724
13086556185 1 13086621727
13086556188 2 13069844508
13086556188 2 13069844511
13086556188 1 13086621724
13086556188 1 13086621727
13086556191 2 13069844511
13086556191 1 13069844513
13086556191 5 13086556196
13086556191 5 13086621727
13086556191 7 13086621729
13086556191 2 13086621732
13086556193 1 13069844516
13086556193 1 13069844519
13086556193 8 13086556199
13086556193 1 13086621729
13086556193 7 13086621732
13086556193 6 13086621735
13086556196 1 13069844516
13086556196 1 13069844519
13086556199 1 17381523498
13086621724 1 13069910044
13086621724 1 13069910047
13086621724 1 13086621729
13086621724 2 13086687260
13086621724 2 13086687263
13086621727 3 13069910047
13086621727 3 13069910049
13086621727 1 13086621729
13086621727 1 13086621732
13086621727 3 13086687263
13086621727 2 13086687265
13086621729 2 13069910052
13086621729 2 13069910055
13086621729 5 13086621735
13086621729 5 13086687265
13086621729 5 13086687268
13086621732 1 13069910049
13086621732 2 13069910052
13086621732 1 13069910055
13086621732 1 13086687268
13086621732 1 13086687271
13086687260 1 13069975580
13086687260 1 13069975583
13086687260 1 13086752796
13086687260 1 13086752799
13086687263 1 13069975583
13086687263 2 13069975585
13086687263 1 13069975588
13086687263 1 13071679543
13086687263 2 13086752799
13086687263 2 13086752801
13086687265 2 13069975585
13086687265 3 13069975588
13086687265 1 13086752801
13086687265 2 13086752804
13086687268 1 13086752804
13086687268 1 13086752807
13086752796 1 13070041116
13086752796 1 13070041119
13086752799 2 13070041119
13086752799 2 13070041121
13086752801 1 13070041121
13086752804 1 13086818340
13086752804 1 13086818343
13086752807 1 30217470063
13086818340 1 13070106660
17265067339 1 17266114630
17298555349 1 13003653850
17298621148 1 17298686912
17298686912 1 21576942943
17298687014 1 21576942943
17314218161 1 17314283862
17314218213 1 17314283862
17314218215 1 21592474026
17314283705 1 13020299598
17314283784 1 17315266895
17315266815 1 13020365156
17315266895 1 17298555349
17315266896 1 17298555349
17315332286 1 17315397818
17315332342 1 17315397974
17315397818 1 17315463308
17315397974 1 17315463511
17315398051 1 17315463617
17315398052 1 17315463617
17315463308 1 13020758050
17315463511 1 13020561689
17315463617 1 17315529117
17330929773 1 17314218161
17330929773 1 17314218215
17330995220 1 17331060765
17330995220 1 17332043952
17330995220 1 21610627157
17330995221 1 17332043952
17330995271 1 17331060842
17330995323 1 13019316486
17330995324 1 17314283705
17330995324 1 17314283784
17331060765 1 17315266815
17331060766 1 17315266815
17331060842 1 13020299519
17332043911 1 17332109503
17332043913 1 17332109449
17332043913 1 21610627157
17332043952 1 17315332286
17332043952 1 17315332401
17332043992 1 17315332342
17332109449 1 21627142180
17332109503 1 21610365119
17347641398 1 13052936228
17347641398 1 13052936231
17347641398 3 13069713444
17347641398 2 13069713447
17347641398 1 13071679540
17347641398 1 13071679543
17347641398 3 13071679546
17347641398 1 17347903524
17347641398 3 17347903527
17347641398 1 17347903530
17347641399 1 13071679543
17347641399 1 13071679546
17347641414 1 13071679546
17347641414 1 17347903527
17347706892 1 17330995220
17347706893 1 17332043992
17347706924 1 17330995220
17347706924 1 17330995323
17347706925 1 17330995220
17347706956 2 17330995324
17347706957 1 17330995324
17347903524 1 13053001764
17347903524 1 13053001767
17347903527 3 17347969063
17347969063 3 17348034599
17348034599 3 17348100136
17348034599 1 17348100137
17348100136 1 17348165672
17348100136 2 17364942888
17348165672 1 17365008424
17348231211 1 8776712229
17348231211 1 13070106662
17348231211 1 13070106664
17349345345 1 17349476417
17349476417 1 17349607487
17349476420 1 21627797579
17349476420 1 21628125234
17349607486 1 17349738558
17349607487 1 13037994043
17349607487 1 13037994045
17349738558 2 17349869630
17364418582 1 13071679543
17364418582 1 13071679546
17364418582 3 17364680743
17364418582 3 17364680746
17364418583 1 13071679543
17364418583 1 17364680743
17364418583 1 17364680746
17364418598 1 13054902330
17364418598 1 13069713447
17364418598 1 13071548465
17364418598 1 13071548474
17364418598 2 13071679543
17364418598 1 13071679546
17364418598 5 17364680740
17364418598 6 17364680743
17364418599 1 13071548471
17364418599 2 17364680743
17364418599 2 17364680746
17364418614 1 13071679543
17364418614 1 17364680743
17364680740 3 13069778980
17364680740 3 13069778983
17364680740 4 13071679543
17364680740 3 13071679546
17364680740 3 17364680743
17364680740 18 17364680746
17364680740 20 17364746276
17364680740 30 17364746279
17364680740 6 17364746282
17364680743 1 13071679540
17364680743 8 13071679543
17364680743 5 13071679546
17364680743 21 17364680746
17364680743 19 17364746279
17364680743 9 17364746282
17364680746 5 13071679543
17364680746 1 13071679546
17364680746 1 17364746279
17364680746 1 17364746282
17364680748 1 13071679540
17364680748 1 17364746284
17364680751 1 13071679540
17364746276 7 13069844516
17364746276 8 13069844519
17364746276 8 17364746282
17364746276 15 17364811812
17364746276 18 17364811815
17364746276 1 17364811818
17364746279 22 17364811815
17364746279 5 17364811818
17364746279 1 17364877351
17364746282 1 13071679534
17364746282 1 17364811815
17364746282 1 17364811818
17364746284 1 13071679534
17364746284 1 17364811818
17364811812 4 13069910052
17364811812 5 13069910055
17364811812 1 17364811818
17364811812 9 17364877348
17364811812 11 17364877351
17364811815 1 8776712226
17364811815 2 13069910052
17364811815 2 13069910054
17364811815 4 13069910055
17364811815 2 13069910056
17364811815 2 17364877350
17364811815 18 17364877351
17364811815 3 17364877352
17364811815 2 17364877353
17364811818 1 8776712226
17364811818 1 17364877354
17364877348 7 13069975588
17364877348 8 13069975591
17364877348 1 17364877351
17364877348 2 17364942884
17364877348 2 17364942887
17364877350 1 13069975590
17364877350 2 13069975592
17364877350 1 17364942886
17364877351 3 13069975588
17364877351 3 13069975591
17364877351 5 17364942886
17364877351 8 17364942887
17364877351 11 17364942888
17364877351 2 17364942889
17364877352 1 17364942888
17364877352 1 17364942889
17364877353 1 17364942888
17364877353 1 17364942889
17364877354 1 17364942888
17364877354 1 17364942889
17364942884 2 13070041124
17364942884 2 13070041127
17364942884 1 17365008420
17364942884 1 17365008423
17364942886 4 13070041126
17364942886 2 13070041128
17364942886 2 17365008422
17364942886 2 17365008424
17364942887 2 13070041126
17364942887 2 13070041127
17364942887 2 13070041128
17364942887 2 13070106662
17364942887 2 13070106664
17364942887 2 17365008422
17364942887 2 17365008424
17364942888 1 13070041126
17364942888 1 13070106662
17364942888 3 17365008422
17364942888 9 17365008424
17364942892 1 8776712235
17364942892 1 17365008424
17364942892 1 17365008425
17365008420 1 13070106660
17365008420 1 13070106663
17365008422 7 13070106662
17365008422 4 13070106664
17365008424 1 13070106661
17365008424 6 13070106662
17365008424 5 13070106664
17365008428 1 4448059423
17365008428 1 13070106656
17366384702 2 17366515774
17366384702 1 17366515777
17366515774 1 17366515777
17366515774 15 17366646846
17366515774 3 17366646849
17366515777 2 17366646849
17366515783 1 13071679546
17366515783 1 13071679550
17366515783 1 17366515786
17366646846 1 17366646849
17381457956 1 17364746279
17381457956 1 17364746282
17381457956 2 17381457962
17381457956 1 17381523495
17381457956 1 17381523498
17381457959 2 17381457962
17381457959 1 17381457964
17381457959 1 17381523495
17381457962 1 17381457964
17381523492 1 13069844513
17381523492 1 13069844519
17381523492 1 13086621732
17381523492 1 13086621735
17381523492 3 17381523498
17381523492 1 17381589028
17381523492 1 17381589031
17381523495 1 8759935020
17381523495 1 13086621732
17381523495 1 13086621735
17381523495 1 17381523498
17381523495 1 17381589031
17381523495 1 17381589034
17381523498 1 8759935020
17381589028 1 17381654564
17381589028 1 17381654567
17381589031 1 17381654567
17381589031 1 17381654570
17381654564 1 13069975588
17381654564 1 13069975591
17381654567 1 17364942884
17381654567 1 17364942887
21544435788 1 17232822340
21561147442 1 21561278510
21561278510 1 21544632364
21561278512 1 21544632364
21576679844 1 21576745661
21576745661 1 25855001711
21592474026 1 21576679844
21592474027 1 21576679844
21593588534 1 21576877204
21593719680 1 8642887723
21610299590 1 21610365201
21610365125 1 21610430923
21610365201 1 21610430715
21610365202 1 21610430715
21610430612 1 21610430613
21610430620 1 21610496302
21610430715 1 21610430716
21610430923 1 12971147312
21610496302 1 21593785002
21610823730 1 21610823732
21610823730 1 25922699318
21610823730 1 25922699319
21627076638 1 21610365125
21627142180 1 25922699318
21627142184 1 21610430612
21642936375 1 13069844519
21643198518 1 13070106658
21643198518 1 13070106659
21643198518 1 21627076638
25854935803 1 25855001792
25855001711 1 30151082049
25855001712 1 30151082049
25855001792 1 25855068106
25855068106 1 21561147442
25888424279 1 25888490008
25888424280 1 25888490008
25888489953 1 25888555753
25888489954 1 25888555753
25888490008 1 21593588534
25888555676 1 25888555677
25905201497 1 25888489953
25905397917 1 21610496302
25921060929 1 21642936375
25921060929 1 47397470377
25921978550 1 21610299590
25922043935 1 25922109483
25922109483 1 21610430620
30151082049 1 30151213125
30151213125 1 34429534279
30165631572 1 30166614482
30165631573 1 30166614482
30166614482 1 25854935803
30166877442 1 17232822340
30166877442 1 30166877443
30182342950 1 30165631572
30183457255 1 30183523059
30183457256 1 30183523059
30183523059 1 30183588824
30183588521 1 30183654173
30183588824 1 25888687353
30183654173 1 25888752617
30200168715 1 30200234412
30200234412 1 25888555676
30200300043 1 30183588521
30215831701 1 30182342950
30232805450 1 13069778980
30232805450 1 30200168715
30232805453 1 30200168715
34461844867 1 34461844868
34478556027 1 21544435788
34494152995 1 34495136093
34495136014 1 34495201656
34495136093 1 30183457255
34495201656 1 30200300043
34495201657 1 30200300043
34495267190 1 38790234487
34495267344 1 34478556027
34495267345 1 34478556027
34495397979 1 30200627270
34495397979 1 34495397980
34510798968 1 34510864579
34510864475 1 34510930056
34510864579 1 34494152995
34510930056 1 34495136014
34527576120 1 34510864475
34544615506 1 13037469756
34544615506 1 13069844511
38773457666 1 38773523536
38773523536 1 34461844867
38773523537 1 34461844867
38790168845 1 34495267344
38790168848 1 38790234411
38790168849 1 38790234411
38790234411 1 38790299934
38790299934 1 30200627270
38806880409 1 38790168845
38806880410 1 38790168845
38806880451 1 38790168848
38806880452 1 38790168848
43068359155 1 38773457666
43085070693 1 43068359155
43085070694 1 43068359155
43085136091 1 34495267190
43085332597 1 43085529180
43101847710 1 43085136091
43101847711 1 43085136091
43134681189 1 13069975583
43134681189 1 38806880409
43134681192 1 38806880409
