184877060 1 13086621727
184877060 1 13086621729
8758296598 1 13086883871
8758296598 1 13103661089
8758296598 1 34529476742
8774746137 1 8774746143
8774746137 1 8791588892
8774746137 1 8791588895
8774746140 1 8774746143
8791523356 1 8791588892
8791523356 1 8791588895
8791588889 7 8791588895
8791588889 7 8791654428
8791588889 7 8791654431
8791588892 5 8791588895
8791654425 13 8791654431
8791654425 1 8791719961
8791654425 9 8791719964
8791654425 10 8791719967
8791654425 1 13086621727
8791654425 4 13086687260
8791654425 4 13086687263
8791654428 6 8791654431
8791654428 1 13086621727
8791719961 9 8791719967
8791719961 9 8791785500
8791719961 9 8791785503
8791719961 1 13086752796
8791719961 1 13086752799
8791719964 1 8791719967
8791719964 1 8791785500
8791785497 8 8791785503
8791785497 4 8791851036
8791785497 2 8791851039
8791785497 4 13086818332
8791785497 4 13086818335
8791785500 1 8791785503
8791785500 2 8791851036
8791785500 1 13086818332
8791851036 6 13086883868
8791851036 1 13086883871
13069713433 6 13069713439
13069713433 5 13069778972
13069713433 5 13069778975
13069713433 1 13086556188
13069713433 1 13086556191
13069713436 6 13069713439
13069713436 5 13069713441
13069713436 1 13069778972
13069713436 5 13069778975
13069713436 4 13069778977
13069713436 1 13086556191
13069713436 1 13086556193
13069713439 7 13069713441
13069713439 5 13069713444
13069713439 1 13069778975
13069713439 6 13069778977
13069713439 5 13069778980
13069713439 1 13086556191
13069713439 1 13086556193
13069713441 6 13069713444
13069713441 7 13069713447
13069713441 2 13069778977
13069713441 6 13069778980
13069713441 5 13069778983
13069713441 1 13086556196
13069713441 1 13086556199
13069713444 7 13069713447
13069778969 2 13069778975
13069778969 1 13069844508
13069778969 1 13069844511
13069778969 1 13086621724
13069778969 1 13086621727
13069778972 5 13069778977
13069778972 7 13069844508
13069778972 7 13069844511
13069778972 1 13086621724
13069778972 2 13086621727
13069778972 1 13086621729
13069778975 5 13069778980
13069778975 4 13069844513
13069778975 4 13069844516
13069778975 1 13086621727
13069778975 1 13086621729
13069778977 2 13069778983
13069778977 3 13069844513
13069778977 4 13069844516
13069778977 1 13069844519
13069778980 1 13069844516
13069778980 1 13069844519
13069778980 1 13086621732
13069778980 1 13086621735
13069778983 1 13069844516
13069778983 1 13069844519
13069844508 6 13069910044
13069844508 6 13069910047
13069844508 2 13086687260
13069844508 2 13086687263
13069844511 2 13069844516
13069844511 2 13069910047
13069844511 2 13069910049
13069844513 2 13069910049
13069844513 3 13069910052
13069844513 3 13086687265
13069844513 2 13086687268
13069844516 2 13069910052
13069844516 2 13069910055
13069844516 1 13086687268
13069844516 1 13086687271
13069910044 3 13069975580
13069910044 4 13069975583
13069910044 2 13086752796
13069910044 2 13086752799
13069910047 1 13069975585
13069910047 1 13086752801
13069910049 2 13086752801
13069910049 2 13086752804
13069910052 2 13069975588
13069910052 2 13069975591
13069975580 1 13070041116
13069975580 1 13070041119
13069975580 1 13086818335
13069975583 1 13070041119
13069975585 1 13086818337
13069975588 2 13070041124
13070041116 1 13086883868
13070041119 2 13086883871
13070041124 2 13086883876
13086490649 1 13086490652
13086490649 11 13086490655
13086490649 12 13086556188
13086490649 12 13086556191
13086490652 17 13086490655
13086490652 23 13086490657
13086490652 2 13086556185
13086490652 5 13086556188
13086490652 31 13086556191
13086490652 24 13086556193
13086490655 26 13086490657
13086490655 37 13086490660
13086490655 7 13086556191
13086490655 41 13086556193
13086490655 34 13086556196
13086490657 39 13086490660
13086490657 39 13086490663
13086490657 8 13086556193
13086490657 46 13086556196
13086490657 38 13086556199
13086490660 40 13086490663
13086490660 1 13086556196
13086490660 1 13086556199
13086490663 1 13086556196
13086490663 1 13086556199
13086556185 2 13086556188
13086556185 33 13086556191
13086556185 33 13086621724
13086556185 35 13086621727
13086556185 1 13086621729
13086556188 31 13086556191
13086556188 63 13086556193
13086556188 21 13086621724
13086556188 80 13086621727
13086556188 59 13086621729
13086556191 46 13086556193
13086556191 98 13086556196
13086556191 32 13086621727
13086556191 111 13086621729
13086556191 79 13086621732
13086556193 67 13086556196
13086556193 98 13086556199
13086556193 1 13086621727
13086556193 28 13086621729
13086556193 107 13086621732
13086556193 83 13086621735
13086556196 64 13086556199
13086556196 1 13086556202
13086556196 9 13086621732
13086556196 9 13086621735
13086556199 1 13086556202
13086556199 2 13086621732
13086556199 2 13086621735
13086621721 36 13086621727
13086621721 36 13086687260
13086621721 36 13086687263
13086621724 23 13086621727
13086621724 92 13086621729
13086621724 61 13086687260
13086621724 136 13086687263
13086621724 72 13086687265
13086621727 42 13086621729
13086621727 137 13086621732
13086621727 1 13086687260
13086621727 75 13086687263
13086621727 180 13086687265
13086621727 105 13086687268
13086621729 67 13086621732
13086621729 127 13086621735
13086621729 2 13086687263
13086621729 63 13086687265
13086621729 162 13086687268
13086621729 102 13086687271
13086621732 63 13086621735
13086621732 4 13086687265
13086621732 31 13086687268
13086621732 28 13086687271
13086687257 19 13086687263
13086687257 19 13086752796
13086687257 19 13086752799
13086687260 7 13086687263
13086687260 65 13086687265
13086687260 92 13086752796
13086687260 158 13086752799
13086687260 55 13086752801
13086687263 13 13086687265
13086687263 94 13086687268
13086687263 1 13086752796
13086687263 125 13086752799
13086687263 185 13086752801
13086687263 62 13086752804
13086687265 13 13086687268
13086687265 98 13086687271
13086687265 118 13086752801
13086687265 190 13086752804
13086687265 64 13086752807
13086687268 18 13086687271
13086687268 51 13086752804
13086687268 48 13086752807
13086687271 1 13086752804
13086687271 1 13086752807
13086752793 4 13086752799
13086752793 4 13086818332
13086752793 4 13086818335
13086752796 1 13086752799
13086752796 42 13086752801
13086752796 118 13086818332
13086752796 149 13086818335
13086752796 18 13086818337
13086752796 1 13086818340
13086752799 34 13086752804
13086752799 3 13086818332
13086752799 149 13086818335
13086752799 159 13086818337
13086752799 17 13086818340
13086752801 2 13086752804
13086752801 44 13086752807
13086752801 1 13086818335
13086752801 155 13086818337
13086752801 180 13086818340
13086752801 24 13086818343
13086752804 1 13086752807
13086752804 80 13086818340
13086752804 59 13086818343
13086818332 7 13086818337
13086818332 111 13086883868
13086818332 123 13086883871
13086818332 2 13086883873
13086818335 2 13086818337
13086818335 6 13086818340
13086818335 1 13086883868
13086818335 156 13086883871
13086818335 131 13086883873
13086818335 4 13086883876
13086818337 2 13086818340
13086818337 9 13086818343
13086818337 3 13086883871
13086818337 156 13086883873
13086818337 138 13086883876
13086818337 6 13086883879
13086818340 2 13086883873
13086818340 116 13086883876
13086818340 62 13086883879
13086818340 1 17381851175
13086818343 3 13086883876
13086818343 3 13086883879
13086883868 1 13086883873
13086883871 1 13086883873
13086883871 1 13086883876
17364680740 2 17364680746
17364680740 2 17364746279
17364680740 2 17364746282
17364680743 2 17364680746
17364746276 2 17364746282
17364746276 1 17381589028
17364746276 2 17381589031
17364746276 1 17381589034
17381457956 1 13086556196
17381457956 1 13086556199
17381457956 2 17381457959
17381457956 5 17381457962
17381457956 6 17381523495
17381457956 6 17381523498
17381457959 5 17381457962
17381523492 2 13086621732
17381523492 2 13086621735
17381523492 14 17381523498
17381523492 12 17381589031
17381523492 12 17381589034
17381523495 8 17381523498
17381589028 3 13086687268
17381589028 3 13086687271
17381589028 3 17381589031
17381589028 18 17381589034
17381589028 11 17381654564
17381589028 19 17381654567
17381589028 8 17381654570
17381589031 6 17381589034
17381589031 1 17381654564
17381589031 1 17381654567
17381654564 3 13086752804
17381654564 2 13086752807
17381654564 8 17381654570
17381654564 17 17381720100
17381654564 18 17381720103
17381720100 1 13086818337
17381720100 6 13086818340
17381720100 8 13086818343
17381720100 2 17381720106
17381720100 10 17381785636
17381720100 10 17381785639
17381720100 1 17381785642
17381720103 1 13086818340
17381720103 1 13086818343
17381720103 3 17381720106
17381720106 1 17381720111
17381720106 1 17381785639
17381720106 1 17381785642
17381785636 11 13086883876
17381785636 10 13086883879
17381785636 1 17381785642
17381785639 1 13086883876
17381785639 1 13086883879
21676556340 1 21676556346
21676556340 1 21676621871
21676556340 1 21676621874
21676621871 1 17381720108
21676621871 1 17381720111
25971458106 1 21676556343
25971458106 1 21676556346
25971458106 1 25971458108
34444936399 1 30134239349
34444936400 1 30134239349
38756614752 1 34444936399
38756614753 1 34444936399
43085070692 1 38756614752
43085070693 1 38756614752
43100864585 1 43085070692
43100864585 1 47412674666
47412674666 1 184877060
47412674666 1 184877062
