34471942 1 34537476
34471945 1 34537476
34537476 1 34603013
34603013 1 52953089
34668546 1 43002626207
34668547 1 43002626207
51314695 1 69468161
52953089 1 53084161
53084161 1 47297855657
69468161 1 43019272356
69468172 1 69599234
69599234 1 47314370727
69599238 1 47314370727
4312596492 1 4312596497
4312596494 1 34471942
4312596497 1 34471942
4329373713 1 4346216461
4329373716 1 4346216461
4346150930 1 4346150931
4346216461 1 69468172
4365025295 1 4365025296
8624275479 1 4346150930
8624603160 1 8642887714
8642887714 1 8643018790
8643018790 1 8643018793
8659664938 1 8659861524
8659861524 1 4365025295
12902465572 1 12902465578
12902465575 1 12902531108
12902465578 1 12902531108
12902531108 2 12902596644
12902531108 1 12919373860
12902531111 3 12902596644
12902531111 1 12919373860
12902596644 4 12902662180
12902596644 1 12919439393
12902596647 4 12902662180
12902596647 1 12919439393
12902662180 9 12902727716
12902662183 9 12902727716
12902727716 1 12902727719
12902727716 1 12902793249
12902727716 8 12902793252
12902727716 1 12919570468
12902727719 1 12902793249
12902727719 6 12902793252
12902727719 1 12919570468
12902793249 1 12902793252
12902793252 6 12902793255
12919373860 1 12919439396
12919373863 1 12919439396
12919439393 1 12919504929
12919439396 1 12919504929
12919439396 1 12919504932
12919439399 1 12919504932
12919504929 1 12919570465
12919504932 1 12919570468
12919504935 1 12919570468
12919570468 2 12919570471
12953257076 1 12954370104
12954370104 1 12971343900
12954501169 1 8659664938
17197367332 47 17197367338
17197367332 1 17197432868
17197367335 1 8624275479
17197367335 1 12902465572
17197367335 22 17197367340
17197367335 38 17197432868
17197367335 22 17197432871
17197367335 1 17197432874
17197367335 1 17214210084
17197367335 1 17214210087
17197367338 1 8624275479
17197367338 1 12902465572
17197367338 58 17197367343
17197367338 37 17197432868
17197367338 40 17197432871
17197367338 6 17197432874
17197367338 1 17197432876
17197367338 2 17214210084
17197367338 4 17214210087
17197367340 31 17197367346
17197367340 21 17197432871
17197367340 53 17197432874
17197367340 10 17197432876
17197367340 3 17214210087
17197367340 5 17214210090
17197367340 1 30082465860
17197367343 1 4312596492
17197367343 48 17197432874
17197367343 38 17197432876
17197367343 5 17214210090
17197367343 1 17214210092
17197367343 1 21492400172
17197367343 1 30082465860
17197367346 1 4312596492
17197367346 30 17197432876
17197367346 1 17214210092
17197367346 1 21492400172
17197432868 108 17197432874
17197432868 2 17197498404
17197432868 1 17231052841
17197432871 1 4329373713
17197432871 2 12902531108
17197432871 65 17197432876
17197432871 86 17197498404
17197432871 56 17197498407
17197432871 2 17197498410
17197432871 2 17214275620
17197432871 2 17214275623
17197432871 1 17231052841
17197432874 2 12902531108
17197432874 120 17197432879
17197432874 82 17197498404
17197432874 112 17197498407
17197432874 21 17197498410
17197432874 2 17214275620
17197432874 2 17214275623
17197432874 4 17214275626
17197432876 66 17197432882
17197432876 1 17197498404
17197432876 57 17197498407
17197432876 124 17197498410
17197432876 27 17197498412
17197432876 6 17214275626
17197432876 2 17214275628
17197432879 1 17197498407
17197432879 104 17197498410
17197432879 86 17197498412
17197432879 2 17197498415
17197432879 3 17214275626
17197432879 4 17214275628
17197432879 1 21492465708
17197432882 63 17197498412
17197432882 2 17197498415
17197432882 2 17214275628
17197432882 1 21492465708
17197498404 1 12902596644
17197498404 134 17197498410
17197498404 2 17197563940
17197498407 2 12902596644
17197498407 2 17197498410
17197498407 91 17197498412
17197498407 91 17197563940
17197498407 114 17197563943
17197498407 2 17197563946
17197498407 2 17214341156
17197498407 2 17214341159
17197498407 1 17214341162
17197498410 2 12902596644
17197498410 159 17197498415
17197498410 89 17197563940
17197498410 186 17197563943
17197498410 63 17197563946
17197498410 1 17197563948
17197498410 1 17214341156
17197498410 3 17214341159
17197498410 2 17214341162
17197498412 1 17197498415
17197498412 77 17197498418
17197498412 73 17197563943
17197498412 182 17197563946
17197498412 80 17197563948
17197498412 1 17197563951
17197498412 1 17214341159
17197498412 2 17214341162
17197498412 5 17214341164
17197498412 1 17231118381
17197498412 1 34394210386
17197498415 1 17197563943
17197498415 118 17197563946
17197498415 143 17197563948
17197498415 10 17197563951
17197498415 1 17214341162
17197498415 7 17214341164
17197498415 1 17214341167
17197498415 1 21492531244
17197498415 1 34394210386
17197498418 68 17197563948
17197498418 9 17197563951
17197498418 2 17214341164
17197498418 1 17214341167
17197498418 1 21492531244
17197563940 3 12902662180
17197563940 80 17197563946
17197563940 15 17197629476
17197563940 2 17197629479
17197563943 1 51314695
17197563943 4 12902662180
17197563943 76 17197563948
17197563943 56 17197629476
17197563943 158 17197629479
17197563943 2 17197629482
17197563943 2 17214406695
17197563946 1 12902662180
17197563946 98 17197563951
17197563946 43 17197629476
17197563946 215 17197629479
17197563946 109 17197629482
17197563946 1 17197629487
17197563946 2 17214406695
17197563946 3 17214406698
17197563946 1 17214406700
17197563948 1 17197563951
17197563948 61 17197563954
17197563948 57 17197629479
17197563948 179 17197629482
17197563948 115 17197629484
17197563948 1 17197629487
17197563948 3 17214406698
17197563948 3 17214406700
17197563948 1 21509374008
17197563951 1 17197563954
17197563951 74 17197629482
17197563951 154 17197629484
17197563951 26 17197629487
17197563951 2 17214406700
17197563951 1 21492596780
17197563951 2 21492596783
17197563951 1 21509374008
17197563954 42 17197629484
17197563954 24 17197629487
17197563954 1 21492596780
17197563954 2 21492596783
17197629476 1 12902727716
17197629476 27 17197629482
17197629476 16 17197695012
17197629476 12 17197695015
17197629476 1 17214472231
17197629479 2 12902727716
17197629479 43 17197629484
17197629479 28 17197695012
17197629479 185 17197695015
17197629479 16 17197695018
17197629479 1 17214472231
17197629482 1 12902727716
17197629482 46 17197629487
17197629482 12 17197695012
17197629482 186 17197695015
17197629482 162 17197695018
17197629482 12 17197695020
17197629482 1 17214472236
17197629484 1 12954501169
17197629484 1 17197629487
17197629484 24 17197629490
17197629484 24 17197695015
17197629484 169 17197695018
17197629484 149 17197695020
17197629484 9 17197695023
17197629484 1 17197760556
17197629484 2 17214472236
17197629487 1 12954501169
17197629487 32 17197695018
17197629487 151 17197695020
17197629487 32 17197695023
17197629487 1 17197760559
17197629487 1 17214472236
17197629487 4 21492662319
17197629487 1 21509439535
17197629490 18 17197695020
17197629490 15 17197695023
17197629490 4 21492662319
17197629490 1 21509439535
17197695012 1 12902793252
17197695012 5 17197695018
17197695012 16 17197760548
17197695012 7 17197760551
17197695015 1 34668546
17197695015 1 8624603160
17197695015 1 12902793252
17197695015 12 17197695020
17197695015 15 17197760548
17197695015 188 17197760551
17197695015 21 17197760554
17197695015 1 17214537767
17197695018 1 34668546
17197695018 3 17197695020
17197695018 9 17197695023
17197695018 147 17197760551
17197695018 182 17197760554
17197695018 22 17197760556
17197695018 3 17214537770
17197695020 6 17197695026
17197695020 5 17197760551
17197695020 131 17197760554
17197695020 173 17197760556
17197695020 18 17197760559
17197695020 1 17214537770
17197695020 2 17214537772
17197695023 4 17197760554
17197695023 124 17197760556
17197695023 45 17197760559
17197695023 1 17214537772
17197695023 1 17214537775
17197695023 4 21492727855
17197695026 3 17197760556
17197695026 8 17197760559
17197695026 3 21492727855
17197760548 16 17197760551
17197760551 132 17197760554
17197760551 1 17197760556
17197760551 1 17232822343
17197760554 101 17197760556
17197760556 102 17197760559
17197760559 3 17197760562
17214144551 1 17214210084
17214210084 2 17214210090
17214210087 1 17214210090
17214210087 2 17214210092
17214210087 1 17214275620
17214210087 2 17214275623
17214210090 5 17214210095
17214210090 1 17214275620
17214210090 4 17214275623
17214210092 2 17214275623
17214210092 4 17214275626
17214210092 2 17214275628
17214210095 4 17214275626
17214210095 2 17214275628
17214275620 2 17214275626
17214275620 1 17214341156
17214275623 2 17214275628
17214275623 6 17214341159
17214275626 5 17214275631
17214275626 8 17214341159
17214275626 6 17214341162
17214275628 2 17214341159
17214275628 8 17214341162
17214275628 9 17214341164
17214275631 2 17214341162
17214275631 9 17214341164
17214341156 2 17214406692
17214341156 1 17214406695
17214341159 2 17214406692
17214341159 10 17214406695
17214341159 2 17214406698
17214341162 7 17214406695
17214341162 11 17214406698
17214341162 2 17214406700
17214341164 9 17214406698
17214341164 17 17214406700
17214341164 1 17214406703
17214341167 13 17214406700
17214341167 1 17214406703
17214341167 1 21509373999
17214341170 1 21509373999
17214406692 2 17214472231
17214406695 12 17214472231
17214406695 1 17214472232
17214406695 1 17214472234
17214406698 6 17214472231
17214406698 14 17214472234
17214406698 1 17214472236
17214406700 11 17214472234
17214406700 16 17214472236
17214406700 3 17214472239
17214406700 1 17214537772
17214406703 7 17214472236
17214406703 4 17214472239
17214472231 10 17214537767
17214472231 1 17214537768
17214472231 1 17214537770
17214472232 1 17214537768
17214472233 1 17214537768
17214472234 3 17214537767
17214472234 1 17214537769
17214472234 10 17214537770
17214472234 1 17214537771
17214472234 4 17214537772
17214472236 4 17214537770
17214472236 1 17214537771
17214472236 17 17214537772
17214472236 2 17214537773
17214472236 1 17214537774
17214472239 5 17214537772
17214472239 4 17214537775
17214537767 2 17214537770
17214537767 1 17216438337
17214537768 1 12921471034
17214537768 1 17233084481
17214537769 1 17214537771
17214537769 1 17233084481
17214537770 4 17214537772
17214537771 1 17214537773
17214537772 4 17214537775
17214537773 1 17216307268
17214537773 1 17216438340
17214537774 1 17216307274
17214537774 1 17216438340
17216307268 1 17233215556
17216307274 1 17216438346
17231052841 1 17248158471
17231118381 1 21544304717
17232822343 1 17249730624
17233084481 1 17233215553
17248158471 1 12953257076
17249730624 1 12954959906
21492400172 1 21492400178
21492400175 1 21492465711
21492400178 1 21492465711
21492465708 1 21492465714
21492465711 2 21492531247
21492465714 2 21492531247
21492531244 1 21492531250
21492531247 2 21492596783
21492531250 2 21492596783
21492596780 1 21492596786
21492596783 5 21492662319
21492596786 5 21492662319
21492662319 9 21492727855
21492662322 8 21492727855
21492727855 5 21492727858
21509373999 1 21509505071
21509374002 1 21509505071
21509374008 1 21527658579
21509374009 1 21527658579
21509439535 1 21509505071
21527658579 1 21544566865
21544304717 1 21544435800
21544435800 1 25839730746
21544566865 1 17250058278
30082465860 1 30082465866
30082465863 1 30099308618
30082465866 1 30099308618
30099308618 1 30099374154
30099374154 1 30099439692
30099374157 1 30099439692
30099439692 1 30117986423
30099439694 1 30117986423
30117986423 1 30118117495
34394210386 1 34429206659
34394210389 1 34429206659
34429206659 1 34429337726
34429337726 1 30134698052
43002626207 1 43019534488
43019534488 1 38724763731
47297855657 1 47297986729
47314370727 1 43019731033
