51249160 1 52690952
51249162 1 52690952
52690952 1 69599237
67240562 1 84083547
69599237 1 69730306
69730306 1 47314501802
69730311 1 43002757285
84083547 1 47329706544
85066251 1 85131995
85066252 1 85131995
85131995 1 101975031
85264385 1 86245383
101975031 1 43051713936
152698883 1 43119280291
4329373708 1 51249160
4329570323 1 4347920408
4346085389 1 4363256534
4346085391 1 4363256534
4347920408 1 4348051477
4348051477 1 4348182548
4348182548 1 4348313617
4348182549 1 4348313617
4363256534 1 4363322418
4363256574 1 4363322417
4363256575 1 4363322417
4363322417 1 4380165512
4363322418 1 12954370098
4364435479 1 4364566544
4364566544 1 69926913
4364763152 1 4364894220
4380165512 1 4380165513
4380165514 1 85264385
4380231682 1 86245383
4380297226 1 8659402796
4380297585 1 4381278218
4380297586 1 4381278218
4381278224 1 4381409290
4396942106 1 4413784995
4396942184 1 4413784995
4397007885 1 4413850694
4397007886 1 4413850694
4397008090 1 4397073720
4397073605 1 4397073726
4397073725 1 4413916523
4397073726 1 4413916523
4413850694 1 4413850695
4430561702 1 4430561703
4430627317 1 135856136
8624275476 1 4329373708
8624275479 1 4329373708
8624341020 1 8624406551
8624341023 1 8624406551
8624406551 1 8624472085
8624472085 1 4329570323
8624472086 1 4329570323
8641118233 1 8641183768
8641118235 1 8658223872
8641183768 1 8642756642
8642756642 1 8659664931
8658223754 1 8675066764
8658223794 1 8658289661
8658223795 1 8658289661
8658223872 1 4364435479
8658223912 1 4364435479
8658289661 1 8675132889
8659402796 1 4364763152
8659664931 1 8659796003
8659796003 1 8659927076
8659796004 1 8659927076
8659927076 1 8660123668
8660123668 1 8660123670
8674018158 1 8675000810
8675000810 1 8691843756
8675000850 1 8691843756
8675000850 1 8691843757
8675000851 1 8675066597
8675000851 1 8691843757
8675000851 1 8691843814
8675000890 1 8675066653
8675066597 1 8691909637
8675066598 1 8691909637
8675066653 1 8675132500
8675066654 1 8675066655
8675066654 1 8675132577
8675066764 1 4380165514
8675066765 1 4380165514
8675132500 1 8675132578
8675132577 1 8675132578
8675132817 1 8675198890
8675132889 1 4380231688
8675132890 1 4380231688
8675132895 1 4381409294
8675198585 1 8675264531
8675198586 1 8675264531
8675198787 1 4380297585
8675198887 1 8659402796
8675198890 1 8675264888
8675264416 1 8692107835
8675264531 1 8692107828
8675264534 1 8675264535
8675264888 1 4381278223
8675264889 1 4381278224
8675264889 1 43002757285
8675264890 1 4381278224
8676180010 1 8676376596
8691843756 1 4396942106
8691843757 1 8691909560
8691843759 1 8691909484
8691843759 1 8691909562
8691843759 1 8691975287
8691843814 1 8691909560
8691843815 1 8691909562
8691909484 1 4397007886
8691909560 1 4397007885
8691909560 1 4397008090
8691909561 1 4397007885
8691909562 1 4397008090
8691975287 1 4397073605
8691975288 1 4397073605
8692041389 1 8692107525
8692041390 1 8692107525
8692107835 1 8692107836
8708620807 1 8708686387
8708686387 1 4430561702
8708686388 1 4430561702
8708752099 1 135856136
8708752201 1 8708817519
8725725229 1 8742633507
12902793252 1 12902793255
12919177252 5 12919242788
12919177255 1 8624275476
12919177255 5 12919242788
12919242780 1 8641118233
12919242783 1 8641118233
12919242785 1 12919242791
12919242788 1 8624341020
12919242788 12 12919308324
12919242791 1 8624341020
12919242791 1 8641118235
12919242791 13 12919308324
12919308324 13 12919373860
12919308324 1 12919373861
12919308324 1 12919373863
12919308324 2 12919439398
12919308327 12 12919373860
12919308327 1 12919373862
12919308327 1 12919373863
12919308327 3 12919439398
12919373860 10 12919439396
12919373860 2 12919439397
12919373860 2 12919439398
12919373861 1 12936216613
12919373862 1 12919439398
12919373862 1 12936216613
12919373863 8 12919439396
12919373863 4 12919439398
12919373863 1 12919439399
12919373864 1 12919439398
12919439396 1 12919504931
12919439396 8 12919504932
12919439396 2 12919504933
12919439396 1 12919504934
12919439396 1 12919570469
12919439397 1 12919504931
12919439397 1 12919504933
12919439398 2 12919504933
12919439398 10 12919504934
12919439399 8 12919504932
12919439399 1 12919504934
12919439400 9 12919504934
12919504931 2 12919570467
12919504932 1 12919504935
12919504932 5 12919570468
12919504932 1 12919570469
12919504932 1 12919570470
12919504933 2 12919570467
12919504933 4 12919570469
12919504934 1 12919504936
12919504934 6 12919570469
12919504934 23 12919570470
12919504934 1 12921339959
12919504935 4 12919570468
12919504935 2 12919570470
12919504936 13 12919570470
12919570467 1 12921339953
12919570468 2 12919570471
12919570469 3 12919570470
12919570469 1 12921208887
12919570469 1 12921339956
12919570469 1 12921339959
12919570469 1 12921471028
12919570470 6 12919570472
12919570470 1 12921208890
12919570470 2 12921339959
12919570470 10 12921339962
12919570470 2 12921471031
12919570470 5 12921471034
12919570470 1 12937986106
12919570472 2 12921339962
12919570472 2 12921471034
12921208884 1 12921339956
12921208887 1 12921339956
12921208890 2 12921339962
12921208890 1 12938117178
12921208894 1 12921339962
12921339956 1 12921471025
12921339956 2 12921471028
12921339959 2 12921471028
12921339959 1 12921471031
12921339962 2 12921471031
12921339962 14 12921471034
12921339966 3 12921471034
12921471031 1 12921471034
12921471034 2 12921471038
12921471034 1 12938248254
12935299434 1 12952142411
12935299435 1 12952142412
12935299435 1 12952142413
12935299436 1 12952142413
12935299436 1 12952142414
12935299466 2 12952142463
12935299467 1 12952142413
12935299467 1 12952142465
12935299468 1 12952142465
12935299498 1 12952142515
12935299499 1 12952142464
12935299499 1 12952142515
12936020005 1 12953191133
12936020006 1 12936085542
12936020008 1 12936085542
12936085542 1 12936151078
12936085544 1 12936151078
12936151078 1 12936216614
12936151078 1 12937723962
12936151080 1 12936216614
12936216613 1 12936282149
12936216614 1 12936282149
12936216614 1 12936282150
12936282149 1 12936347685
12936282150 1 12936347686
12936282150 1 12937986103
12936282152 1 12936347686
12936347685 1 12921208884
12937723962 2 12937855034
12937723966 1 12937855034
12937855034 1 12937986105
12937855034 2 12937986106
12937855036 1 12954763320
12937855038 1 12937986106
12937986103 1 12938117172
12937986105 1 12938117177
12937986106 1 12938117177
12937986106 4 12938117178
12937986106 1 12938117180
12937986110 2 12938117178
12938117172 1 12938248244
12938117177 1 12938248248
12938117177 1 12938248249
12938117178 1 12938248249
12938117178 6 12938248250
12938117180 2 12938248249
12938117180 1 12938248252
12938117182 2 12938248250
12938248248 1 12938248251
12938248249 1 12938248252
12938248250 1 12938248252
12952076619 1 12952142360
12952076619 1 12968919525
12952142360 1 12968985302
12952142411 1 12968985455
12952142412 1 12968985457
12952142413 1 12968985380
12952142413 1 12968985457
12952142413 2 12968985458
12952142414 1 12968985383
12952142414 1 12968985458
12952142415 1 12968985383
12952142463 1 8674018158
12952142463 1 12952208317
12952142464 1 12952208318
12952142465 1 12952208398
12952142515 1 8658223754
12952142516 1 8658223754
12952142518 1 12952208399
12952142518 1 12952208400
12952208317 1 8675000890
12952208318 1 8675000851
12952208319 1 8675000851
12952208324 1 12969968190
12952208398 1 12969968187
12952208399 1 12969968188
12952208400 1 12969968229
12953191053 1 12953256905
12953191053 1 12970034065
12953191053 1 12970034120
12953191092 1 12953256905
12953191094 1 12953256906
12953191133 1 12953257017
12953191133 1 12953257073
12953191134 1 12953257018
12953191135 1 12953257018
12953191174 1 12954370099
12953256905 1 8675132895
12953256905 1 12970100117
12953256906 1 12970100038
12953256906 1 12970100117
12953257017 1 12953323053
12953257018 1 8659402787
12953257073 1 8659402796
12953323053 1 8676180010
12953323054 1 8676180010
12954370096 1 8659533862
12954501177 1 8659861526
12954632252 1 12954763323
12954763320 1 12955090974
12954763323 1 12954959904
12954828832 1 12954959903
12954959904 1 12955090977
12954959906 1 12955090977
12955090974 1 12955090975
12955090977 1 12955090979
12955090978 1 12955090979
12968919525 1 12968985224
12968985224 1 12986745244
12968985302 1 30149837386
12968985380 1 12968985458
12968985383 1 12986745325
12968985455 1 8675000850
12968985457 1 8675000851
12968985457 1 12969968107
12968985458 1 12969968107
12968985458 2 12969968148
12968985459 1 12969968148
12969968107 1 8691843759
12969968108 1 8691843759
12969968148 2 8691843759
12969968150 1 12970033899
12969968187 1 8675066654
12969968188 2 8675066654
12969968190 1 12970033955
12969968229 1 12970034009
12970033899 1 12986877020
12970033955 1 12970099882
12970034009 1 12970099957
12970034011 1 12970099960
12970034012 1 12970099884
12970034012 1 12970099960
12970034065 1 12970100035
12970034120 1 8675132817
12970034121 1 8675132817
12970099803 1 12970099804
12970099882 1 12970165885
12970099884 1 12970165886
12970099957 1 8675198585
12970099958 1 8675198585
12970099960 1 12970166088
12970099961 1 12970166088
12970100035 1 8675198787
12970100038 1 12970166089
12970100116 1 12970166089
12970100117 1 12970166196
12970165885 1 8675264416
12970165886 1 8675264416
12970165886 1 8675264534
12970165887 1 8675264534
12970166088 1 69730311
12970166089 1 8675264775
12970166196 1 17265199499
12970232202 1 12970232203
12985762441 1 12986745244
12986745244 1 8708620807
12986745325 1 12986811001
12986745326 1 152698883
12986745326 1 152698884
12986745326 1 12986811002
12986811001 1 13003653844
12986811002 2 13003653844
12986877020 1 12986942896
12986942896 1 8692041389
12986942897 1 8692041389
12987075148 1 12987075149
13003522463 1 13003588051
13003653844 1 8708752099
13003653844 1 8708752201
13003653845 1 8708752099
17197367340 1 17197432871
17197432868 1 17197432874
17197432871 4 17197432876
17197432871 2 17197498404
17197432874 4 17197432879
17197432874 2 17197498404
17197432874 3 17197498407
17197432874 2 17197498410
17197432874 1 17197498412
17197432876 2 17197432882
17197432876 3 17197498407
17197432876 5 17197498410
17197432876 1 38672531546
17197432879 3 17197498410
17197432879 2 17197498412
17197432879 1 17197498415
17197432879 1 38672531546
17197432882 2 17197498412
17197432882 1 17197498415
17197498404 2 17197498410
17197498407 4 17197498412
17197498407 2 17197563940
17197498407 2 17197563943
17197498410 3 17197498415
17197498410 2 17197563940
17197498410 2 17197563943
17197498410 6 17197563946
17197498410 1 17197563948
17197498412 2 17197498418
17197498412 8 17197563946
17197498412 5 17197563948
17197498415 2 17197563946
17197498415 7 17197563948
17197498418 3 17197563948
17197563940 2 17197629476
17197563943 2 17197629476
17197563943 4 17197629479
17197563946 4 17197629479
17197563946 11 17197629482
17197563946 1 17197629484
17197563948 1 17197563954
17197563948 11 17197629482
17197563948 6 17197629484
17197563948 1 17197629487
17197563951 5 17197629484
17197563951 2 17197629487
17197563954 1 17197629487
17197629476 1 17197695012
17197629476 1 17197695015
17197629479 1 17197695012
17197629479 6 17197695015
17197629479 2 17197695018
17197629482 5 17197695015
17197629482 12 17197695018
17197629482 2 17197695020
17197629484 8 17197695018
17197629484 9 17197695020
17197629484 2 17197695023
17197629487 4 17197695020
17197629487 5 17197695023
17197695012 1 12902793252
17197695015 1 12902793252
17197695015 5 17197760551
17197695015 2 17197760554
17197695018 1 17197695020
17197695018 3 17197760551
17197695018 12 17197760554
17197695018 2 17197760556
17197695020 3 17197760554
17197695020 9 17197760556
17197695020 1 17197760559
17197695023 2 17197760556
17197695023 7 17197760559
17197760551 3 17197760554
17197760554 4 17197760556
17197760556 1 17197760559
17213423782 1 17214144551
17213423782 1 17214144554
17213423782 1 17230266796
17213423782 5 17230921767
17213423783 1 12952076619
17213423783 3 17214144556
17213423783 1 17230266798
17213423783 2 17230921772
17213423798 2 12919177252
17213423798 1 12935299434
17213423798 1 12935299435
17213423798 1 12952076619
17213423798 6 17213423815
17213423798 5 17214144548
17213423798 36 17214144551
17213423798 2 17214144554
17213423798 2 17230266732
17213423798 2 17230266734
17213423798 1 17230266796
17213423798 1 17230921764
17213423798 18 17230921767
17213423798 5 17230921770
17213423798 1 17230987303
17213423798 2 17247043917
17213423798 1 17247043950
17213423798 1 30149837426
17213423799 1 12935299435
17213423799 1 12935299436
17213423799 4 17213423816
17213423799 14 17214144551
17213423799 42 17214144554
17213423799 43 17214144556
17213423799 13 17214144559
17213423799 1 17214210095
17213423799 2 17230266732
17213423799 3 17230266733
17213423799 3 17230266734
17213423799 1 17230266797
17213423799 1 17230266798
17213423799 20 17230921767
17213423799 21 17230921770
17213423799 33 17230921772
17213423799 8 17230921775
17213423799 1 17230987303
17213423799 1 17247043917
17213423799 1 17247043949
17213423799 1 17247043950
17213423799 5 21509111855
17213423799 2 21525234032
17213423799 2 21525234063
17213423799 5 21525889071
17213423799 1 21542011215
17213423799 1 21542011217
17213423799 1 34410135929
17213423800 7 17214144556
17213423800 7 17214144559
17213423800 1 17230266733
17213423800 7 17230921772
17213423800 8 17230921775
17213423800 1 17247043949
17213423800 4 21509111855
17213423800 2 21525234032
17213423800 1 21525234063
17213423800 5 21525889071
17213423814 3 12919177252
17213423814 1 12935299436
17213423814 1 12935299466
17213423814 1 12935299467
17213423814 1 12935299498
17213423814 5 17214144548
17213423814 18 17214144551
17213423814 2 17214144554
17213423814 1 17230266764
17213423814 1 17230266765
17213423814 1 21525234063
17213423815 1 85066251
17213423815 1 12935299466
17213423815 1 12935299467
17213423815 1 12935299498
17213423815 14 17214144551
17213423815 23 17214144554
17213423815 17 17214144556
17213423815 4 17214144559
17213423815 1 17214210095
17213423815 1 17230266765
17213423815 1 17230266766
17213423815 1 17230266797
17213423815 2 21509111855
17213423815 1 21509111858
17213423815 1 21525234063
17213423815 1 21525234096
17213423815 1 21525889074
17213423815 1 30166614482
17213423815 1 38705103228
17213423816 2 17214144556
17213423816 10 17214144559
17213423816 1 17230921775
17213423816 3 21509111855
17213423816 1 21509111858
17213423816 1 21525234096
17213423830 1 12935299466
17213423830 1 17214144548
17213423830 1 17214144551
17213423830 1 17230266796
17213423830 2 17230266798
17213423831 1 12935299499
17213423831 2 17214144551
17213423831 2 17214144554
17213423831 4 17214144556
17213423831 2 17230266764
17213423831 1 17230266765
17213423831 1 17230266766
17213423831 4 17230266796
17213423831 1 17230266797
17213423831 2 17230266798
17213423831 1 21509111855
17213423831 1 21525234095
17213423831 1 21525234096
17213423831 1 21543125653
17213423831 1 34444804726
17213423832 1 17230266765
17213423832 1 17230266796
17213423832 1 21525234096
17213423832 1 25820201394
17214144548 1 8624275476
17214144548 1 12919242780
17214144548 6 12919242788
17214144548 1 12919242791
17214144548 100 17214144554
17214144548 27 17214210084
17214144548 13 17214210087
17214144548 1 17230987303
17214144548 1 25804144698
17214144548 1 34377367629
17214144551 1 12919242780
17214144551 7 12919242788
17214144551 1 12919242791
17214144551 1 12936020005
17214144551 1 12953191094
17214144551 1 17197367340
17214144551 1 17197432868
17214144551 88 17214144556
17214144551 97 17214210084
17214144551 241 17214210087
17214144551 18 17214210090
17214144551 1 17214210092
17214144551 1 17214275623
17214144551 3 17230987303
17214144551 1 25787433023
17214144551 1 25804144698
17214144551 1 34377367629
17214144551 1 43000791145
17214144554 1 12919242788
17214144554 1 12936020005
17214144554 1 12953191092
17214144554 1 12953191094
17214144554 1 17197432868
17214144554 4 17197432871
17214144554 1 17197432874
17214144554 132 17214144559
17214144554 70 17214210084
17214144554 260 17214210087
17214144554 250 17214210090
17214144554 21 17214210092
17214144554 1 17230987305
17214144554 4 17230987306
17214144554 1 17230987308
17214144554 1 25787433023
17214144554 1 25837699131
17214144554 1 43000791145
17214144556 1 8658223794
17214144556 1 12919242785
17214144556 3 17197432871
17214144556 6 17197432874
17214144556 1 17214144559
17214144556 105 17214144562
17214144556 54 17214210087
17214144556 291 17214210090
17214144556 242 17214210092
17214144556 21 17214210095
17214144556 1 17214275628
17214144556 1 17230987304
17214144556 1 17230987305
17214144556 2 17230987306
17214144556 4 17230987308
17214144556 1 21509177391
17214144556 1 25837699131
17214144556 1 34394144853
17214144559 1 4346085389
17214144559 1 8658223794
17214144559 1 12919242785
17214144559 5 17197432874
17214144559 2 17197432876
17214144559 82 17214210090
17214144559 285 17214210092
17214144559 72 17214210095
17214144559 1 17230987304
17214144559 1 17230987305
17214144559 2 17230987308
17214144559 1 17230987311
17214144559 1 21509177388
17214144559 8 21509177391
17214144559 1 21525954613
17214144559 1 34394144853
17214144562 1 4346085389
17214144562 2 17197432876
17214144562 78 17214210092
17214144562 28 17214210095
17214144562 1 21509177388
17214144562 6 21509177391
17214144562 1 21525954613
17214210084 1 8641118235
17214210084 4 12919308324
17214210084 1 12919308327
17214210084 1 17197432874
17214210084 1 17214210087
17214210084 47 17214210090
17214210084 19 17214275620
17214210084 24 17214275623
17214210087 3 12919308324
17214210087 2 12919308327
17214210087 2 17197498407
17214210087 1 17214210090
17214210087 44 17214210092
17214210087 43 17214275620
17214210087 265 17214275623
17214210087 28 17214275626
17214210087 1 17214341162
17214210087 2 17231052842
17214210090 3 17197498407
17214210090 49 17214210095
17214210090 24 17214275620
17214210090 215 17214275623
17214210090 296 17214275626
17214210090 31 17214275628
17214210090 1 17214341162
17214210090 1 17231052841
17214210090 3 17231052842
17214210090 1 17231052844
17214210092 1 17197432882
17214210092 1 17197498407
17214210092 1 17197498410
17214210092 46 17214210098
17214210092 26 17214275623
17214210092 243 17214275626
17214210092 289 17214275628
17214210092 35 17214275631
17214210092 1 17231052841
17214210092 2 17231052844
17214210092 1 17248158433
17214210092 1 21509242930
17214210092 1 21526020145
17214210095 1 17197498410
17214210095 3 17197498412
17214210095 1 17214210098
17214210095 29 17214275626
17214210095 228 17214275628
17214210095 107 17214275631
17214210095 1 17214341168
17214210095 2 17231052847
17214210095 1 17231118381
17214210095 1 17248158433
17214210095 11 21509242927
17214210095 1 21509242930
17214210095 1 21526020145
17214210098 2 17197498412
17214210098 26 17214275628
17214210098 27 17214275631
17214210098 1 17231118381
17214210098 6 21509242927
17214275620 1 12919373860
17214275620 1 12919373863
17214275620 2 17214275623
17214275620 12 17214275626
17214275620 13 17214341156
17214275620 15 17214341159
17214275623 1 12919373860
17214275623 3 12919373863
17214275623 2 17197563943
17214275623 2 17214275626
17214275623 11 17214275628
17214275623 18 17214341156
17214275623 4 17214341158
17214275623 244 17214341159
17214275623 9 17214341160
17214275623 1 17214341161
17214275623 32 17214341162
17214275623 1 17214406694
17214275623 1 17214406695
17214275623 5 17214406696
17214275623 1 17214406697
17214275623 1 17231118376
17214275626 2 17197563943
17214275626 2 17197563946
17214275626 1 17214275628
17214275626 15 17214275631
17214275626 5 17214341156
17214275626 148 17214341159
17214275626 1 17214341160
17214275626 12 17214341161
17214275626 276 17214341162
17214275626 8 17214341163
17214275626 37 17214341164
17214275626 1 17214341165
17214275626 1 17214406696
17214275626 6 17214406697
17214275626 1 17214406698
17214275626 1 17214406699
17214275626 3 17231118379
17214275626 1 30116020297
17214275628 4 17197563946
17214275628 9 17214275634
17214275628 3 17214341159
17214275628 172 17214341162
17214275628 3 17214341163
17214275628 296 17214341164
17214275628 10 17214341165
17214275628 8 17214341166
17214275628 29 17214341167
17214275628 1 17214406698
17214275628 1 17214406699
17214275628 4 17214406701
17214275628 1 17214406702
17214275628 1 17231118381
17214275628 2 17231118382
17214275628 2 17231118384
17214275628 1 21509308463
17214275631 1 17197563946
17214275631 5 17214341162
17214275631 167 17214341164
17214275631 9 17214341166
17214275631 122 17214341167
17214275631 5 17214341168
17214275631 2 17214406702
17214275631 1 17214406704
17214275631 1 17231118382
17214275631 2 17231118384
17214275631 8 21509308463
17214275631 1 21509373999
17214275631 1 21509374001
17214275634 2 17214341164
17214275634 14 17214341167
17214275634 3 21509308463
17214341156 4 12919439396
17214341156 4 17214406692
17214341156 10 17214406695
17214341158 1 12919439398
17214341158 3 17214406694
17214341159 4 12919439396
17214341159 1 12919439398
17214341159 2 12919439400
17214341159 5 12919504934
17214341159 3 17197629479
17214341159 2 17214341162
17214341159 4 17214406692
17214341159 10 17214406694
17214341159 182 17214406695
17214341159 20 17214406696
17214341159 8 17214406697
17214341159 17 17214406698
17214341159 1 17214472231
17214341159 6 17214472232
17214341159 1 17214472233
17214341160 1 12919439398
17214341160 4 17214406694
17214341160 5 17214406696
17214341160 1 17214406697
17214341160 2 17231183912
17214341161 2 17214406696
17214341161 10 17214406697
17214341161 2 17214406699
17214341161 1 17231183912
17214341161 1 17231183913
17214341162 3 17197629479
17214341162 1 17197629484
17214341162 87 17214406695
17214341162 23 17214406697
17214341162 215 17214406698
17214341162 29 17214406699
17214341162 21 17214406700
17214341162 3 17214406701
17214341162 5 17214472233
17214341162 3 17214472234
17214341162 4 17214472235
17214341162 1 17214472236
17214341163 9 17214406697
17214341163 7 17214406699
17214341163 1 17214406701
17214341163 1 17231183913
17214341163 1 17231183915
17214341164 3 17197629484
17214341164 101 17214406698
17214341164 8 17214406699
17214341164 211 17214406700
17214341164 52 17214406701
17214341164 20 17214406702
17214341164 24 17214406703
17214341164 1 17214472234
17214341164 1 17214472235
17214341164 3 17214472236
17214341164 6 17214472237
17214341164 7 17214472238
17214341165 5 17214406699
17214341165 8 17214406701
17214341165 1 17214406702
17214341165 1 17231183915
17214341165 2 17231183917
17214341165 1 21544304723
17214341166 6 17214406701
17214341166 11 17214406702
17214341166 1 17214406704
17214341166 1 17231183917
17214341166 1 17231183918
17214341167 2 17197629484
17214341167 1 17197629487
17214341167 102 17214406700
17214341167 10 17214406702
17214341167 105 17214406703
17214341167 23 17214406704
17214341167 2 17214472238
17214341167 2 17214472240
17214341167 1 17231183915
17214341167 5 21509373999
17214341167 2 21509374000
17214341168 7 17214406702
17214341168 7 17214406704
17214341168 1 17231183918
17214341169 3 17214406704
17214341170 1 17214406703
17214341170 1 21509373999
17214406692 4 17214472231
17214406694 5 12919504934
17214406694 1 12936282150
17214406694 5 17214472230
17214406694 3 17214472232
17214406695 1 12919504932
17214406695 3 12919504934
17214406695 1 12919504935
17214406695 2 12919570470
17214406695 1 17197695015
17214406695 4 17214472230
17214406695 104 17214472231
17214406695 30 17214472232
17214406695 8 17214472233
17214406695 23 17214472234
17214406695 1 17214537766
17214406695 1 17214537767
17214406695 7 17214537768
17214406695 1 17214537769
17214406696 5 12919504934
17214406696 1 12936282150
17214406696 5 17214472230
17214406696 27 17214472232
17214406696 4 17214472233
17214406696 1 17214537769
17214406696 1 17231249449
17214406697 18 17214472232
17214406697 38 17214472233
17214406697 6 17214472235
17214406697 1 17214537769
17214406697 2 17231249449
17214406698 1 17197695015
17214406698 1 17197695018
17214406698 1 17214406700
17214406698 41 17214472231
17214406698 1 17214472232
17214406698 24 17214472233
17214406698 151 17214472234
17214406698 41 17214472235
17214406698 16 17214472236
17214406698 4 17214472237
17214406698 1 17214537768
17214406698 1 17214537769
17214406698 3 17214537771
17214406698 1 17214537773
17214406699 1 17214406701
17214406699 20 17214472233
17214406699 27 17214472235
17214406699 13 17214472237
17214406699 1 17231249449
17214406700 1 69599234
17214406700 1 17197695018
17214406700 49 17214472234
17214406700 9 17214472235
17214406700 154 17214472236
17214406700 27 17214472237
17214406700 18 17214472238
17214406700 18 17214472239
17214406700 1 17214472240
17214406700 2 17214537771
17214406700 2 17214537772
17214406700 5 17214537773
17214406700 5 17214537774
17214406701 13 17214472235
17214406701 67 17214472237
17214406701 7 17214472238
17214406701 1 17214537773
17214406702 1 4363256574
17214406702 1 12954501177
17214406702 33 17214472237
17214406702 41 17214472238
17214406702 2 17214472240
17214406702 1 17231314992
17214406703 1 69599234
17214406703 1 17197695023
17214406703 52 17214472236
17214406703 16 17214472238
17214406703 71 17214472239
17214406703 19 17214472240
17214406703 2 17214472241
17214406703 1 17214537772
17214406703 5 17214537774
17214406703 1 17214537775
17214406703 3 17214537776
17214406703 5 21509439535
17214406703 4 21509439536
17214406703 1 21509505073
17214406703 1 38689308762
17214406704 1 12954501177
17214406704 20 17214472238
17214406704 24 17214472240
17214406704 1 17231314992
17214406704 5 21509439536
17214406704 3 21509439537
17214406705 8 17214472240
17214406705 5 21509439536
17214406705 3 21509439537
17214406705 1 25838093111
17214472230 4 12919570470
17214472230 4 17214537766
17214472230 1 17214537768
17214472231 1 12919570470
17214472231 1 12919570471
17214472231 1 17197760551
17214472231 7 17214537766
17214472231 53 17214537767
17214472231 23 17214537768
17214472231 9 17214537769
17214472231 5 17214537770
17214472232 5 12919570470
17214472232 8 17214537766
17214472232 55 17214537768
17214472232 5 17214537769
17214472233 32 17214537768
17214472233 63 17214537769
17214472233 10 17214537771
17214472233 1 17216307262
17214472233 1 17231314985
17214472234 1 17197760554
17214472234 4 17214472236
17214472234 18 17214537767
17214472234 1 17214537768
17214472234 29 17214537769
17214472234 82 17214537770
17214472234 29 17214537771
17214472234 4 17214537772
17214472234 2 17214537773
17214472235 1 17214472237
17214472235 26 17214537769
17214472235 70 17214537771
17214472235 11 17214537773
17214472235 1 17231314985
17214472236 4 17214472239
17214472236 21 17214537770
17214472236 6 17214537771
17214472236 71 17214537772
17214472236 40 17214537773
17214472236 28 17214537774
17214472236 4 17214537775
17214472237 31 17214537771
17214472237 91 17214537773
17214472237 16 17214537774
17214472238 28 17214537773
17214472238 80 17214537774
17214472238 8 17214537776
17214472238 1 17231314990
17214472239 22 17214537772
17214472239 15 17214537774
17214472239 37 17214537775
17214472239 22 17214537776
17214472239 4 21509505071
17214472239 4 21509505072
17214472240 28 17214537774
17214472240 42 17214537776
17214472240 4 21509505072
17214472240 4 21509505073
17214472240 1 21511274570
17214472241 11 17214537776
17214472241 4 21509505072
17214472241 3 21509505073
17214537766 1 12919570472
17214537766 3 12921471034
17214537766 13 17214537768
17214537767 12 17214537770
17214537768 2 12921208890
17214537768 7 12921339962
17214537768 7 12921471034
17214537768 23 17214537769
17214537768 1 17216176190
17214537768 11 17216307262
17214537768 5 17216307265
17214537768 16 17216438334
17214537768 4 17216438337
17214537768 2 17232953406
17214537769 1 12921471034
17214537769 22 17214537771
17214537769 1 17216176190
17214537769 2 17216176193
17214537769 19 17216307262
17214537769 19 17216307265
17214537769 3 17216307268
17214537769 13 17216438334
17214537769 24 17216438337
17214537769 2 17216438340
17214537770 14 17214537772
17214537771 27 17214537773
17214537771 1 17216176193
17214537771 2 17216176196
17214537771 3 17216307262
17214537771 9 17216307265
17214537771 17 17216307268
17214537771 3 17216438334
17214537771 22 17216438337
17214537771 20 17216438340
17214537771 3 17216438343
17214537771 1 17232953412
17214537772 1 8675198887
17214537772 15 17214537775
17214537773 1 8675198887
17214537773 26 17214537774
17214537773 6 17216176196
17214537773 2 17216176199
17214537773 3 17216307265
17214537773 29 17216307268
17214537773 15 17216307271
17214537773 2 17216307274
17214537773 8 17216438337
17214537773 22 17216438340
17214537773 18 17216438343
17214537773 1 17216438346
17214537773 1 17232953412
17214537774 27 17214537776
17214537774 1 17216176196
17214537774 2 17216176199
17214537774 3 17216176202
17214537774 5 17216307268
17214537774 23 17216307271
17214537774 17 17216307274
17214537774 9 17216438340
17214537774 21 17216438343
17214537774 11 17216438346
17214537774 1 17232953415
17214537774 1 21511274570
17214537774 1 30150035513
17214537776 9 17214537777
17214537776 1 17216176199
17214537776 4 17216176202
17214537776 2 17216307271
17214537776 14 17216307274
17214537776 10 17216438343
17214537776 13 17216438346
17214537776 1 17232953418
17214537776 3 21511274570
17214537776 6 21511274573
17214537776 6 21511405642
17214537776 3 21511405645
17214537776 1 30150035513
17214537777 1 17216307274
17214537777 1 21511274570
17214537777 3 21511274573
17214537777 4 21511405642
17214537777 2 21511405645
17216176190 1 17233084478
17216176193 3 17216307265
17216176196 2 17216307265
17216176196 7 17216307268
17216176196 1 17216307271
17216176196 1 17233084484
17216176199 5 17216307268
17216176199 3 17216307271
17216176199 1 17233084490
17216176202 1 17216307271
17216176202 3 17216307274
17216176202 1 17233084490
17216176202 1 21528051786
17216307262 1 12921471038
17216307262 23 17216438334
17216307262 1 17216438337
17216307265 5 17216438334
17216307265 30 17216438337
17216307268 6 17216438337
17216307268 48 17216438340
17216307268 4 17216438343
17216307268 1 17233215559
17216307271 4 17216438340
17216307271 36 17216438343
17216307271 3 17216438346
17216307271 3 17233215559
17216307274 3 17216438343
17216307274 29 17216438346
17216307274 1 17233215559
17216307274 1 21511405642
17216438334 5 17216438337
17216438337 13 17216438340
17216438340 6 17216438343
17216438343 6 17216438346
17230201015 1 17230921767
17230201016 1 17230266798
17230266732 1 17230266765
17230266732 1 17247109712
17230266732 1 17247109764
17230266733 1 17247109712
17230266733 1 17247109763
17230266733 1 17247109764
17230266733 1 17247109765
17230266734 1 17247109714
17230266734 1 17247109767
17230266734 1 21542077064
17230266735 1 21542077064
17230266764 1 12952142466
17230266764 1 17247109763
17230266764 2 17247109764
17230266765 1 17247109712
17230266765 1 17247109763
17230266765 1 17247109764
17230266765 1 17247109766
17230266766 1 21542077012
17230266796 2 12952142518
17230266796 3 12953191053
17230266796 1 17230921767
17230266796 1 17230921768
17230266796 1 17247109763
17230266797 1 17230921772
17230266797 1 17247109816
17230266797 1 17247698987
17230266798 1 17230921772
17230266798 1 17230921775
17230266798 1 17230921776
17230266798 1 17247109819
17230266798 1 21542077116
17230921764 1 17230987303
17230921767 1 12936020006
17230921767 19 17230987303
17230921767 2 17230987304
17230921767 6 17230987306
17230921768 1 17230987305
17230921769 1 17230987305
17230921770 10 17230987303
17230921770 24 17230987306
17230921770 2 17230987308
17230921772 5 17230987306
17230921772 27 17230987308
17230921772 1 17230987309
17230921772 2 17230987310
17230921772 5 17230987311
17230921772 1 17231052843
17230921772 2 17231052845
17230921775 8 17230987308
17230921775 2 17230987310
17230921775 13 17230987311
17230921775 1 21525954607
17230921776 1 17247764528
17230987303 2 17231052838
17230987303 7 17231052839
17230987303 5 17231052840
17230987303 3 17231052841
17230987303 4 17231052842
17230987303 1 17231118374
17230987303 1 17231118376
17230987303 1 17231118377
17230987304 1 12953191133
17230987304 2 17231052840
17230987305 1 12953191134
17230987305 1 12953191174
17230987305 2 17231052840
17230987305 1 17231052841
17230987306 3 17231052839
17230987306 4 17231052841
17230987306 17 17231052842
17230987306 7 17231052843
17230987306 2 17231052844
17230987306 1 17231118377
17230987306 3 17231118379
17230987308 1 17231052842
17230987308 1 17231052843
17230987308 20 17231052844
17230987308 5 17231052845
17230987308 4 17231052846
17230987308 1 17231052848
17230987308 1 17231118379
17230987308 1 17231118381
17230987308 1 17231118382
17230987309 1 17231052845
17230987310 1 17231052845
17230987310 1 17231052846
17230987310 2 17231052848
17230987311 5 17231052844
17230987311 5 17231052846
17230987311 2 17231052847
17230987311 5 17231052848
17230987311 1 17231118382
17230987311 2 21526020143
17230987311 1 21526020144
17230987312 2 17231052848
17231052838 1 12936151078
17231052838 1 17231118374
17231052839 4 17231118376
17231052839 3 17231118377
17231052840 1 12936151078
17231052840 1 17231118374
17231052840 6 17231118376
17231052840 1 17231118377
17231052841 5 17231118376
17231052841 6 17231118377
17231052841 1 17232560193
17231052841 1 17248158512
17231052842 1 17231118376
17231052842 16 17231118377
17231052842 6 17231118379
17231052843 4 17231118377
17231052843 7 17231118379
17231052843 1 17231118381
17231052844 2 17231118379
17231052844 12 17231118381
17231052844 8 17231118382
17231052844 1 17231183917
17231052845 3 17231118379
17231052845 7 17231118381
17231052845 2 17231118382
17231052846 3 17231118381
17231052846 8 17231118382
17231052846 2 17231118384
17231052846 1 21527658573
17231052847 7 17231118382
17231052847 1 17231118384
17231052848 5 17231118382
17231052848 6 17231118384
17231052848 1 21526085681
17231052849 2 17231118384
17231052849 1 21526085681
17231118374 1 17231118376
17231118374 1 17231183912
17231118376 1 12937723962
17231118376 10 17231183912
17231118376 1 17231183913
17231118376 1 17232691262
17231118377 5 17231183912
17231118377 18 17231183913
17231118377 6 17231183915
17231118377 1 17232560190
17231118377 1 17232691262
17231118379 9 17231183913
17231118379 21 17231183915
17231118379 4 17231183917
17231118381 5 17231183915
17231118381 22 17231183917
17231118381 2 17231183918
17231118381 1 17231249453
17231118381 1 17232560196
17231118381 1 17232691271
17231118382 10 17231183917
17231118382 20 17231183918
17231118382 4 17231183920
17231118382 2 17232691271
17231118382 1 21544304723
17231118384 8 17231183918
17231118384 11 17231183920
17231118384 1 17231249456
17231118384 1 17249337415
17231118384 1 21527658573
17231118385 2 17231183920
17231118385 1 17231249456
17231118385 1 21527658573
17231183912 1 12937855034
17231183912 9 17231249448
17231183912 3 17232822334
17231183913 4 17231249448
17231183913 11 17231249449
17231183913 6 17231249451
17231183913 2 17232822334
17231183913 1 17232822337
17231183915 5 17231249449
17231183915 21 17231249451
17231183915 1 17231249453
17231183915 1 17232691262
17231183915 1 17232691265
17231183915 2 17232822337
17231183915 2 17232822340
17231183917 2 17231249451
17231183917 20 17231249453
17231183917 1 17231249454
17231183917 1 17232691268
17231183917 1 17232691271
17231183917 3 17232822337
17231183917 1 17232822340
17231183917 1 17232822346
17231183918 7 17231249453
17231183918 13 17231249454
17231183918 2 17232822340
17231183918 2 17232822343
17231183918 4 17232822346
17231183920 3 17231249454
17231183920 5 17231249456
17231183920 1 17231249457
17231183920 1 17232822343
17231183920 1 17232822346
17231183920 1 21527789642
17231183920 2 21527789645
17231183921 1 17231249457
17231183921 2 21527789645
17231249448 1 12921208890
17231249448 2 12937986106
17231249448 2 17231314984
17231249448 5 17232953406
17231249449 1 12937986106
17231249449 2 17231314985
17231249449 1 17232822340
17231249449 4 17232953406
17231249449 5 17232953409
17231249451 1 17231314985
17231249451 2 17232822340
17231249451 7 17232953409
17231249451 10 17232953412
17231249451 3 17232953415
17231249453 1 17231314989
17231249453 1 17232822343
17231249453 2 17232953409
17231249453 8 17232953412
17231249453 5 17232953415
17231249453 3 17232953418
17231249454 1 17231314990
17231249454 4 17232953412
17231249454 6 17232953415
17231249454 4 17232953418
17231249456 3 17232953418
17231249456 2 21527920717
17231249457 1 21527789642
17231314984 2 17232953406
17231314985 2 17232953409
17231314989 1 17232953412
17231314990 1 17216176196
17231314990 1 17232953415
17231314992 1 21527920714
17232560190 1 17249468479
17232560193 1 17232691268
17232560193 1 17249468479
17232560196 1 17249468481
17232691262 1 12937855036
17232691262 1 17232822334
17232691265 1 17232822334
17232691268 1 17232822340
17232691268 1 17232822341
17232691271 3 17232822343
17232822334 1 12937986106
17232822334 5 17232953406
17232822337 1 17232953406
17232822337 4 17232953409
17232822340 2 17232953409
17232822340 9 17232953412
17232822341 1 17232953413
17232822343 7 17232953415
17232822346 2 17232953418
17232822346 2 21527920714
17232822346 1 21527920717
17232953406 2 12938117178
17232953406 1 12938117180
17232953406 1 17233084476
17232953406 13 17233084478
17232953406 1 17233215550
17232953409 1 17216307265
17232953409 2 17233084478
17232953409 13 17233084481
17232953412 4 17233084481
17232953412 22 17233084484
17232953412 1 17233084485
17232953412 4 17233084487
17232953412 1 17233215556
17232953413 1 17233084486
17232953415 2 17233084484
17232953415 2 17233084485
17232953415 17 17233084487
17232953415 2 17233084488
17232953415 2 17233084490
17232953415 1 17233215557
17232953418 2 17233084488
17232953418 10 17233084490
17232953418 1 21528051786
17233084476 1 17233084479
17233084478 1 12921471034
17233084478 1 12938248252
17233084478 1 12938248254
17233084478 2 17233215548
17233084478 8 17233215550
17233084478 3 17233215551
17233084481 2 17233215550
17233084481 1 17233215551
17233084481 10 17233215553
17233084481 3 17233215554
17233084481 1 17233215556
17233084482 1 17233215554
17233084484 1 17216438340
17233084484 1 17233215553
17233084484 13 17233215556
17233084484 9 17233215557
17233084484 1 17233215559
17233084485 1 17233215554
17233084485 2 17233215557
17233084487 2 17233215557
17233084487 12 17233215559
17233084487 3 17233215560
17233084487 2 17233215562
17233084488 1 17233215560
17233084488 1 17233215563
17233084490 12 17233215562
17233084490 2 17233215563
17233084490 1 21528182861
17233084491 1 17233215563
17233215548 1 17233215551
17233215553 1 17233215554
17233215554 1 17233215557
17233215557 1 17233215559
17233215559 1 17233215562
17233215562 2 17233215563
17247043917 1 17247109661
17247043917 1 17263886824
17247043949 1 17247109660
17247043950 1 17247109715
17247109660 1 38722012214
17247109661 1 17263952684
17247109712 1 17247175542
17247109712 1 17247175622
17247109712 1 17263952759
17247109714 1 17247175546
17247109715 1 17263952686
17247109763 1 12952208324
17247109763 1 17247175621
17247109763 1 43017962148
17247109764 1 12952208324
17247109764 1 17247175621
17247109764 1 17247175622
17247109764 1 17247175699
17247109765 1 17247175701
17247109766 1 17264935530
17247109767 1 17264935490
17247109816 1 17247175700
17247109817 1 17247175700
17247109819 1 17247175704
17247175542 1 12969968150
17247175546 1 17264935448
17247175621 1 17264935447
17247175621 1 17264935527
17247175622 1 17264935488
17247175622 1 17264935528
17247175623 1 17264935528
17247175699 1 12969968190
17247175700 1 17264935527
17247175701 1 17248158313
17247175702 1 17248158313
17247175704 1 17264935489
17247698987 1 17248158391
17247764528 1 21543125771
17248158313 1 17265001368
17248158391 1 12953256964
17248158433 1 17248224263
17248158512 1 17249337409
17248224263 1 17265067496
17249337409 1 17249468482
17249337415 1 17249468482
17249337416 1 17249468488
17249337418 1 17249468488
17249468479 1 12954632252
17249468481 1 17249599551
17249468482 1 12954828832
17249468482 1 17249599555
17249468488 1 17249599555
17249599551 1 17249730621
17249599555 1 17249796136
17249599555 1 17249927204
17249730621 1 12954959906
17249796136 1 17249927209
17249927204 1 12955090978
17263886824 1 17280729741
17263952684 1 17281712626
17263952685 1 17281712626
17263952686 1 17264935410
17263952687 1 17264935410
17263952759 1 12969968150
17263952759 1 43119280291
17264935410 1 17281778360
17264935447 1 17281778414
17264935448 1 17265001252
17264935450 1 17281778360
17264935488 1 17265001252
17264935488 1 17265001255
17264935489 1 17265001256
17264935490 2 17265001256
17264935527 1 12970034011
17264935527 1 12970034012
17264935528 1 17265001311
17264935530 1 17265001313
17265001252 1 12970099803
17265001253 1 12970099803
17265001255 1 17265067188
17265001256 1 17265067186
17265001256 1 17281844246
17265001257 1 17265067187
17265001311 1 17265067188
17265001311 1 17265067265
17265001312 1 17265067183
17265001313 1 21560034486
17265001368 1 17265067417
17265001368 1 17265067422
17265067183 1 17265067261
17265067186 1 17265133192
17265067187 1 17265133193
17265067188 1 21560100495
17265067260 1 17265067261
17265067265 1 17265133400
17265067417 1 12954370096
17265067418 1 12954370096
17265067422 1 21560100903
17265067423 1 21560100903
17265067496 1 17265133598
17265067497 1 17265133598
17265133192 1 12987075148
17265133193 1 17265199142
17265133194 1 17265199142
17265133400 1 17265199389
17265133598 1 12970232202
17265199142 1 17265265382
17265199143 1 17265265382
17280729741 1 13003522463
17280729742 1 13003522463
17280729746 1 17281712545
17280729747 1 17281712545
17281712545 1 17298555406
17281712626 1 21576745603
17281778360 1 17281844167
17281778414 1 17281844168
17281844167 1 17281909998
17281844168 1 17281909903
17281844168 1 17281909998
17281844246 1 17281910101
17281909903 1 21593719921
17281909998 1 12987008337
17281910101 1 17281975876
17281910102 1 17281975876
17281975876 1 12987074386
17298555406 1 13003653615
17298555407 1 13003653615
21492662319 1 21492727855
21492662322 1 21492727855
21492727855 1 21492727858
21509111855 8 21509177391
21509111858 8 21509177391
21509111858 1 21509177394
21509177388 1 21509177394
21509177391 14 21509242927
21509177391 2 21509242930
21509177391 1 21526020143
21509177394 13 21509242927
21509177394 3 21509242930
21509177396 1 21509242930
21509242927 16 21509308463
21509242927 2 21509308465
21509242927 4 21509308466
21509242927 3 21509374001
21509242930 10 21509308463
21509242930 2 21509308465
21509242930 5 21509308466
21509242930 1 21509308467
21509242930 2 21509308468
21509242930 1 21509374001
21509242932 2 21509308468
21509308463 15 21509373999
21509308463 1 21509374000
21509308463 5 21509374001
21509308463 2 21509374002
21509308463 1 21509439537
21509308465 1 21526151217
21509308465 1 21526151219
21509308466 11 21509373999
21509308466 2 21509374001
21509308466 3 21509374002
21509308466 1 21509374003
21509308466 1 21509374004
21509308467 1 21526151217
21509308467 1 21526151219
21509308467 1 21526151221
21509308468 1 21509374005
21509308468 1 21526151224
21509308469 1 21526151221
21509373999 1 21492662319
21509373999 12 21509439535
21509373999 2 21509439536
21509373999 7 21509439537
21509374000 3 21509439537
21509374001 10 21509439537
21509374001 3 21509439539
21509374002 1 21492662319
21509374002 7 21509439535
21509374002 1 21509439537
21509374002 1 21509439539
21509374002 1 21509439540
21509374003 1 21509439537
21509374003 4 21509439539
21509374004 1 21509439542
21509374005 1 21509439542
21509374006 1 21509439542
21509439535 1 21509439538
21509439535 8 21509505071
21509439535 1 21509505072
21509439535 5 21509505073
21509439535 1 21509505074
21509439535 1 21511405645
21509439536 1 21509505072
21509439536 10 21509505073
21509439537 1 21509505072
21509439537 27 21509505073
21509439537 4 21509505075
21509439538 2 21509505071
21509439538 2 21509505073
21509439538 1 21509505074
21509439539 1 21509505073
21509439539 7 21509505075
21509439539 2 21509505077
21509439540 1 21509505076
21509439541 2 21509505077
21509439542 2 21509505080
21509505071 1 21509505074
21509505072 4 21509505073
21509505072 1 21511274573
21509505072 5 21511405645
21509505073 3 21509505075
21509505073 2 21511143501
21509505073 1 21511143504
21509505073 14 21511274573
21509505073 4 21511274576
21509505073 10 21511405645
21509505073 5 21511405648
21509505073 1 21527920717
21509505075 2 21511143504
21509505075 6 21511274576
21509505075 2 21511405648
21509505075 1 21527920723
21509505076 1 21509505079
21509505077 1 21511274576
21509505077 1 21511274579
21509505080 1 21527920726
21509505080 1 25806372957
21511143501 1 21511274573
21511143501 1 21528051789
21511143504 2 21511274576
21511274570 2 21511405642
21511274570 3 21511405645
21511274573 2 21511405642
21511274573 18 21511405645
21511274573 2 21511405648
21511274576 9 21511405648
21511274576 2 21511405651
21511274576 2 21528182864
21511274579 3 21511405651
21511405642 8 21511405645
21511405645 3 21511405648
21525234032 1 21542077015
21525234032 1 21542077065
21525234063 1 21542077064
21525234063 1 21542077065
21525234063 1 21542666289
21525234095 1 21542077118
21525234096 1 67240562
21525234096 1 21542077117
21525889071 4 21525954607
21525889071 1 21525954609
21525889074 3 21525954607
21525889074 1 21525954609
21525889074 1 21525954612
21525889076 1 21525954612
21525954607 3 21526020145
21525954607 1 21526020146
21525954607 1 21526085681
21525954609 1 21526020147
21525954610 1 21526020146
21525954610 1 21526085681
21525954611 1 21526020147
21525954612 1 21526020149
21525954613 1 21543125773
21525954614 1 21543125773
21526020143 3 21526085681
21526020144 1 21526085681
21526020145 5 21526085681
21526020146 1 21526085681
21526020147 1 21526085683
21526020149 1 21526085685
21526085681 8 21526151217
21526085681 2 21526151219
21526085681 1 21527658573
21526085683 1 21526151217
21526085683 1 21526151219
21526085683 1 21527658579
21526085685 1 21527658573
21526151217 4 21526216753
21526151217 3 21526216755
21526151217 1 21527789645
21526151219 5 21526216755
21526151219 1 21527658573
21526151221 1 21527789648
21526151224 1 21526216761
21526216753 1 21527789645
21526216753 1 21527920717
21526216753 2 21527920720
21526216755 1 21526282291
21526216755 1 21527789648
21526216755 3 21527920720
21526216761 1 21527789654
21526282291 1 21527920720
21527658573 2 21527789645
21527658573 3 21527789648
21527658579 1 21527789651
21527789642 1 21527920714
21527789642 1 21528051790
21527789645 1 17232953418
21527789645 1 21527920714
21527789645 3 21527920717
21527789645 1 21527920718
21527789645 1 21527920720
21527789648 2 21527920720
21527789648 1 21527920721
21527789648 1 21527920723
21527789651 1 21527920726
21527789654 1 21527920726
21527920714 1 21528051786
21527920714 2 21528051789
21527920714 1 21528051790
21527920717 1 21528051786
21527920717 6 21528051789
21527920717 2 21528051790
21527920717 1 21528051792
21527920718 1 21528051790
21527920720 4 21528051792
21527920720 3 21528051793
21527920720 2 21528051795
21527920721 1 21528051796
21527920723 2 21528051795
21527920726 2 21528051799
21527920726 1 21528051802
21527920730 1 21528051802
21528051786 1 21528182859
21528051786 2 21528182861
21528051789 1 21528182859
21528051789 5 21528182861
21528051789 5 21528182862
21528051790 1 21528182860
21528051790 2 21528182862
21528051792 2 21528182862
21528051792 2 21528182864
21528051792 1 21528182865
21528051792 1 21528182867
21528051793 2 21528182865
21528051793 1 21528182868
21528051795 4 21528182867
21528051795 1 21528182868
21528051796 1 21528182869
21528051799 1 21528182868
21528051799 1 21528182875
21528051802 1 21528182874
21528182860 1 21528182863
21528182861 1 21528182862
21528182862 2 21528182865
21528182864 1 21528182865
21528182868 1 21528182871
21542011215 1 21558854123
21542011217 1 25853821476
21542077012 1 21558919984
21542077064 1 21542142924
21542077064 1 21542143003
21542077065 1 21542142928
21542077065 2 21542143003
21542077066 1 21542142928
21542077066 1 21542143003
21542077116 1 21543125612
21542077117 1 21542143003
21542077118 1 21542143006
21542142924 1 21559902786
21542142928 1 25854870086
21542143003 1 21543125610
21542143003 1 21543125612
21542143003 1 21559902826
21542143006 1 25854870086
21542666289 1 21543125730
21542666291 1 21543125730
21543125610 1 17265001368
21543125611 1 17265001368
21543125612 1 21559968612
21543125612 1 21559968669
21543125653 1 25854935966
21543125730 1 17249337416
21543125730 1 21543191507
21543125770 1 21543191507
21543125771 1 21544304720
21543125773 1 25838158975
21543191507 1 34429468808
21544304720 1 21544435796
21544304723 1 25839403104
21544304726 1 25839403104
21544435796 1 21544566872
21544566872 1 25839665241
21544763438 1 21544894508
21558854123 1 17280729746
21558854124 1 17280729746
21558919984 1 21576679924
21559902786 1 17265001257
21559902826 1 17265001312
21559968612 1 21560034569
21559968669 1 21560034648
21560034486 1 21560100497
21560034569 1 25855067800
21560034648 1 25855068107
21560100495 1 21560166453
21560100497 1 21560166452
21560100903 1 21561147438
21560166452 1 21577009769
21560166453 1 30151082047
21561147438 1 21561278515
21561147440 1 21561278515
21576679885 1 8725725229
21576679885 1 21576745549
21576679886 1 21576745549
21576679924 1 21576745604
21576745549 1 21593588452
21576745604 1 25888555752
21577009160 1 21577009161
21577009769 1 21577009921
21593588452 1 21593654008
21593588453 1 21593654008
21593654008 1 17315529229
25787433023 1 25787433028
25787433028 1 30099243079
25804144698 1 25820987456
25820201394 1 25837044419
25820201395 1 25837044419
25820987456 1 25838093112
25837044419 1 25837110309
25837110309 1 25854870089
25837699131 1 25838092990
25838092990 1 25838093030
25838092991 1 25838093031
25838093030 1 25838158863
25838093031 1 25838158863
25838093111 1 25838158920
25838093112 1 25839272032
25838158863 1 25855002100
25838158920 1 25855002100
25838158975 1 25839272032
25839272032 1 25839403100
25839272032 1 25839403109
25839403100 1 21544763438
25839403104 1 25839403107
25839403109 1 30134566973
25839665241 1 25839992886
25839665244 1 25839992886
25853821476 1 25853887208
25853887208 1 8742633507
25854870086 1 25854935857
25854870086 1 25854935913
25854870089 1 25854935858
25854935857 1 30166746152
25854935858 1 25855001714
25854935913 1 30149969174
25854935966 1 25855001947
25855001714 1 25871844814
25855001947 1 25855068011
25855002100 1 21561147442
25855002100 1 25855002101
25855067800 1 25855133757
25855067905 1 25855133874
25855067906 1 25855133874
25855068011 1 38724305041
25855068107 1 25856114748
25855133757 1 25855200015
25855133874 1 17266180139
25856114748 1 25856114749
25871712850 1 25888555675
25871712851 1 25888555675
25871844814 1 25871910491
25871844815 1 25871910491
25871910491 1 21577009160
25888555752 1 25888621318
30082400322 1 30099243079
30099243079 1 30099308618
30099243082 1 30099308618
30099308618 1 30116151372
30116020297 1 30134239346
30116151372 1 30117724279
30117724279 1 30117855351
30117855351 1 30117986421
30117986421 1 30118117494
30134566973 1 30134698048
30134698048 1 30134698049
30134829126 1 34429796423
30149837386 1 30149903155
30149837426 1 30149903211
30149903155 1 25855001791
30149903211 1 25855067905
30149903212 1 25855067905
30149969093 1 30149969094
30149969097 1 30150035006
30150035006 1 25871910738
30150035513 1 25839272035
30150101305 1 25839272035
30150101305 1 25839272038
30151082047 1 30151082049
30166614482 1 25871712850
34377367629 1 34377367634
34377367631 1 34394210389
34377367634 1 34394210389
34394144853 1 38705954904
34394144855 1 38705954904
34394210389 1 38706020440
34410135929 1 34426978969
34412560518 1 34429468801
34426978969 1 34427044836
34427044836 1 34444804686
34429468801 1 34429599871
34429468808 1 30134829126
34429599871 1 34429796425
34429599874 1 34429796425
34429796425 1 34429927496
34444804686 1 34444870512
34444804726 1 34444870513
34444870512 1 30149969093
34444870513 1 30149969097
34444936478 1 34445002517
34445002517 1 34445068490
34445068490 1 34445134774
34445068491 1 34445134774
34445134774 1 34445134775
34461779123 1 34478621964
34478621964 1 34478687686
34478687686 1 34478687687
38672531546 1 38689374298
38689308762 1 21543125730
38689374298 1 38691143820
38691143820 1 38708052108
38705103228 1 38721946217
38705954904 1 34412560518
38705954905 1 34412560518
38706020440 1 38707527823
38707527823 1 38707658899
38707658899 1 38707789975
38707789975 1 43002888344
38721946217 1 38738789276
38722012214 1 38739772025
38738789276 1 38739771906
38738789277 1 38739771906
38739771906 1 38756614863
38739772025 1 38739837813
38739837813 1 34444936478
38739970129 1 38741016658
38739970130 1 38741016658
38756614863 1 38756680601
38756680601 1 34461779123
38756680602 1 34461779123
38756812176 1 38756812177
43000791145 1 43017962190
43002888344 1 43002888347
43017962148 1 43034805172
43017962190 1 43018028068
43018028068 1 43034871312
43034805172 1 43034871159
43034805228 1 43034871159
43034871159 1 43034937230
43034871312 1 38739970129
43034871313 1 38739970129
43034937230 1 47329970646
43034937332 1 47329970646
43051582223 1 43051647986
43051647986 1 43051713727
43051713727 1 38756812176
47314501802 1 43019731039
47329706544 1 43051582223
