69599239 1 47297593512
69599242 1 47297593512
101909153 1 43034871235
101909208 1 43034871235
118620523 1 101909153
118751702 1 47363457736
135397619 1 135463251
135397620 1 135463251
135463137 1 47380169094
135463251 1 118751702
135463252 1 118751702
135528684 1 135594193
135594193 1 135659650
151060546 1 151126018
151060609 1 151126121
151060609 1 168099842
151060640 1 151126121
151126018 1 13054902332
151126121 1 151191553
151191553 1 17349869641
151191557 1 4463001617
151191557 1 30217338994
152174754 1 135463137
152567819 1 152567820
167772225 1 151060546
167772225 1 168034308
167837698 1 43101847750
168034308 1 184877062
168034308 1 184877065
168099842 1 168165378
168099842 1 168165379
168165378 1 185008132
168165378 1 185008134
184877062 1 4496687121
184877062 1 4496687124
185008132 1 17365008428
4380297589 1 4381278224
4380297590 1 4381278224
4381278224 1 4381409292
4381409292 1 69795848
4396942181 1 8691975388
4397007984 1 4397008085
4397139462 1 4397139463
4413587820 1 4413653559
4413653559 1 4396942181
4413719008 1 4413719009
4413850340 1 4413916066
4430495834 1 4430495912
4430561604 1 4430561605
4430626956 1 4430626957
4446158935 1 118620523
4446158935 1 8757968916
4446158935 1 8757968919
4447141974 1 4447142014
4447141974 1 21627404379
4447141975 1 21610823728
4447142014 1 21610823728
4447272972 1 4447272973
4447535126 1 152698890
4447666205 1 8742764582
4463001617 1 17364746287
4480106507 1 17332699199
4480106507 1 17365073963
4480106509 1 17332699199
4496687118 1 4496687124
4496687118 1 13086687263
4496687118 1 13086687265
8675198483 1 4380297589
8675198484 1 4380297589
8675264408 1 4381278218
8691975390 1 8691975391
8691975497 1 8675264408
8692041151 1 8692107378
8692041271 1 8692107529
8692041625 1 4381278218
8692107529 1 8692107530
8708620694 1 8708686465
8708620750 1 8708686465
8708686311 1 8708752095
8708686387 1 8708751992
8708686388 1 8708751992
8708686463 1 4397007984
8708686465 1 4397073718
8708686468 1 8708752199
8708751992 1 4413850340
8708752095 1 8708752096
8708752199 1 8708817999
8708752201 1 8708752202
8708817404 1 4430692680
8708817765 1 8708883526
8708817766 1 8708883526
8708817999 1 4397139462
8708818000 1 4397139462
8708883227 1 8708883228
8708883526 1 8708883527
8725332219 1 8725397854
8725332259 1 8708620694
8725332259 1 8725397910
8725397799 1 8725463370
8725397853 1 8708686463
8725397854 1 8725463526
8725397855 1 8708686311
8725397909 1 4413719008
8725397910 1 4413719008
8725397910 1 8708686387
8725463216 1 8725528598
8725463370 1 8725463449
8725463370 1 8725528903
8725463371 1 8725528903
8725463448 1 4430561604
8725463449 1 4430561604
8725528598 1 8725790738
8725528599 1 8725790738
8725528600 1 4430954510
8725528601 1 4430954510
8725528903 1 4430626956
8725529113 1 8708817404
8725594383 1 8725659831
8725659831 1 8725659832
8741126164 1 4447535126
8741126165 1 4447535126
8742109354 2 4447535126
8742109354 2 8742174844
8742109354 1 8742174899
8742109395 1 8725397853
8742174733 1 13038190619
8742174734 1 13038190619
8742174844 1 4447272973
8742174844 1 8742174901
8742174899 1 4430495834
8742174900 1 4430495834
8742174900 1 4447272972
8742174900 1 4447272973
8742174901 1 4447272972
8742502435 1 4447666205
8757968916 1 13069778972
8757968916 1 13069778975
8759279650 1 152698894
12954632240 1 8643018793
12970100116 1 12986942901
12970100116 1 21627666517
12971212834 1 12971343902
12986810946 1 12986876863
12986810947 1 12986876863
12986876708 1 12986942591
12986876786 1 8691975497
12986876863 1 8675198483
12986942591 1 8692041151
12986942591 1 8692041271
12986942591 1 12986942693
12986942594 1 69599239
12986942595 1 69599239
12986942693 1 8692041271
12986942901 1 21610692652
12986943003 1 21610692652
12987008569 1 4381278218
12987008569 1 47297593512
12987074389 1 12987074390
13003522422 1 12986810946
13003522422 1 13003588106
13003522423 1 13003588163
13003587992 1 8708686468
13003588104 1 8708686623
13003588106 1 12986876708
13003588106 1 13003653924
13003588107 1 12986876708
13003588107 1 13003653924
13003588163 1 12986876786
13003653689 1 13003719398
13003653690 1 13003719398
13003653691 1 8708752201
13003653692 1 8708752201
13003653693 1 13003719298
13003653769 1 13003653770
13003653850 1 12986942594
13003653923 1 8691975390
13003653924 1 12986942591
13003719300 1 13003784946
13003719398 1 8708817765
13003719508 1 13003785312
13003784946 1 8708883227
13003785312 1 13003851294
13003850993 1 13003850994
13019316402 1 8725332259
13019316404 1 13020299555
13019316404 1 13020299556
13019316484 1 13020299597
13019316486 1 13020299598
13019316563 1 13003522422
13020299478 1 17315332452
13020299479 1 17315332452
13020299515 1 8725397799
13020299516 1 8725397799
13020299516 1 8725397855
13020299516 1 13020365095
13020299518 1 13020365154
13020299555 1 8725397909
13020299556 1 13003587992
13020299558 1 13020365210
13020299597 1 13003588104
13020299598 1 13003588106
13020364987 1 13020430595
13020365044 1 13020430596
13020365095 1 8725463370
13020365096 1 8725463370
13020365100 1 13020430672
13020365154 1 13020430749
13020365155 1 13020430748
13020365156 1 13020430748
13020365210 1 13003653689
13020430440 1 13020496207
13020430514 1 8725528600
13020430515 1 8725528600
13020430595 1 13020496207
13020430596 1 13020496005
13020430748 1 13020430749
13020430749 1 8725529113
13020496005 1 13020561442
13020496107 1 13020561442
13020496207 1 8725594383
13020496207 1 13020496208
13020496208 1 8725594383
13020889120 1 13021020191
13036027921 1 8742764582
13036027921 1 13036093464
13036027971 1 8741126164
13036027971 1 13036093540
13036027972 1 13036093462
13036027972 1 13036093540
13036027973 1 13019316404
13036027973 1 13036093541
13036027973 1 13036093542
13036027974 1 13036093543
13036028024 1 13019316402
13036028025 1 13019316404
13036028026 1 13019316484
13036028027 1 13019316484
13036028079 1 13019316563
13036093462 1 152698890
13036093464 1 13020299516
13036093540 1 8725332219
13036093540 1 8725332259
13036093541 1 8725332259
13036093541 1 13020299515
13036093542 1 13036093620
13036093543 1 13020299516
13036093546 1 13020299518
13036093546 1 13020299558
13036093624 1 13020299558
13036224550 1 13037076654
13036224550 1 17364811818
13037076571 1 8742174733
13037076571 1 8742502435
13037076652 1 13037142200
13037076654 1 13020364987
13037076654 1 13037142202
13037076654 1 17315332397
13037076655 1 17315332397
13037142148 1 13037207579
13037142200 1 8725463216
13037142202 1 13020430514
13037142203 1 13020430514
13037207579 1 13021020191
13038059548 1 13038190619
13038059548 1 13038190621
13052674102 1 13052936228
13052674102 1 13052936231
13052674102 2 13069713444
13052674102 1 13069713447
13052674102 1 17347903527
13052674102 1 17366646846
13052674102 2 17366646852
13052674102 1 17366646855
13052739594 1 8742109354
13052739595 1 8742109354
13052739595 1 13036027921
13052739595 1 13036027973
13052739595 1 13037076652
13052739596 1 13037076652
13052739626 1 13036027971
13052739626 1 13036027972
13052739627 1 13036027921
13052739627 2 13036027972
13052739627 2 13036027973
13052739628 1 13036027921
13052739628 1 13036027973
13052739658 1 13036027971
13052739658 1 13036028024
13052739659 1 13036028025
13052739660 1 13036028025
13052936228 1 13069778980
13052936228 1 13069778983
13052936228 1 17347969063
13052936228 1 17366646846
13052936231 1 17366646846
13053001760 1 8742109395
13053001760 1 17364811812
13053001760 1 17364811818
13053001762 1 8742109395
13069451270 1 13069713444
13069451270 1 13069713447
13069451270 1 17366646846
13069451286 1 13069713441
13069451286 3 13069713444
13069451286 2 13069713447
13069451286 1 17349869633
13069451286 1 17366646846
13069451301 1 13069451317
13069451301 1 13069713444
13069451302 1 13069713441
13069451302 12 13069713444
13069451302 8 13069713447
13069451302 1 17349869633
13069451302 1 17349869636
13069451302 3 17364680740
13069451302 4 17364680743
13069451302 1 17366384708
13069451302 3 17366646846
13069451302 9 17366646849
13069451302 1 17366646852
13069451317 1 17366646849
13069713439 1 13069713444
13069713439 1 13069778980
13069713439 1 13069778983
13069713441 1 13069713444
13069713441 9 13069713447
13069713441 12 13069778980
13069713441 8 13069778983
13069713441 1 17366646849
13069713444 27 13069713447
13069713444 1 13069713450
13069713444 54 13069778980
13069713444 48 13069778983
13069713444 1 13071548474
13069713444 3 17364746276
13069713444 3 17364746279
13069713444 2 17366515777
13069713444 3 17366646846
13069713444 11 17366646849
13069713444 4 17366646852
13069713447 1 13069713450
13069713447 1 13071548474
13069713447 2 17366515777
13069713447 3 17366646846
13069713447 8 17366646849
13069713447 4 17366646852
13069778972 1 17364811823
13069778977 4 13069778983
13069778977 4 13069844516
13069778977 4 13069844519
13069778980 51 13069844516
13069778980 44 13069844519
13069778980 7 17364811812
13069778980 10 17364811815
13069844513 2 13069844519
13069844513 2 13069910052
13069844513 2 13069910055
13069844516 41 13069910052
13069844516 3 13069910054
13069844516 32 13069910055
13069844516 4 13069910056
13069844516 4 17364877348
13069844516 6 17364877351
13069844516 1 17364942886
13069844516 1 17364942888
13069844519 1 13069910054
13069844519 1 13069910056
13069844519 3 17364877350
13069844519 3 17364877352
13069910052 22 13069975588
13069910052 12 13069975590
13069910052 25 13069975591
13069910052 8 13069975592
13069910052 2 17364942884
13069910052 1 17364942886
13069910052 4 17364942887
13069910052 1 17364942888
13069910054 2 13069975590
13069910054 2 13069975592
13069910054 1 17364942886
13069910054 2 17364942888
13069910055 1 13069975590
13069910055 1 13069975592
13069910055 1 17364942886
13069910055 1 17364942888
13069910056 1 13069975590
13069910056 1 13069975592
13069975588 9 13070041124
13069975588 6 13070041126
13069975588 9 13070041127
13069975588 6 13070041128
13069975588 2 17365008420
13069975588 6 17365008423
13069975588 1 17365073960
13069975590 5 13070041126
13069975590 3 13070041128
13069975590 7 17365008422
13069975590 12 17365008424
13069975591 4 17365008422
13069975591 4 17365008424
13070041124 9 17365073959
13070041126 4 17365073958
13070041126 11 17365073960
13070041127 1 17365073958
13070041127 1 17365073960
13071417402 1 13071417406
13071417402 1 13071548474
13071548474 1 13054902330
13071548474 3 13071548478
13071548474 2 13071679543
13071548474 8 13071679546
13071679546 5 13071679550
13086490657 1 13069778980
13086490657 1 13086490663
13086490660 1 13086490663
13086556191 1 13086556196
13086556191 1 17381589031
13086556191 1 17381589034
13086556193 1 13069844516
13086556193 1 13069844519
13086556193 1 17366646855
13086556193 1 17366646858
13086556196 1 17366646855
13086556196 1 17366646858
13086687263 1 17364942887
17265199383 1 8643018793
17265199383 1 12971212834
17265199384 1 12971212834
17281844092 1 21576877510
17281844093 1 21576877510
17281975518 1 12987074389
17281975523 1 21577009151
17298489680 1 17298555407
17298555293 1 13003653769
17298555294 1 13003653769
17298555349 1 13003653850
17298555350 1 13003653850
17298555351 1 17298621147
17298555352 1 17298621147
17298555352 2 21576811389
17298555407 1 17281844092
17298555463 1 17281844092
17298620914 1 17298686809
17298620991 1 17298686807
17298621069 1 13003719508
17298621073 1 17298686809
17298621073 1 17298686909
17298621073 1 17298686912
17298621074 1 17298686809
17298621074 1 17298686912
17298621147 1 12986942591
17298621148 1 12986942591
17298686606 1 17298752255
17298686607 1 17298752255
17298686807 1 17298752616
17298686809 1 17281975523
17298686809 1 17298752493
17298686909 1 12987008337
17298686912 1 17281975518
17298752017 1 17298817537
17298752255 1 17298817991
17298752256 1 17298817991
17298752493 1 13003850993
17298817537 1 17298817538
17298817991 1 17298817992
17314283708 1 17315266856
17314283709 2 17315266856
17314283709 1 17315266857
17314283710 1 17315266857
17314283783 1 13003522422
17314283783 1 13003522423
17314283783 1 17298489680
17314283784 1 13003522423
17315266775 1 13020365100
17315266815 1 13020365155
17315266815 1 17315332453
17315266816 1 17315332452
17315266816 1 17315332453
17315266855 1 13003653923
17315266856 1 17298555293
17315266856 1 17298555349
17315266856 1 17298555352
17315266856 1 17315332509
17315266856 1 17315332510
17315266857 1 17298555293
17315266857 1 17298555352
17315266898 1 17298555351
17315332397 1 17298620914
17315332398 1 13020430753
17315332452 1 13003653691
17315332452 1 17298620991
17315332453 1 13003653691
17315332453 1 13003719300
17315332457 1 17298621073
17315332509 1 13003653693
17315332510 1 13003653693
17315332510 1 17298621069
17315332513 1 17298621073
17315398057 1 17315463721
17315398134 1 17298686606
17315463721 1 17298752017
17315463722 1 17298752017
17330929742 1 17330995326
17330929772 1 13036028079
17330995220 1 13036093468
17330995220 1 13037469752
17330995220 1 17332043951
17330995221 1 17331060845
17330995222 1 17331060767
17330995223 1 17331060848
17330995271 1 13036093546
17330995273 2 17331060845
17330995273 1 17331060922
17330995273 1 47396815048
17330995274 1 17331060845
17330995274 1 17331060846
17330995274 1 17331060924
17330995274 1 47396815048
17330995275 1 17331060849
17330995323 2 13036093546
17330995323 1 17314283783
17330995324 1 13036093546
17330995324 1 17314283783
17330995326 1 17314283708
17330995327 2 17314283709
17330995327 1 21626028145
17330995377 1 17314283783
17331060765 1 17315266856
17331060765 1 17347903527
17331060766 1 17315266856
17331060767 1 17315266775
17331060767 1 17315266857
17331060767 1 17364680748
17331060845 2 17315266815
17331060845 1 17315266816
17331060846 1 17315266856
17331060848 1 21610234154
17331060849 1 21610234154
17331060922 1 17315266855
17331060924 1 17315266856
17332043911 1 13037142148
17332043911 1 13037469752
17332043951 1 13020365044
17332043992 1 13020365100
17332043993 1 17315332398
17332109333 1 13020430440
17332699202 1 17366384711
17347641383 1 13071679546
17347641383 1 17347641399
17347641383 1 17364680743
17347641383 2 17364680746
17347641383 1 17364680748
17347641384 1 17347641400
17347641384 1 17364418615
17347641384 1 17364680751
17347641398 1 13071679546
17347641398 1 17347641399
17347641398 6 17347903527
17347641398 8 17347903530
17347641398 1 17347903532
17347641398 4 17364680743
17347641398 3 17364680746
17347641398 1 17366515783
17347641398 1 17366646846
17347641398 3 17366646849
17347641398 2 17366646852
17347641398 4 17366646855
17347641398 1 21661614157
17347641399 1 13071679543
17347641399 2 13071679546
17347641399 3 17347903530
17347641399 6 17347903532
17347641399 2 17347903535
17347641399 1 17364680746
17347641399 5 17364680748
17347641399 5 17364680751
17347641399 2 17366646846
17347641399 5 17366646849
17347641399 3 17366646852
17347641399 5 17366646855
17347641399 2 17366646858
17347641399 1 21661614154
17347641399 1 21661614157
17347641400 1 17366646852
17347641400 1 17366646858
17347641414 1 17347903527
17347641414 1 17347903530
17347641414 1 17366646852
17347641415 1 17347903535
17347641415 1 17366646849
17347706893 1 13037076654
17347706893 2 17330995220
17347706893 1 17330995221
17347706893 1 17330995222
17347706893 2 17330995273
17347706894 1 17330995222
17347706894 1 17330995223
17347706894 1 17330995274
17347706894 1 17347772439
17347706894 1 21627011251
17347706895 1 17347772439
17347706924 1 17330995220
17347706924 1 17330995323
17347706925 1 17330995220
17347706925 1 17330995271
17347706925 1 17330995273
17347706925 1 17330995324
17347706926 1 17330995273
17347706926 1 17330995274
17347706926 1 17330995275
17347706926 1 17347706958
17347706926 1 21625962571
17347706927 1 17347706959
17347706956 1 13036027974
17347706956 1 13036028026
17347706957 1 13019316486
17347706957 1 17330995271
17347706957 1 17330995323
17347706957 1 17330995377
17347706958 3 17330995327
17347706958 1 21625962572
17347706959 1 21625962572
17347772439 1 17332043993
17347903527 4 17347969063
17347903527 4 17347969066
17347903527 2 17364746279
17347903527 3 17364746282
17347903527 1 17366515786
17347903527 1 17381523495
17347903530 8 17347969066
17347903530 1 17347969068
17347903530 2 17364746282
17347903530 1 17364746284
17347903530 2 17366646849
17347903530 1 17366646852
17347903530 1 17366646855
17347903532 6 17347969068
17347903532 1 17347969071
17347903532 1 17364746284
17347903532 1 17364746287
17347903532 2 17366646855
17347903532 1 21661614157
17347903535 1 17347969071
17347903535 1 17364746287
17347903535 1 21661614157
17347969063 3 17348034599
17347969063 1 17348034602
17347969063 1 17364811818
17347969066 7 17348034602
17347969066 1 17348034604
17347969066 3 17364811818
17347969068 4 17348034604
17347969068 2 17364811820
17347969068 1 17364811823
17347969071 1 17348034604
17347969071 1 17348034607
17348034599 1 17348100136
17348034599 1 17348100137
17348034599 1 17364877352
17348034599 1 17364877353
17348034602 2 17348100137
17348034602 3 17348100139
17348034602 2 17348100141
17348034602 3 17364877353
17348034602 3 17364877355
17348034604 2 17348100141
17348034604 3 17348100142
17348034604 1 17348100144
17348034604 2 17364877357
17348034604 2 17364877358
17348034607 1 17364877360
17348034607 1 17364877361
17348100136 1 17364942888
17348100136 1 17364942889
17348100137 1 17348165672
17348100137 2 17348165673
17348100137 1 17364942889
17348100137 1 17364942891
17348100139 1 17364942889
17348100139 2 17364942891
17348100139 1 17364942893
17348100141 1 17348165677
17348100141 1 17348165678
17348100141 2 17364942893
17348100141 2 17364942894
17348100142 1 17364942894
17348165672 1 17365008424
17348165673 1 17365008425
17348165673 2 17365008427
17348165677 1 17365008429
17348165680 1 17348231214
17348165680 1 17348231216
17348231214 1 17365073966
17349476417 2 17349607486
17349476423 1 17333157928
17349476423 1 17349607496
17349476426 1 17349607498
17349607486 1 17349738556
17349607486 1 17349738558
17349607486 1 17349738559
17349607486 1 17349738561
17349607489 1 17349738564
17349607492 2 17349738564
17349607495 2 17349738567
17349607496 1 17332961350
17349607498 1 17349738571
17349738556 1 13054902332
17349738558 1 17366646846
17349738559 1 13054902331
17349738559 1 13054902333
17349738561 2 17349869633
17349738564 1 17349869633
17349738564 3 17349869636
17349738564 1 17349869639
17349738567 3 17349869639
17349738570 1 17349869642
17349738571 1 17349869641
17364418566 1 13052739595
17364418566 1 13052739626
17364418566 1 13071679546
17364418566 2 17347706893
17364418566 1 17347706894
17364418566 2 17364680743
17364418566 2 17364680746
17364418566 1 17366646855
17364418566 1 43117510686
17364418567 1 135397619
17364418567 1 13052739594
17364418567 3 13052739595
17364418567 4 17347706893
17364418567 4 17347706894
17364418567 1 17349869642
17364418567 1 17364418583
17364418567 1 17364680743
17364418567 1 17364680746
17364418567 2 17364680748
17364418567 3 17364680751
17364418567 1 17364680754
17364418567 1 17366646852
17364418567 2 17366646855
17364418567 1 21642674191
17364418567 1 21642674192
17364418567 1 21642674223
17364418567 1 21642674224
17364418567 1 25937641489
17364418567 1 38806880449
17364418567 1 43117510686
17364418568 1 17347706894
17364418568 1 21642674223
17364418568 1 21642674225
17364418568 1 38806880449
17364418582 1 17347706924
17364418582 1 17347706925
17364418582 1 17347706956
17364418582 1 17349869639
17364418582 1 17364418598
17364418582 1 17364680740
17364418582 5 17364680743
17364418582 4 17364680746
17364418582 3 17366646846
17364418582 2 17366646849
17364418582 1 17366646852
17364418582 1 30183391618
17364418583 1 167837698
17364418583 1 13052739627
17364418583 2 13071679546
17364418583 2 17347706893
17364418583 2 17347706925
17364418583 3 17347706926
17364418583 1 17347706956
17364418583 1 17347706957
17364418583 1 17349869636
17364418583 1 17349869639
17364418583 1 17349869642
17364418583 2 17364418599
17364418583 1 17364680743
17364418583 12 17364680746
17364418583 22 17364680748
17364418583 8 17364680751
17364418583 1 17364680754
17364418583 1 17366515777
17364418583 2 17366646846
17364418583 6 17366646849
17364418583 2 17366646852
17364418583 4 17366646855
17364418583 1 17366646858
17364418583 1 21642674223
17364418583 1 21642674255
17364418583 1 21661483085
17364418583 1 21661614154
17364418583 2 21661614157
17364418583 1 43117510751
17364418584 1 167837698
17364418584 3 17347706926
17364418584 1 17364418600
17364418598 1 13036027973
17364418598 1 13052739626
17364418598 1 13052739627
17364418598 1 13052739658
17364418598 1 13071548474
17364418598 1 13071679543
17364418598 4 13071679546
17364418598 1 13071679550
17364418598 1 17330929772
17364418598 1 17347706926
17364418598 1 17347706958
17364418598 3 17364680740
17364418598 24 17364680743
17364418598 16 17364680746
17364418598 3 17366646846
17364418598 8 17366646849
17364418598 3 17366646852
17364418599 1 4413587820
17364418599 1 13036027973
17364418599 1 13052739627
17364418599 1 13052739658
17364418599 1 13052739659
17364418599 2 13071548474
17364418599 1 13071679543
17364418599 5 13071679546
17364418599 2 13071679550
17364418599 1 17330929742
17364418599 1 17347706924
17364418599 1 17347706926
17364418599 1 17347706956
17364418599 2 17347706957
17364418599 3 17347706958
17364418599 2 17349869639
17364418599 1 17364418615
17364418599 30 17364680746
17364418599 59 17364680748
17364418599 31 17364680751
17364418599 1 17366515777
17364418599 1 17366515780
17364418599 1 17366515786
17364418599 8 17366646846
17364418599 12 17366646849
17364418599 6 17366646852
17364418599 9 17366646855
17364418599 14 17366646858
17364418599 1 21625897039
17364418599 1 21642674255
17364418599 2 21644836941
17364418599 7 21661614157
17364418599 1 47412478016
17364418600 1 17347706957
17364418600 1 17366646855
17364418600 3 17366646858
17364418600 1 47412478016
17364418614 1 13052739658
17364418615 1 17366646852
17364418615 2 17366646855
17364418615 1 17366646858
17364418615 2 21661614157
17364680740 1 13071679546
17364680740 3 17364680743
17364680740 83 17364680746
17364680740 24 17364746276
17364680740 104 17364746279
17364680740 67 17364746282
17364680740 5 17366646846
17364680740 3 17366646849
17364680740 2 17366646852
17364680743 10 13071679546
17364680743 153 17364680746
17364680743 81 17364680748
17364680743 169 17364746279
17364680743 230 17364746282
17364680743 71 17364746284
17364680743 26 17366646846
17364680743 17 17366646849
17364680743 20 17366646852
17364680743 5 17366646855
17364680746 1 13037076654
17364680746 9 13071679546
17364680746 1 13071679550
17364680746 156 17364680748
17364680746 108 17364680751
17364680746 1 17364746279
17364680746 215 17364746282
17364680746 267 17364746284
17364680746 67 17364746287
17364680746 1 17364811818
17364680746 1 17366515780
17364680746 33 17366646846
17364680746 25 17366646849
17364680746 34 17366646852
17364680746 24 17366646855
17364680746 11 17366646858
17364680746 1 21661483082
17364680746 1 30216945812
17364680748 1 13071679550
17364680748 186 17364680751
17364680748 68 17364680754
17364680748 226 17364746284
17364680748 226 17364746287
17364680748 33 17364746290
17364680748 1 17366515780
17364680748 1 17366515786
17364680748 11 17366646846
17364680748 14 17366646849
17364680748 32 17366646852
17364680748 42 17366646855
17364680748 28 17366646858
17364680748 1 21610234114
17364680748 1 21661483082
17364680748 5 21661614154
17364680748 8 21661614157
17364680748 1 30216945812
17364680751 1 13020299478
17364680751 68 17364680754
17364680751 1 17364746284
17364680751 34 17364746287
17364680751 1 17366515786
17364680751 1 17366646846
17364680751 2 17366646849
17364680751 13 17366646852
17364680751 28 17366646855
17364680751 23 17366646858
17364680751 1 21610234114
17364680751 5 21661614154
17364680751 7 21661614157
17364680751 1 30216945810
17364680754 3 17366646855
17364680754 1 21661614154
17364746276 41 17364746282
17364746276 23 17364811812
17364746276 66 17364811815
17364746276 24 17364811818
17364746279 39 17364746284
17364746279 211 17364811815
17364746279 187 17364811818
17364746279 25 17364811820
17364746279 1 17364877351
17364746282 1 17364746284
17364746282 44 17364746287
17364746282 2 17364811815
17364746282 259 17364811818
17364746282 226 17364811820
17364746282 19 17364811823
17364746284 1 17364746287
17364746284 31 17364746290
17364746284 1 17364811818
17364746284 266 17364811820
17364746284 211 17364811823
17364746284 10 17364811826
17364746287 4 17364811820
17364746287 57 17364811823
17364746287 4 17364811826
17364811812 6 17364811818
17364811812 11 17364877348
17364811812 36 17364877351
17364811812 2 17364877354
17364811815 11 17364811820
17364811815 1 17364877350
17364811815 204 17364877351
17364811815 13 17364877352
17364811815 8 17364877353
17364811815 153 17364877354
17364811815 1 17364877356
17364811815 1 17364942887
17364811815 5 17364942888
17364811815 6 17364942889
17364811815 1 17364942890
17364811815 1 17364942891
17364811815 1 25922502750
17364811818 8 17364811823
17364811818 2 17364877351
17364811818 9 17364877353
17364811818 240 17364877354
17364811818 15 17364877355
17364811818 174 17364877356
17364811818 4 17364877357
17364811818 1 17364877359
17364811818 3 17364942889
17364811818 1 17364942890
17364811818 9 17364942891
17364811818 1 17364942892
17364811818 4 17364942893
17364811820 7 17364811826
17364811820 2 17364877354
17364811820 2 17364877355
17364811820 243 17364877356
17364811820 16 17364877357
17364811820 24 17364877358
17364811820 158 17364877359
17364811820 4 17364877360
17364811820 1 17364942892
17364811820 4 17364942893
17364811820 9 17364942894
17364811820 2 17364942896
17364811820 1 17366646858
17364811823 5 17364877356
17364811823 4 17364877358
17364811823 81 17364877359
17364811823 9 17364877360
17364811823 1 17364877361
17364811823 3 17364877362
17364811823 3 17364942894
17364811823 8 17364942896
17364811823 1 17364942897
17364811823 1 17366646858
17364877348 1 17364877351
17364877348 3 17364942884
17364877348 16 17364942887
17364877350 3 17364942886
17364877350 4 17364942888
17364877351 1 17364877354
17364877351 2 17364942886
17364877351 168 17364942887
17364877351 23 17364942888
17364877351 19 17364942889
17364877351 109 17364942890
17364877351 6 17365008424
17364877351 5 17365008425
17364877352 11 17364942888
17364877352 8 17364942889
17364877353 13 17364942889
17364877353 11 17364942891
17364877354 1 152698894
17364877354 2 17364942887
17364877354 13 17364942889
17364877354 198 17364942890
17364877354 32 17364942891
17364877354 104 17364942892
17364877354 15 17364942893
17364877354 3 17365008425
17364877354 2 17365008426
17364877354 4 17365008427
17364877354 4 17365008429
17364877354 1 21627404379
17364877354 1 30217338995
17364877355 7 17364942891
17364877355 6 17364942893
17364877356 3 17364942890
17364877356 2 17364942891
17364877356 213 17364942892
17364877356 21 17364942893
17364877356 37 17364942894
17364877356 102 17364942895
17364877356 14 17364942896
17364877356 3 17365008429
17364877356 2 17365008430
17364877356 1 21627404379
17364877356 1 30217338995
17364877357 15 17364942893
17364877357 11 17364942894
17364877358 3 17364942893
17364877358 17 17364942894
17364877358 10 17364942896
17364877358 1 17366646852
17364877359 5 17364942894
17364877359 81 17364942895
17364877359 27 17364942896
17364877359 9 17364942897
17364877359 2 17365008430
17364877359 1 17365008431
17364877359 6 17365008432
17364877359 2 17365008433
17364877360 1 17348165680
17364877360 1 17364942894
17364877360 5 17364942896
17364942884 1 17365008420
17364942884 5 17365008423
17364942886 9 17365008424
17364942887 1 152567819
17364942887 3 17365008422
17364942887 117 17365008423
17364942887 37 17365008424
17364942887 32 17365008425
17364942887 40 17365008426
17364942887 3 17365008427
17364942887 5 17365073960
17364942887 7 17365073961
17364942887 2 17365073962
17364942887 1 17365073963
17364942888 1 4464312335
17364942888 1 13054902330
17364942888 1 17365008422
17364942888 33 17365008424
17364942888 19 17365008425
17364942889 1 4464312335
17364942889 1 13054902330
17364942889 33 17365008425
17364942889 18 17365008427
17364942889 1 17366646849
17364942890 1 152567819
17364942890 2 17365008423
17364942890 34 17365008425
17364942890 132 17365008426
17364942890 61 17365008427
17364942890 57 17365008428
17364942890 19 17365008429
17364942890 2 17365073961
17364942890 1 17365073962
17364942890 4 17365073963
17364942890 3 17365073965
17364942891 1 17365008424
17364942891 3 17365008425
17364942891 36 17365008427
17364942891 13 17365008429
17364942891 1 17366646849
17364942892 2 17365008426
17364942892 4 17365008427
17364942892 140 17365008428
17364942892 43 17365008429
17364942892 53 17365008430
17364942892 60 17365008431
17364942892 10 17365008432
17364942892 5 17365073965
17364942892 9 17365073966
17364942892 1 17365073967
17364942892 4 17365073968
17364942893 2 17365008427
17364942893 43 17365008429
17364942893 22 17365008430
17364942893 1 17365073965
17364942894 3 17365008429
17364942894 47 17365008430
17364942894 30 17365008432
17364942895 14 17365008430
17364942895 61 17365008431
17364942895 36 17365008432
17364942895 7 17365008433
17364942895 1 17365073966
17364942895 4 17365073968
17364942895 1 17365073969
17364942896 1 17365008430
17364942896 36 17365008432
17364942896 3 17365008433
17364942897 1 17365008432
17364942897 1 17365008433
17364942897 1 21627011092
17365008420 3 17365073959
17365008422 2 17365073958
17365008422 13 17365073960
17365008423 9 17365073958
17365008423 73 17365073959
17365008423 32 17365073960
17365008423 23 17365073961
17365008423 20 17365073962
17365008424 1 13071679546
17365008424 1 17365073958
17365008424 73 17365073960
17365008424 30 17365073961
17365008425 2 17365073960
17365008425 79 17365073961
17365008425 34 17365073963
17365008425 1 17366646849
17365008426 16 17365073961
17365008426 77 17365073962
17365008426 52 17365073963
17365008426 23 17365073964
17365008426 26 17365073965
17365008427 4 17365073961
17365008427 70 17365073963
17365008427 31 17365073965
17365008428 2 17365073963
17365008428 82 17365073964
17365008428 40 17365073965
17365008428 47 17365073966
17365008428 19 17365073967
17365008428 16 17365073968
17365008429 1 17332109333
17365008429 5 17365073963
17365008429 79 17365073965
17365008429 42 17365073966
17365008430 1 17365073963
17365008430 5 17365073965
17365008430 80 17365073966
17365008430 38 17365073968
17365008431 2 17365073964
17365008431 13 17365073966
17365008431 37 17365073967
17365008431 48 17365073968
17365008431 17 17365073969
17365008432 4 17365073966
17365008432 82 17365073968
17365008432 17 17365073969
17365008432 1 25922502755
17365073961 1 17366646852
17365073963 1 17366646852
17365073965 1 17349869636
17365073966 1 8742764582
17365073966 1 17332961350
17365073968 1 8742764582
17366384702 2 13071548474
17366384702 1 13071548478
17366384702 1 17349738561
17366384702 1 17366384705
17366384702 3 17366515774
17366384705 1 17366384708
17366384705 7 17366515777
17366384708 2 17349738564
17366384708 2 17349738567
17366384708 1 17366384711
17366384708 2 17366515777
17366384708 6 17366515780
17366384708 2 17366515783
17366384711 2 17366384714
17366384711 3 17366515780
17366384711 5 17366515783
17366384711 2 17366515786
17366384714 1 17349738570
17366384714 2 17366515786
17366384714 1 21644705866
17366384714 1 21644705869
17366384714 1 21661483082
17366384714 1 21661483085
17366515774 5 13071679546
17366515774 5 13071679550
17366515774 5 17366515777
17366515774 26 17366646846
17366515774 5 17366646849
17366515777 1 17349869630
17366515777 1 17349869633
17366515777 4 17366515780
17366515777 3 17366646846
17366515777 55 17366646849
17366515777 9 17366646852
17366515780 3 17366515783
17366515780 4 17366646849
17366515780 38 17366646852
17366515780 4 17366646855
17366515783 8 17366515786
17366515783 4 17366646852
17366515783 44 17366646855
17366515783 8 17366646858
17366515786 1 17349869642
17366515786 1 17366646855
17366515786 34 17366646858
17366515786 3 21661614154
17366515786 1 21661614157
17366646846 6 17366646849
17366646849 3 17366646852
17366646852 3 17366646855
17366646855 6 17366646858
17381457956 3 17364746279
17381457956 3 17364746282
17381457956 1 17381457959
17381457956 9 17381457962
17381457956 7 17381523495
17381457956 7 17381523498
17381457959 9 17381457962
17381457959 4 17381457964
17381457959 1 17381523495
17381457959 4 17381523498
17381457959 3 17381523500
17381457962 1 17364746282
17381457962 3 17364746284
17381457962 2 17364746287
17381457962 5 17381457964
17381457962 10 17381457967
17381457962 2 17381523498
17381457962 8 17381523500
17381457962 6 17381523503
17381457964 1 17364746290
17381457964 10 17381457967
17381457964 4 17381457970
17381457964 5 17381523503
17381457964 4 17381523506
17381457967 4 17381457970
17381523492 2 17364811815
17381523492 2 17364811818
17381523492 8 17381523498
17381523492 6 17381589031
17381523492 6 17381589034
17381523495 3 17364811818
17381523495 3 17364811820
17381523495 1 17381523498
17381523495 7 17381523500
17381523495 2 17381589031
17381523495 5 17381589034
17381523495 3 17381589036
17381523498 1 17364811818
17381523498 3 17364811820
17381523498 2 17364811823
17381523498 1 17366646852
17381523498 3 17381523500
17381523498 6 17381523503
17381523498 3 17381589034
17381523498 5 17381589036
17381523498 2 17381589039
17381523500 1 17364811818
17381523500 1 17364811820
17381523500 1 17366646852
17381523500 1 17381523503
17381523500 5 17381523506
17381523500 3 17381589036
17381523500 5 17381589039
17381523500 2 17381589042
17381523503 1 17381523506
17381589028 1 17364877351
17381589028 2 17364877354
17381589028 1 17364877356
17381589028 4 17381589034
17381589028 2 17381654567
17381589028 2 17381654570
17381589031 3 17364877351
17381589031 3 17364877354
17381589031 1 17381589036
17381589031 3 17381654567
17381589031 3 17381654570
17381589034 3 17364877354
17381589034 3 17364877356
17381589034 4 17381589039
17381589034 5 17381654570
17381589034 6 17381654572
17381589034 1 17381654575
17381589036 1 13071679543
17381589036 1 17364877356
17381589036 1 17364877359
17381589036 1 17366646852
17381589036 2 17381589042
17381589036 4 17381654572
17381589036 4 17381654575
17381589039 1 13071679543
17381589039 1 17366646852
17381654567 4 17364942887
17381654567 3 17364942890
17381654567 1 17381720103
17381654567 1 17381720106
17381654570 2 17364942890
17381654570 2 17364942892
17381654570 2 17381720106
17381654570 3 17381720108
17381654572 1 17364942892
17381654572 1 17364942895
17381654572 3 17381720108
17381654572 4 17381720111
17381720103 1 17365008423
17381720106 2 17381785642
17381720106 1 17381785644
17381720108 2 17365008428
17381720108 2 17365008431
17381720108 1 17381785644
17381720108 1 17381785647
17381720111 1 17365008431
17381785642 2 17365073962
17381785642 1 17365073964
17381785644 1 17365073964
17381785647 1 17365073967
21560100397 1 25856114744
21576811389 1 21560100397
21576811389 1 21576877408
21576811472 1 21576877508
21576877408 1 25856114746
21576877508 1 12954632240
21576877510 1 25856114746
21576877510 1 30134370420
21593522593 1 17298621073
21593522766 1 21576811472
21593588373 1 21593654114
21593654114 1 21593654216
21593654115 1 21593719926
21593654216 1 21593719926
21593719926 1 25871976155
21609251013 1 25888424278
21609251086 1 17315266898
21609251087 1 21610234155
21610234114 1 17315332457
21610234115 1 17315332457
21610234115 1 21610234155
21610234115 1 21610299699
21610234115 1 21610299753
21610234115 1 21610299754
21610234116 1 21610299700
21610234116 1 21610299757
21610234154 1 17315332513
21610234154 1 21610299810
21610234155 1 17315332513
21610234155 1 21593522593
21610234156 1 21610299757
21610299644 1 21610365203
21610299699 1 21610365357
21610299700 1 21610365359
21610299753 1 17315398134
21610299754 1 17315398057
21610299754 1 17315398134
21610299755 1 21610365357
21610299757 1 25888555523
21610299810 1 21593588373
21610365203 1 25905398022
21610365357 1 21610431027
21610365359 1 25905398224
21610431027 1 25888752312
21610496182 1 21610496183
21610496182 1 21610692654
21625897039 1 21625962625
21625962520 1 21626028146
21625962571 1 43100799129
21625962572 1 21626028146
21625962572 1 21626028147
21625962573 1 21626028146
21625962624 1 21609251086
21625962625 1 21609251087
21625962625 1 21626028147
21625962626 1 21609251013
21625962627 1 21609251013
21625962677 1 21609251087
21626028145 1 21610234116
21626028146 2 21610234115
21626028146 1 21610234116
21626028146 1 43084087525
21626028147 2 21610234115
21626028147 1 21610234116
21627011090 1 21627404371
21627011092 1 25922043934
21627011251 1 21610299644
21627404371 1 25922502750
21627666517 1 21644574804
21642608695 1 17364680751
21642608695 1 17366646852
21642608695 1 17366646858
21642608695 1 21659648047
21642608695 1 21659648050
21642608696 1 17366646852
21642608696 1 17366646855
21642608696 1 17366646858
21642608696 1 21642870831
21642608696 1 21642870834
21642608696 1 21659648047
21642608696 1 21659648050
21642674191 1 21625962520
21642674192 1 152174754
21642674193 1 152174754
21642674223 1 21625962573
21642674224 1 21625962626
21642674225 1 25920929925
21642674226 1 25920929925
21642674255 1 21625962624
21642674255 1 21625962625
21642870831 1 21642936367
21642870839 1 17366515780
21642870839 1 21642936372
21642870839 1 21642936375
21642936367 1 17348034607
21642936372 1 21659779124
21642936375 1 21659779124
21644574797 1 21644705869
21644574804 1 21644705872
21644705866 1 21644836941
21644705869 1 21644836941
21644705872 1 17366646852
21659385864 1 17366646855
21659385864 2 21659648047
21659385864 2 21659648050
21659385879 1 17364680751
21659385879 1 17366646852
21659385879 1 17366646858
21659385879 1 21659648047
21659385879 1 21659648050
21659385880 1 17364680751
21659385880 3 17366646852
21659385880 1 17366646858
21659385880 1 21642674223
21659385880 1 21659648047
21659385880 1 21659648050
21659385895 3 17364680751
21659385895 1 17364680754
21659385895 4 17366646852
21659385896 1 17364680751
21659385896 1 17366515780
21659385896 2 17366646852
21659385896 2 17366646855
21659385896 2 21659648047
21659385896 3 21659648050
21659385911 1 17366515780
21659648044 2 17364746287
21659648044 2 17364746290
21659648044 9 21659648050
21659648044 7 21659713583
21659648044 7 21659713586
21659648047 3 17364746287
21659648047 1 17364746290
21659648047 1 17364811823
21659648047 1 17366646852
21659648047 11 17366646855
21659648047 9 17366646858
21659648047 32 21659648050
21659648047 1 21659648052
21659648047 48 21659713583
21659648047 45 21659713586
21659648050 1 13020299478
21659648050 1 17366646852
21659648050 11 17366646855
21659648050 10 17366646858
21659648050 1 21659648052
21659648050 1 21659648055
21659648050 4 21659713586
21659648050 1 21659713588
21659648052 1 17349869633
21659648052 1 17366646858
21659648055 1 17349869633
21659713580 1 17364811823
21659713580 1 17364811826
21659713580 3 21659713586
21659713580 2 21659779119
21659713580 2 21659779122
21659713583 8 17364811823
21659713583 1 17364811826
21659713583 1 17364877359
21659713583 42 21659779119
21659713583 32 21659779122
21659713586 2 21659779119
21659713586 5 21659779122
21659713591 1 21659713594
21659713591 1 21659779119
21659713591 1 21659779122
21659779119 1 17364877356
21659779119 9 17364877359
21659779119 33 21659844655
21659779119 2 21659844656
21659779119 3 21659844657
21659779119 20 21659844658
21659779122 2 21659844655
21659779122 4 21659844658
21659779124 1 21659844658
21659779124 1 21659844659
21659779124 1 21659844661
21659844655 6 17364942895
21659844655 4 17364942896
21659844655 4 17364942897
21659844655 1 17364942898
21659844655 1 17365008432
21659844655 1 17365008433
21659844655 1 17366646855
21659844655 21 21659910191
21659844655 2 21659910192
21659844655 3 21659910193
21659844655 6 21659910194
21659844655 1 21659975728
21659844655 1 21659975729
21659844656 1 17364942896
21659844656 1 17364942897
21659844656 1 21659910192
21659844656 1 21659910193
21659844657 1 17365008432
21659844657 1 17365008433
21659844658 2 21659910191
21659844658 1 21659910192
21659844658 4 21659910193
21659844658 1 21659910194
21659844659 1 21659910195
21659910191 1 17365008430
21659910191 6 17365008431
21659910191 7 17365008432
21659910191 6 17365008433
21659910191 8 21659975727
21659910191 2 21659975728
21659910191 2 21659975729
21659910192 1 17365008430
21659910192 3 17365008432
21659910192 3 17365008433
21659910193 1 17365008432
21659910193 1 21659975728
21659910193 3 21659975729
21659910195 1 21659975729
21659975727 4 17365073967
21659975727 4 17365073968
21659975727 4 17365073969
21659975728 4 17365073968
21659975728 3 17365073969
21659975729 4 17365073968
21659975729 3 17365073969
21661483082 3 21661483085
21661483082 3 21661614157
21661483085 8 21661614157
21661614154 3 21661614157
21676425260 1 17364746287
21676425260 1 17364746290
21676425260 2 21676425266
21676425260 1 21676490799
21676425260 1 21676490802
21676425263 2 21676425266
21676490796 1 21676490802
21676490796 1 21676556335
21676490796 1 21676556338
21676556335 1 21676621871
21676556335 1 21676621874
21676556340 1 21659844658
21676556340 1 21659844660
21676556340 1 21676556346
21676621871 1 17364942892
21676621871 1 21676687407
21676621871 1 21676687410
21676687407 1 17381785647
25856114744 1 25856245821
25856114746 1 30151213117
25871778697 1 30166812016
25871778851 1 25871778852
25888424278 1 25888490008
25888424318 1 21593522766
25888490008 1 25871778697
25904218389 1 25888424318
25904218390 1 25888424318
25905201496 1 17332699202
25905201496 1 25905267114
25905267114 1 25905332738
25905332347 1 43085660255
25905332738 1 25905398226
25905332739 1 25905398226
25905398022 1 30200627266
25905398027 1 25905463608
25905398224 1 25905463724
25905398226 1 21610692654
25905463608 1 25905529072
25905463609 1 25905529072
25905463724 1 25905529228
25920929822 1 25920995375
25920929925 1 25904218389
25920995375 1 30200168713
25921978431 1 25922043939
25921978431 1 30217338994
25922043934 1 25922109486
25922043935 1 4464312335
25922043935 1 4464312338
25922043935 1 25905332347
25922043991 1 25905332347
25922502755 1 25905922101
25937641489 1 25920929822
25937838140 1 13071679540
25937838140 1 21642936375
25937838140 1 21642936378
25971458108 1 17349869630
25971458108 1 21676556343
25971458108 1 21676556346
25971458114 1 17349869630
30134370420 1 34429468795
30151082047 1 34429468795
30166680203 1 25871778851
30166680204 1 25871778851
30166812016 1 38741016655
30183391618 1 30166680203
30183391619 1 30166680203
30183522826 1 34478555926
30183654181 1 34478621478
30200168713 1 30200234357
30200234357 1 30183522826
30200299803 1 25905398027
30200299804 1 25905398027
30216945810 1 30217011404
30216945812 1 34511978705
30217011404 1 30200299803
34478490364 1 34478490441
34478555827 1 30183654181
34478555828 1 30183654181
34495201549 1 34495267107
34495267031 1 34495332636
34495267107 1 34495267108
34495332636 1 38790365401
34495397980 1 30200627269
34495397980 1 34495398101
34495398100 1 34495398101
34511978705 1 34495267031
34512306307 1 8742764582
38773391856 1 34478490364
38773391857 1 34478490364
38773457589 1 21610431027
38773523336 1 25888752312
38790103315 1 38790168960
38790168960 1 38790234644
38790234333 1 38790234334
38790234493 1 38790300040
38790234494 1 38790300040
38790234644 1 34478555827
38790299733 1 4447993871
38790299733 1 34512306307
38790300040 1 30200627269
38790365401 1 38790430850
38806880449 1 34495201549
38806880450 1 34495201549
38839517277 1 13054902331
38839517277 1 21659844658
38839517277 1 21676621871
38839517280 1 13054902331
43034871235 1 43034871312
43068556215 1 43068556216
43084087524 1 21610234115
43084087525 1 21610234115
43084087602 1 43085070692
43084087603 1 43085070692
43085070574 1 43085136204
43085070692 1 38773391856
43085136148 1 38790234333
43085136204 1 38790234493
43085267349 1 43085332954
43085332954 1 43085398458
43085660255 1 43085660256
43100733536 1 43100799130
43100799023 1 43100864582
43100799024 1 43100864582
43100799129 1 21626028146
43100799130 1 43084087602
43100864582 1 38790103315
43100864587 1 43085070574
43100864588 1 43085070574
43101847750 1 43101847791
43101847751 1 43085136148
43101847791 1 43085136148
43117510686 1 43100799023
43117510719 1 21625962571
43117510751 1 43100799130
43134222368 1 17347706926
47363457736 1 43068556215
47363457737 1 43068556215
47380103448 1 135528684
47380169094 1 43085267349
47395766375 1 43100864587
47396815048 1 47380103448
47412478016 1 47395766375
