101974876 1 43034937025
118686148 1 101974876
4430364956 1 118686148
4463001616 1 4430364956
4463001616 1 8774811668
4463001618 1 4430364956
8742109235 1 25922502750
8743092250 1 8743223319
8774811668 1 17381589036
8774811668 1 17381589039
8791719959 1 8791719964
8791719959 1 13086752796
8791719959 1 13086752799
8791719961 1 8791719964
13054509114 1 8743223319
13054509114 1 13037862963
13069713441 2 13069713447
13069713441 1 13069778980
13069713441 2 13069778983
13069713444 2 13069713447
13069778980 1 13086621732
13069778980 1 13086621735
13069778983 1 13069844516
13069778983 1 13069844519
13069844516 1 17381654564
13069844516 1 17381654567
13086490657 3 13086490663
13086490657 3 13086556196
13086490657 3 13086556199
13086490660 4 13086490663
13086490660 2 13086556196
13086490660 2 13086556199
13086490663 1 13086556196
13086490663 1 13086556199
13086556193 6 13086556199
13086556193 4 13086621732
13086556193 6 13086621735
13086556193 2 13086621738
13086556196 5 13086556199
13086556196 4 13086621732
13086556196 5 13086621735
13086621729 1 13086621732
13086621729 4 13086621735
13086621729 4 13086687268
13086621729 4 13086687271
13086621729 1 17381654567
13086621729 1 17381654570
13086621732 3 13086621735
13086621732 2 13086621738
13086621732 5 13086687268
13086621732 4 13086687271
13086621732 5 17381654564
13086621732 6 17381654567
13086621735 1 17381654564
13086621735 1 17381654567
13086687268 7 13086752804
13086687268 7 13086752807
13086687268 2 17381720100
13086687268 2 17381720103
13086752796 1 13086752801
13086752796 1 13086818340
13086752796 1 13086818343
13086752796 1 17381785636
13086752796 1 17381785639
13086752799 1 21661614163
13086752801 1 13086752807
13086752801 1 17381785636
13086752801 1 17381785639
13086752801 1 21661614163
13086752804 2 13086752807
13086752804 4 13086818340
13086752804 4 13086818343
13086752804 4 17381785636
13086752804 4 17381785639
13086818337 1 13086818343
13086818337 1 17381851175
13086818337 1 17381851178
13086818340 1 13086883879
13086818340 3 17381851172
13086818340 3 17381851175
17364680740 8 17364680746
17364680740 8 17364746279
17364680740 8 17364746282
17364680743 12 17364680746
17364680743 7 17364680748
17364680743 3 17364746279
17364680743 9 17364746282
17364680743 5 17364746284
17364680743 1 17381457962
17364680743 1 17381457964
17364680743 1 17381523495
17364680743 3 17381523498
17364680743 3 17381523500
17364680746 9 17364680748
17364680746 8 17364680751
17364680746 4 17364746282
17364680746 7 17364746284
17364680746 3 17364746287
17364680746 1 17381457964
17364680746 3 17381523500
17364680746 3 17381523503
17364680748 9 17364680751
17364680748 3 17364680754
17364680748 2 17364746284
17364680748 4 17364746287
17364680748 2 17364746290
17364680748 1 17381523503
17364680748 1 17381523506
17364680751 3 17364680754
17364746276 7 17364746282
17364746276 3 17364811815
17364746276 3 17364811818
17364746276 4 17381589031
17364746276 4 17381589034
17364746279 5 17364746284
17364746279 1 17364811815
17364746279 3 17364811818
17364746279 1 17364811820
17364746279 3 17381589031
17364746279 6 17381589034
17364746279 4 17381589036
17364746282 1 17364746287
17364746282 3 17364811818
17364746282 4 17364811820
17364746282 1 17364811823
17364746282 1 17381589034
17364746282 1 17381589036
17364746284 3 17364746290
17364746284 4 17364811820
17364746284 4 17364811823
17364746284 2 17381589036
17364746284 3 17381589039
17364746284 1 17381589042
17364811812 2 17364811818
17364811812 1 17364877348
17364811812 1 17364877351
17364811812 1 17381654567
17364811812 1 17381654570
17364811815 1 17364877351
17364811815 1 17364877354
17364811815 1 17381654567
17364811815 1 17381654570
17364811818 1 17364811823
17364811818 3 17364877354
17364811818 2 17364877356
17364811818 2 17381654570
17364811818 3 17381654572
17364811820 4 17364877356
17364811820 4 17364877359
17364877348 1 17364942887
17364877351 1 17381720103
17364877351 1 17381720106
17364877354 1 17364942892
17364877354 2 17381720106
17364877354 2 17381720108
17364877356 4 17364942892
17364877356 4 17364942895
17364942887 1 17381785639
17364942892 1 17365008428
17364942892 1 17365008431
17364942892 4 17381785644
17364942892 3 17381785647
17365008428 1 17381851183
17381457956 31 17381457962
17381457956 1 17381523492
17381457956 29 17381523495
17381457956 30 17381523498
17381457959 34 17381457962
17381457959 24 17381457964
17381457959 10 17381523495
17381457959 34 17381523498
17381457959 24 17381523500
17381457962 25 17381457964
17381457962 38 17381457967
17381457962 11 17381523498
17381457962 39 17381523500
17381457962 31 17381523503
17381457962 1 17381523506
17381457964 42 17381457967
17381457964 17 17381457970
17381457964 11 17381523500
17381457964 28 17381523503
17381457964 17 17381523506
17381457967 17 17381457970
17381457967 1 17381523503
17381457967 1 17381523506
17381523492 88 17381523498
17381523492 1 17381589028
17381523492 86 17381589031
17381523492 87 17381589034
17381523495 75 17381523498
17381523495 62 17381523500
17381523495 27 17381589031
17381523495 90 17381589034
17381523495 63 17381589036
17381523498 41 17381523500
17381523498 104 17381523503
17381523498 1 17381589031
17381523498 31 17381589034
17381523498 117 17381589036
17381523498 93 17381589039
17381523500 70 17381523503
17381523500 48 17381523506
17381523500 22 17381589036
17381523500 60 17381589039
17381523500 38 17381589042
17381523503 26 17381523506
17381589028 128 17381589034
17381589028 8 17381654564
17381589028 127 17381654567
17381589028 121 17381654570
17381589031 72 17381589034
17381589031 95 17381589036
17381589031 1 17381654564
17381589031 79 17381654567
17381589031 161 17381654570
17381589031 84 17381654572
17381589034 43 17381589036
17381589034 141 17381589039
17381589034 71 17381654570
17381589034 179 17381654572
17381589034 111 17381654575
17381589036 69 17381589039
17381589036 70 17381589042
17381589036 70 17381654572
17381589036 116 17381654575
17381589036 47 17381654578
17381589039 31 17381589042
17381589039 2 17381654575
17381589039 2 17381654578
17381654564 85 17381654570
17381654564 38 17381720100
17381654564 99 17381720103
17381654564 56 17381720106
17381654567 10 17381654570
17381654567 61 17381654572
17381654567 128 17381720103
17381654567 182 17381720106
17381654567 50 17381720108
17381654570 5 17381654572
17381654570 101 17381654575
17381654570 2 17381720103
17381654570 134 17381720106
17381654570 194 17381720108
17381654570 66 17381720111
17381654572 10 17381654575
17381654572 56 17381654578
17381654572 1 17381720106
17381654572 101 17381720108
17381654572 142 17381720111
17381654572 31 17381720114
17381654575 7 17381654578
17381654575 2 17381720108
17381654575 4 17381720111
17381654575 2 17381720114
17381720100 38 17381720106
17381720100 36 17381785636
17381720100 76 17381785639
17381720100 20 17381785642
17381720103 1 17381720106
17381720103 29 17381720108
17381720103 148 17381785639
17381720103 162 17381785642
17381720103 13 17381785644
17381720103 1 25922502750
17381720106 36 17381720111
17381720106 3 17381785639
17381720106 164 17381785642
17381720106 165 17381785644
17381720106 19 17381785647
17381720106 1 25922502750
17381720108 33 17381720114
17381720108 2 17381785642
17381720108 131 17381785644
17381720108 148 17381785647
17381720108 16 17381785650
17381720111 1 17381720114
17381720111 3 17381785644
17381720111 18 17381785647
17381720111 1 17381785650
17381720111 1 17381851183
17381785636 5 17381785642
17381785636 25 17381851172
17381785636 44 17381851175
17381785636 5 17381851178
17381785636 1 17381851180
17381785639 2 17381785642
17381785639 6 17381785644
17381785639 171 17381851175
17381785639 139 17381851178
17381785639 1 17381851180
17381785642 5 17381785647
17381785642 3 17381851175
17381785642 171 17381851178
17381785642 129 17381851180
17381785644 2 17381785647
17381785644 7 17381785650
17381785644 2 17381851178
17381785644 152 17381851180
17381785644 116 17381851183
17381785644 1 17381851186
17381785644 1 21676818482
17381785647 1 17381851180
17381785647 44 17381851183
17381785647 3 17381851186
17381851172 2 17381851178
17381851178 1 13037862963
17398562858 1 17381851180
17398562858 1 17381851183
17398562858 1 17398562863
21659648047 1 17364746287
21659648047 1 17364746290
21659648047 1 21659648050
21676425260 3 21676425266
21676425260 3 21676490799
21676425260 3 21676490802
21676425263 3 21676425266
21676490796 1 17381589039
21676490796 1 17381589042
21676490796 9 21676490802
21676490796 8 21676556335
21676490796 8 21676556338
21676490799 6 21676490802
21676490802 1 21676556335
21676490802 1 21676556338
21676556332 4 17381654575
21676556332 4 17381654578
21676556332 1 21676556335
21676556332 10 21676556338
21676556332 7 21676621871
21676556332 7 21676621874
21676556335 1 17381589042
21676556335 2 21676556338
21676556335 1 21676621871
21676556335 1 21676621874
21676556340 1 21676556346
21676556340 1 21676621874
21676556340 1 21676621876
21676621868 3 17381720111
21676621868 3 17381720114
21676621868 6 21676621874
21676621868 3 21676687407
21676621868 3 21676687410
21676621871 4 17381720111
21676621871 2 17381720114
21676621871 3 21676621874
21676621871 1 21676621876
21676621871 2 21676687407
21676621871 2 21676687410
21676621874 1 21676621876
21676621874 1 21676687407
21676621874 1 21676687410
21676687404 1 21676687410
21676687404 1 21676752943
21676687404 1 21676752946
21676687407 1 17381785644
21676687407 2 17381785647
21676687407 1 17381785650
21676687407 2 21676752943
21676687407 3 21676752946
21676752943 3 17381851183
21676752943 1 17381851186
25971458106 1 21676556343
25971458106 1 21676556346
25971458106 1 25971458108
43034937025 1 43034937026
