51052652 1 43017962231
51314696 1 52822017
52822017 1 47297593510
67240561 1 47311946742
86441989 1 86441990
4363322418 1 4363388451
4363322474 1 4364435479
4363388451 1 4381212691
4364435479 1 69795841
4381212691 1 86441989
8624341009 1 51314696
8624341012 1 51314696
8641052701 1 8658223832
8658223832 1 4363322418
8658223873 1 4363322474
8658289660 1 8675132735
8658289771 1 4364435479
8675132735 1 8675198584
8675198583 1 8675198584
8675198584 1 25839272031
8691909560 1 8691909639
8691909561 1 8691909639
8692041390 1 8692041391
12919439396 1 12919439399
12937855034 1 12937986103
12937986103 1 12938117175
12954370101 1 12971147320
12954370108 1 12954501176
12954501176 1 12954828826
12954828826 1 8659992600
12969968190 1 12970033897
12970033897 1 8691909560
12970034011 1 12970099881
12970099881 1 8675198583
12970165789 1 12987008934
12970165790 1 12987008934
12986811059 1 12986876784
12986811060 1 12986876784
12986876784 1 12986876785
12986876867 1 12986942693
12986876867 1 12986942696
12986876868 1 12986942693
12986876945 1 12986942696
12986942696 1 12987008448
12986942902 1 8692041390
12987008448 1 12987008449
12987008934 1 12987075138
12987008935 1 12987075138
12987075138 1 12987075139
13020627296 1 13020627297
13037469752 1 13037600818
17197432871 1 17197432876
17197432874 1 8624341009
17197432876 1 8624341009
17197629487 1 17197695023
17197629490 1 17197695023
17197695023 1 17197760559
17214144559 11 17214210095
17214144559 1 17230987311
17214144562 4 17214210095
17214210090 1 17214210095
17214210092 2 17214210098
17214210092 1 17214275623
17214210095 1 17214275623
17214210095 18 17214275631
17214210095 1 17214341168
17214210095 1 17231052845
17214210095 1 17231052847
17214210098 5 17214275631
17214275623 1 17214341159
17214275626 1 17214341159
17214275631 1 17214341166
17214275631 17 17214341167
17214275631 3 17214341168
17214275631 2 17231118384
17214275634 5 17214341167
17214341159 1 12919439396
17214341166 1 17214406702
17214341167 2 17214406702
17214341167 16 17214406703
17214341167 9 17214406704
17214341168 1 17214406702
17214341168 4 17214406704
17214341169 2 17214406704
17214341170 5 17214406703
17214406702 3 17214472238
17214406703 16 17214472239
17214406703 5 17214472240
17214406703 1 17214537776
17214406704 6 17214472238
17214406704 11 17214472240
17214406704 1 17231249456
17214406705 7 17214472240
17214406705 1 17231249456
17214472238 5 17214537774
17214472238 1 17231314990
17214472239 12 17214537775
17214472239 6 17214537776
17214472240 5 17214537774
17214472240 23 17214537776
17214472240 1 17216307274
17214472240 1 17231314990
17214472241 13 17214537776
17214537773 1 17232822334
17214537774 3 17216307268
17214537774 1 17216307271
17214537774 1 17216438340
17214537776 8 17214537777
17214537776 1 17216176199
17214537776 8 17216307271
17214537776 7 17216307274
17214537776 7 17216438343
17214537776 2 17216438346
17214537777 4 17216307274
17214537777 1 17216438343
17214537777 2 17216438346
17216176199 1 17216307271
17216176202 1 17216307274
17216307268 2 17216438340
17216307271 4 17216438340
17216307271 8 17216438343
17216307274 3 17216438343
17216307274 16 17216438346
17216438340 3 17216438343
17216438343 4 17216438346
17230266734 1 17247109713
17230266766 1 17247109765
17230266766 1 17247109816
17230266798 1 17247109817
17230266798 1 17247109818
17230266798 1 21542077115
17230266798 1 21543125611
17230266799 1 21542077115
17230921772 1 17230987308
17230921775 2 17230987311
17230987308 1 17231052843
17230987311 1 17231052846
17230987311 1 17231052847
17230987311 2 17231052848
17230987312 1 17231052848
17230987313 1 17231052848
17231052843 1 17231118377
17231052845 1 17231118377
17231052845 1 17231118379
17231052846 1 17231118382
17231052847 2 17231118382
17231052847 1 17231118384
17231052848 1 17231118382
17231052848 2 17231118384
17231052849 1 17231118384
17231118377 1 17231183913
17231118379 1 17231183913
17231118379 1 17232691265
17231118382 3 17231183918
17231118384 3 17231183918
17231118384 5 17231183920
17231118385 3 17231183920
17231183913 1 12937855034
17231183918 2 17231249454
17231183918 1 17232691271
17231183918 1 17232822340
17231183920 1 17231249454
17231183920 2 17231249456
17231183920 3 17232822343
17231183920 2 17232822346
17231183921 1 17231249456
17231183921 1 17232822346
17231249454 2 17232953412
17231249456 1 17231314992
17231249456 1 17232953415
17231249456 1 21527789642
17231314990 1 17232953415
17231314992 1 17232953418
17232691265 1 17232822338
17232691271 1 17232822343
17232822338 1 17249730629
17232822340 1 17232953412
17232822341 1 17249730629
17232822343 1 17232953412
17232822343 2 17232953415
17232822343 1 17232953416
17232822346 1 17232953415
17232822346 6 17232953418
17232953412 1 17216307268
17232953412 1 17233084481
17232953412 2 17233084484
17232953415 2 17216307271
17232953415 1 17233084484
17232953415 3 17233084487
17232953416 1 17233084488
17232953418 1 17216307271
17232953418 3 17233084487
17232953418 1 17233084488
17232953418 4 17233084490
17233084481 1 17233215554
17233084484 1 17233215553
17233084484 1 17233215556
17233084487 1 17233215557
17233084487 3 17233215559
17233084487 2 17233215560
17233084488 1 17233215560
17233084488 1 17233215561
17233084490 1 17216438346
17233084490 2 17233215560
17233084490 2 17233215562
17233084490 2 17233215563
17233215557 1 17233215560
17233215559 1 17233215560
17247043885 1 17263886772
17247043950 1 17247109662
17247043950 1 17247109714
17247109662 1 17263952684
17247109663 1 17263952684
17247109713 1 17263952759
17247109714 1 17263952763
17247109765 1 17247175700
17247109767 1 17247175625
17247109816 1 12953191093
17247109817 1 17247175622
17247109818 1 17247175704
17247109819 1 17247175704
17247175622 1 12969968190
17247175625 1 17264935489
17247175626 1 17264935489
17247175627 1 17264935489
17247175700 1 17264935487
17247175704 1 21559902786
17248158393 1 17248224318
17248158512 1 12953257020
17248158513 1 17249337415
17248158514 1 17249337415
17248224264 1 12954370107
17248224318 1 12954370108
17249337415 1 17249468481
17249337418 1 17249468491
17249468491 1 17249599563
17249599557 1 12954959904
17249599563 2 17249730633
17249665060 1 17249665062
17249730629 1 17249861702
17249730633 2 17249927210
17249861702 1 17250058280
17249927210 2 17250058281
17249927212 1 17250058283
17250058281 1 17250058283
17263886772 1 17280729664
17263886773 1 17280729664
17263952684 1 17264935407
17263952684 1 17264935448
17263952685 1 17264935448
17263952687 1 17264935449
17263952763 1 17264935450
17263952765 1 17264935449
17264935407 1 12986811059
17264935448 1 17281778413
17264935449 1 17281778358
17264935450 1 17265001201
17264935487 1 12970034011
17264935489 1 17265001254
17264935489 1 17265001255
17265001201 1 21576811624
17265001254 1 17265067183
17265001255 1 17265067105
17265001257 1 17265067107
17265067105 1 12986942902
17265067107 1 12986943001
17265067183 1 12970165789
17265133296 1 17265199260
17265133297 1 17265199260
17265133399 1 17265199260
17265199260 1 8676245528
17265199260 1 17265199261
17265199385 1 12971212831
17265199386 1 12971212831
17280729664 1 34428027591
17280729665 1 34428027591
17281778358 1 12986876867
17281778361 1 17281844089
17281778413 1 12986876867
17281844089 1 17281844090
17281844092 1 17281909898
17281844093 1 17281909898
17281910004 1 17281975760
17281910005 1 17281975760
17298621152 1 17298686707
17298686707 1 17298752133
17298687017 1 17298752374
17298752133 1 13020627296
17315332513 1 17315397896
17315397896 1 17315397897
21492334650 1 25804144695
21492400178 1 21492400183
21492400178 2 21492465714
21492400180 1 21492400186
21492400180 3 21492465714
21492400180 1 21492465716
21492400183 1 21492465714
21492400183 1 21492465716
21492400183 2 21492465719
21492400186 1 21492465719
21492465711 2 21492465716
21492465711 2 21492531247
21492465714 1 21492465719
21492465714 3 21492531247
21492465714 4 21492531250
21492465716 2 21492465722
21492465716 1 21492531247
21492465716 5 21492531250
21492465716 1 21492531252
21492465719 1 21492531250
21492465719 3 21492531252
21492465719 2 21492531255
21492465719 1 21492531258
21492465722 2 21492531252
21492465722 2 21492531255
21492465722 1 21492531258
21492531247 1 17197629487
21492531247 1 21492531252
21492531247 2 21492596783
21492531250 1 17197629487
21492531250 2 21492596783
21492531250 5 21492596786
21492531250 1 21492596788
21492531252 5 21492596786
21492531252 5 21492596788
21492531252 1 21492596791
21492531255 4 21492596788
21492531255 2 21492596791
21492531255 1 25787564087
21492531258 1 21492596791
21492531258 1 25787564087
21492596783 2 21492662319
21492596783 1 21492662322
21492596786 2 21492662319
21492596786 8 21492662322
21492596788 5 21492662322
21492596788 8 21492662324
21492596788 1 21492662327
21492596791 5 21492662324
21492596791 3 21492662327
21492596794 1 21492662327
21492662319 2 21492727855
21492662322 2 21492727855
21492662322 9 21492727858
21492662324 5 21492727858
21492662324 6 21492727860
21492662324 3 21492727863
21492662327 1 21492727860
21492662327 8 21492727863
21492662330 1 21492727863
21492727855 2 21492727858
21492727858 4 21492727860
21492727860 1 21492727863
21492727863 1 21492727866
21508391079 2 21525889071
21508391080 3 21509111860
21508391080 1 21525889074
21508391080 4 21525889076
21508391080 1 21525954612
21508391095 10 17214144559
21508391095 2 17230921775
21508391095 12 21509111855
21508391095 1 21509111858
21508391095 4 21525889071
21508391095 1 21542011216
21508391096 7 17214144559
21508391096 1 17230266734
21508391096 1 17230266766
21508391096 2 17230921775
21508391096 1 17247043885
21508391096 2 17247043950
21508391096 5 21508391113
21508391096 16 21509111855
21508391096 47 21509111858
21508391096 40 21509111860
21508391096 6 21509111863
21508391096 1 21509177394
21508391096 1 21525234031
21508391096 2 21525234033
21508391096 1 21525234063
21508391096 1 21525234064
21508391096 1 21525234065
21508391096 2 21525234095
21508391096 1 21525234096
21508391096 17 21525889071
21508391096 18 21525889074
21508391096 12 21525889076
21508391096 4 21525889079
21508391096 1 21525954615
21508391096 1 21542011215
21508391096 2 21542011216
21508391096 2 21542011248
21508391096 1 25871647224
21508391097 1 21508391113
21508391097 18 21509111860
21508391097 25 21509111863
21508391097 1 21525234031
21508391097 1 21525234032
21508391097 1 21525234033
21508391097 1 21525234063
21508391097 1 21525234064
21508391097 1 21525234065
21508391097 8 21525889076
21508391097 24 21525889079
21508391097 2 21525954615
21508391097 1 21542011216
21508391097 1 21542011248
21508391097 2 25804079159
21508391097 1 25804079162
21508391097 1 25820201331
21508391097 4 25820856378
21508391097 1 25836978546
21508391111 4 21509111855
21508391111 1 21525234096
21508391112 1 17214144559
21508391112 1 17230266766
21508391112 1 17230921772
21508391112 12 21509111855
21508391112 14 21509111858
21508391112 17 21509111860
21508391112 1 21509111863
21508391112 1 21525234032
21508391112 1 21525234033
21508391112 2 21525234063
21508391112 1 21525234064
21508391112 2 21525234065
21508391112 2 21525234096
21508391112 1 21525234097
21508391112 1 21525889074
21508391112 1 21542011249
21508391112 1 25820201394
21508391112 1 25820856378
21508391112 1 47295692802
21508391113 10 21509111860
21508391113 15 21509111863
21508391113 1 21525234065
21508391113 1 25804079159
21508391113 1 25804079162
21508391113 1 25820201331
21508391113 1 25820201362
21508391113 1 25820201394
21508391113 1 25820856378
21508391113 1 30115168693
21508391127 1 21509111855
21508391128 3 17230266798
21508391128 3 21509111855
21508391128 2 21509111858
21508391128 2 21509111860
21508391128 1 21509111863
21508391128 1 21525234064
21508391128 1 21525234065
21508391128 1 21525234095
21508391128 1 25820201394
21508391129 1 17230266798
21508391129 1 21509111863
21508391129 1 21509111866
21508391129 1 21525234064
21508391129 1 21525234095
21508391129 1 21525234097
21508391129 4 25820201394
21509111852 1 17214144562
21509111852 28 21509111858
21509111852 1 21509177391
21509111855 1 17214210090
21509111855 2 17214210092
21509111855 7 17214210095
21509111855 99 21509111860
21509111855 6 21509177388
21509111855 163 21509177391
21509111855 18 21509177394
21509111855 1 25820921917
21509111855 1 34410856528
21509111858 1 8641052701
21509111858 1 12936020006
21509111858 1 17214210090
21509111858 2 17214210092
21509111858 8 17214210095
21509111858 94 21509111863
21509111858 6 21509177388
21509111858 226 21509177391
21509111858 265 21509177394
21509111858 23 21509177396
21509111858 1 21509242932
21509111858 1 21525954609
21509111858 5 21525954610
21509111858 1 21525954612
21509111858 1 25804144698
21509111858 1 25820921917
21509111858 1 30099112004
21509111858 1 34410856528
21509111860 1 12936020006
21509111860 1 17214210095
21509111860 3 21492400178
21509111860 106 21509111866
21509111860 65 21509177391
21509111860 294 21509177394
21509111860 236 21509177396
21509111860 16 21509177399
21509111860 2 21509242932
21509111860 3 21525954610
21509111860 2 21525954612
21509111860 1 21525954615
21509111860 1 25804144698
21509111860 1 30099112004
21509111863 1 8658223873
21509111863 1 17197432871
21509111863 3 21492400178
21509111863 2 21492400180
21509111863 1 21492400183
21509111863 5 21509111868
21509111863 65 21509177394
21509111863 256 21509177396
21509111863 211 21509177399
21509111863 3 21509177402
21509111863 1 21509242932
21509111863 1 21525954612
21509111863 2 21525954615
21509111863 1 21543125693
21509111863 2 25804144695
21509111863 1 25804144698
21509111866 1 8658223873
21509111866 2 21492400180
21509111866 1 21492400183
21509111866 67 21509177396
21509111866 174 21509177399
21509111866 3 21509177402
21509111866 1 21525954615
21509111866 1 25804144695
21509111866 1 25804144698
21509111868 4 21509177399
21509111868 1 25804144695
21509177388 6 21509177394
21509177391 5 17214275631
21509177391 2 21492465711
21509177391 49 21509177396
21509177391 154 21509242927
21509177391 23 21509242930
21509177391 1 21526020146
21509177394 5 17214275631
21509177394 4 21492465711
21509177394 3 21509177396
21509177394 37 21509177399
21509177394 183 21509242927
21509177394 294 21509242930
21509177394 33 21509242932
21509177394 2 21509308466
21509177394 4 21526020146
21509177394 1 21526020147
21509177394 1 21526020148
21509177396 2 21492465711
21509177396 1 21492465714
21509177396 35 21509177402
21509177396 29 21509242927
21509177396 234 21509242930
21509177396 273 21509242932
21509177396 36 21509242935
21509177396 2 21509308466
21509177396 1 21509308471
21509177396 1 21526020147
21509177396 4 21526020148
21509177396 1 21543125613
21509177399 1 21492465714
21509177399 2 21492465716
21509177399 1 21492465719
21509177399 2 21509177402
21509177399 20 21509242930
21509177399 205 21509242932
21509177399 248 21509242935
21509177399 6 21509242938
21509177399 2 21509308471
21509177399 1 21509374008
21509177399 5 21526020151
21509177399 1 21543125613
21509177399 3 25804210231
21509177399 1 25804210234
21509177402 2 21492465716
21509177402 1 21492465719
21509177402 16 21509242932
21509177402 159 21509242935
21509177402 5 21509242938
21509177402 3 25804210231
21509177402 1 25804210234
21509242927 10 17214341167
21509242927 1 21492531247
21509242927 1 21509242930
21509242927 13 21509242932
21509242927 130 21509308463
21509242927 4 21509308465
21509242927 26 21509308466
21509242927 1 21509374000
21509242930 6 17214341167
21509242930 1 21492531247
21509242930 1 21509242932
21509242930 7 21509242935
21509242930 121 21509308463
21509242930 6 21509308465
21509242930 295 21509308466
21509242930 10 21509308467
21509242930 24 21509308468
21509242930 2 21509308469
21509242930 5 21509374001
21509242930 4 21509374003
21509242930 1 21509374004
21509242930 1 21526085683
21509242932 2 21492531252
21509242932 4 21509242938
21509242932 1 21509308463
21509242932 186 21509308466
21509242932 263 21509308468
21509242932 16 21509308469
21509242932 6 21509308470
21509242932 30 21509308471
21509242932 2 21509374004
21509242932 3 21509374006
21509242932 1 21509374008
21509242932 2 21526085685
21509242932 2 21526085686
21509242935 2 21492531252
21509242935 154 21509308468
21509242935 4 21509308470
21509242935 245 21509308471
21509242935 9 21509308472
21509242935 6 21509308473
21509242935 5 21509308474
21509242935 1 21509374004
21509242935 1 21509374006
21509242935 1 21509374007
21509242935 6 21509374008
21509242935 2 21509374009
21509242935 2 21526085688
21509242935 1 21526085689
21509242935 2 25804275767
21509242935 2 25804275770
21509242935 1 25804341307
21509242938 1 21509308468
21509242938 122 21509308471
21509242938 4 21509308473
21509242938 5 21509308474
21509242938 2 21509374009
21509242938 2 21526085689
21509242938 2 25804275767
21509242938 1 25804275769
21509242938 3 25804275770
21509242938 1 25804341305
21509242938 1 25804341307
21509242938 1 25821052985
21509308463 6 17214406703
21509308463 3 17214406704
21509308463 1 17214472240
21509308463 1 21492596783
21509308463 3 21509308466
21509308463 80 21509373999
21509308463 2 21509374000
21509308463 11 21509374001
21509308463 25 21509374002
21509308463 1 21509439537
21509308465 6 21509374001
21509308465 1 21509374003
21509308465 1 21526216753
21509308466 1 8658289660
21509308466 3 17214406703
21509308466 1 21492596783
21509308466 2 21492596786
21509308466 76 21509373999
21509308466 31 21509374001
21509308466 231 21509374002
21509308466 32 21509374003
21509308466 22 21509374004
21509308466 4 21509374005
21509308466 2 21509439537
21509308466 1 21509439538
21509308466 6 21509439539
21509308466 1 21509439541
21509308467 2 21509374001
21509308467 11 21509374003
21509308468 2 21492596786
21509308468 4 21492596788
21509308468 113 21509374002
21509308468 5 21509374003
21509308468 186 21509374004
21509308468 30 21509374005
21509308468 26 21509374006
21509308468 26 21509374007
21509308468 2 21509374008
21509308468 1 21509439539
21509308468 1 21509439540
21509308468 5 21509439541
21509308468 4 21509439542
21509308468 1 21543125772
21509308469 8 21509374003
21509308469 10 21509374005
21509308469 3 21509374006
21509308469 3 21526151221
21509308470 6 21509374005
21509308470 8 21509374006
21509308470 2 21509374008
21509308470 1 21526151221
21509308471 4 21492596788
21509308471 1 21509308474
21509308471 87 21509374004
21509308471 12 21509374006
21509308471 193 21509374007
21509308471 35 21509374008
21509308471 10 21509374009
21509308471 7 21509374010
21509308471 1 21509374011
21509308471 2 21509439542
21509308471 1 21509439543
21509308471 9 21509439544
21509308471 8 21509439545
21509308471 1 25804341303
21509308472 3 21509374006
21509308472 8 21509374008
21509308472 1 21509374009
21509308472 2 21526151224
21509308473 5 21509374008
21509308473 8 21509374009
21509308473 2 21526151224
21509308473 1 25804341305
21509308474 80 21509374007
21509308474 6 21509374009
21509308474 7 21509374010
21509308474 4 21509439545
21509308474 1 25804341303
21509308474 2 25804341305
21509308474 1 25804341306
21509308474 1 25804341307
21509308475 4 21509374009
21509308475 1 25804341305
21509373999 3 17214472239
21509373999 4 17214472240
21509373999 2 21509374002
21509373999 46 21509439535
21509373999 5 21509439536
21509373999 8 21509439537
21509373999 12 21509439538
21509373999 1 21509505072
21509373999 1 21509505073
21509374000 2 17214472240
21509374000 1 21509439536
21509374001 3 17214472240
21509374001 1 21509374003
21509374001 3 21509439536
21509374001 34 21509439537
21509374001 6 21509439539
21509374001 1 21509505073
21509374001 1 21527658579
21509374002 1 17214472239
21509374002 1 21492662322
21509374002 44 21509439535
21509374002 26 21509439537
21509374002 137 21509439538
21509374002 49 21509439539
21509374002 21 21509439540
21509374002 6 21509439541
21509374002 2 21509505073
21509374002 4 21509505075
21509374002 2 21509505077
21509374003 23 21509439537
21509374003 48 21509439539
21509374003 5 21509439541
21509374003 1 21509505075
21509374003 1 21526216755
21509374003 1 21527658579
21509374004 1 21492662322
21509374004 1 21492662324
21509374004 60 21509439538
21509374004 10 21509439539
21509374004 126 21509439540
21509374004 36 21509439541
21509374004 27 21509439542
21509374004 12 21509439543
21509374004 2 21509439544
21509374004 2 21509505075
21509374004 4 21509505077
21509374004 6 21509505078
21509374004 1 25838093113
21509374005 30 21509439539
21509374005 34 21509439541
21509374005 9 21509439542
21509374005 1 21509505077
21509374005 1 21526216757
21509374006 13 21509439541
21509374006 47 21509439542
21509374006 4 21509439544
21509374006 1 21527658576
21509374007 1 21492662324
21509374007 2 21492662327
21509374007 45 21509439540
21509374007 16 21509439542
21509374007 110 21509439543
21509374007 43 21509439544
21509374007 22 21509439545
21509374007 12 21509439546
21509374007 2 21509505078
21509374007 7 21509505080
21509374007 4 21509505081
21509374007 1 25804406842
21509374008 23 21509439542
21509374008 44 21509439544
21509374008 7 21509439545
21509374008 1 21526216760
21509374009 15 21509439544
21509374009 20 21509439545
21509374009 1 21526216760
21509374009 2 25804406841
21509374009 2 25804406843
21509374010 39 21509439543
21509374010 10 21509439545
21509374010 14 21509439546
21509374010 2 21509505081
21509374010 3 25804406842
21509374010 1 25804472377
21509374011 8 21509439545
21509374011 1 25804406841
21509374011 2 25804406843
21509439535 4 17214537775
21509439535 1 17214537776
21509439535 1 21492727855
21509439535 3 21509439538
21509439535 24 21509505071
21509439535 2 21509505072
21509439535 5 21509505073
21509439535 4 21509505074
21509439536 3 17214537776
21509439536 2 21509505072
21509439536 3 21509505073
21509439537 6 17214537776
21509439537 1 21509439539
21509439537 2 21509505072
21509439537 57 21509505073
21509439537 7 21509505075
21509439537 1 21526282289
21509439537 1 21526282291
21509439538 1 21509439540
21509439538 22 21509505071
21509439538 17 21509505073
21509439538 81 21509505074
21509439538 25 21509505075
21509439538 9 21509505076
21509439538 9 21509505077
21509439539 32 21509505073
21509439539 85 21509505075
21509439539 25 21509505077
21509439539 1 21526282291
21509439540 1 17214537773
21509439540 1 17248158512
21509439540 1 17249599557
21509439540 2 21509439543
21509439540 20 21509505074
21509439540 6 21509505075
21509439540 66 21509505076
21509439540 40 21509505077
21509439540 26 21509505078
21509439540 4 21509505079
21509439541 1 21509439542
21509439541 34 21509505075
21509439541 89 21509505077
21509439541 9 21509505078
21509439541 1 21511405651
21509439541 1 21526282293
21509439542 23 21509505077
21509439542 83 21509505078
21509439542 12 21509505080
21509439542 1 21526282293
21509439542 1 21527789654
21509439543 18 21509505076
21509439543 19 21509505078
21509439543 49 21509505079
21509439543 28 21509505080
21509439543 10 21509505081
21509439543 5 21509505082
21509439544 32 21509505078
21509439544 85 21509505080
21509439544 17 21509505081
21509439544 1 21511405654
21509439544 1 21526282296
21509439545 1 21509505078
21509439545 26 21509505080
21509439545 65 21509505081
21509439545 1 21511405654
21509439545 3 25804472379
21509439546 13 21509505079
21509439546 11 21509505081
21509439546 7 21509505082
21509439546 3 25804472377
21509439546 1 25804472378
21509439546 1 25804472379
21509439547 1 21509505078
21509439547 7 21509505081
21509439547 3 25804472379
21509505071 16 21509505074
21509505072 5 21509505073
21509505073 1 17216176202
21509505073 8 17216307274
21509505073 6 17216438346
21509505073 18 21509505075
21509505073 3 21511274570
21509505073 14 21511274573
21509505073 5 21511405642
21509505073 13 21511405645
21509505074 9 21509505076
21509505075 1 17216438346
21509505075 22 21509505077
21509505075 2 21511143501
21509505075 1 21511143504
21509505075 1 21511274570
21509505075 22 21511274573
21509505075 22 21511274576
21509505075 1 21511274579
21509505075 1 21511405642
21509505075 17 21511405645
21509505075 22 21511405648
21509505075 2 21527920717
21509505076 11 21509505079
21509505077 30 21509505078
21509505077 1 21511143504
21509505077 2 21511143507
21509505077 1 21511274573
21509505077 30 21511274576
21509505077 14 21511274579
21509505077 1 21511274582
21509505077 3 21511405645
21509505077 28 21511405648
21509505077 18 21511405651
21509505077 2 21527920720
21509505077 3 21527920723
21509505078 1 17216438340
21509505078 36 21509505080
21509505078 3 21511143507
21509505078 2 21511143510
21509505078 9 21511274576
21509505078 19 21511274579
21509505078 11 21511274582
21509505078 3 21511405648
21509505078 28 21511405651
21509505078 7 21511405654
21509505079 6 21509505082
21509505080 1 17216438340
21509505080 23 21509505081
21509505080 1 21511143507
21509505080 4 21511143510
21509505080 6 21511274579
21509505080 30 21511274582
21509505080 8 21511274586
21509505080 9 21511405651
21509505080 27 21511405654
21509505080 4 21511405658
21509505081 12 21509505083
21509505081 1 21511143510
21509505081 1 21511143514
21509505081 5 21511274582
21509505081 14 21511274586
21509505081 16 21511405654
21509505081 12 21511405658
21509505081 9 25806241882
21509505081 6 25806241885
21509505081 10 25806372954
21509505081 1 25806372957
21509505081 1 25822888026
21509505083 1 25806241882
21509505083 2 25806241885
21509505083 3 25806372954
21509505083 1 25806372957
21511143501 2 21511274573
21511143504 2 21511274576
21511143507 4 21511274579
21511143507 1 21528051795
21511143510 3 21511274582
21511143510 2 21511274586
21511143510 1 21528051798
21511143514 3 21511274586
21511274570 1 17216438346
21511274570 2 21511405642
21511274573 1 17216438346
21511274573 3 21511405642
21511274573 30 21511405645
21511274573 2 21511405648
21511274576 5 21511405645
21511274576 51 21511405648
21511274576 1 21511405651
21511274576 1 21528182861
21511274576 1 21528182864
21511274579 5 21511405648
21511274579 34 21511405651
21511274579 2 21511405654
21511274579 1 21528182861
21511274579 1 21528182867
21511274582 1 21511405651
21511274582 41 21511405654
21511274582 1 21511405658
21511274582 1 21528182870
21511274586 5 21511405654
21511274586 19 21511405658
21511274586 1 21528182874
21511405642 4 21511405645
21511405645 10 21511405648
21511405648 10 21511405651
21511405651 6 21511405654
21511405654 11 21511405658
21525168313 1 21542011215
21525234031 1 21542076960
21525234032 1 21542077013
21525234032 1 21542077014
21525234033 1 67240561
21525234033 1 21542077068
21525234033 1 25837044261
21525234063 1 17247109767
21525234063 1 21542077064
21525234063 1 21542077116
21525234063 1 21542077117
21525234064 1 21542076962
21525234064 1 21542077066
21525234064 1 21542077067
21525234064 1 21542077116
21525234064 1 21542077117
21525234065 1 21542076962
21525234065 1 21542077016
21525234065 2 21542077067
21525234065 1 21542077068
21525234065 1 21542077119
21525234095 1 21525889072
21525234095 1 21525889073
21525234095 1 21542077064
21525234095 1 21542077117
21525234096 1 21525889076
21525234096 1 21542077064
21525234096 1 21542077117
21525234096 1 21542077118
21525234096 1 21543125690
21525234097 1 21525299903
21525234097 1 21525889081
21525299903 1 21543125612
21525889071 1 17230987311
21525889071 8 21525954607
21525889071 1 21525954609
21525889071 7 21525954610
21525889072 1 17230987312
21525889073 1 17230987312
21525889073 1 21525954609
21525889074 7 21525954607
21525889074 1 21525954609
21525889074 21 21525954610
21525889074 2 21525954611
21525889074 4 21525954612
21525889075 1 21525954609
21525889076 5 21525954610
21525889076 19 21525954612
21525889076 1 21525954613
21525889076 1 21525954614
21525889076 2 21525954615
21525889079 5 21525954612
21525889079 17 21525954615
21525889079 3 21525954617
21525889079 2 21525954618
21525889079 1 21526020151
21525889079 1 21526020153
21525889081 1 21525954617
21525889082 5 21525954615
21525889082 2 21525954617
21525889082 2 21525954618
21525954607 1 17231052847
21525954607 2 21526020143
21525954607 2 21526020144
21525954607 2 21526020145
21525954607 1 21526020146
21525954609 1 17248158513
21525954609 2 21526020145
21525954610 1 21526020143
21525954610 8 21526020145
21525954610 12 21526020146
21525954610 6 21526020147
21525954610 1 21526020148
21525954610 1 21526020149
21525954610 1 21526085681
21525954611 2 21526020145
21525954611 2 21526020147
21525954612 2 21526020146
21525954612 1 21526020147
21525954612 10 21526020148
21525954612 8 21526020149
21525954612 4 21526020150
21525954612 2 21526085686
21525954612 1 21526085688
21525954613 2 21526020147
21525954613 1 21526020149
21525954614 1 21526020150
21525954615 2 21526020148
21525954615 2 21526020150
21525954615 8 21526020151
21525954615 7 21526020152
21525954615 2 21526020153
21525954615 1 21526020154
21525954615 1 21526085686
21525954615 2 21526085688
21525954615 1 21526085689
21525954616 1 21526020150
21525954617 1 21526020153
21525954617 1 21543125773
21525954617 2 25820987451
21525954618 1 21526020151
21525954618 1 21526020153
21525954618 1 21526020154
21525954618 1 25820987450
21525954619 2 25820987451
21526020143 1 21526020146
21526020143 1 21526085681
21526020144 1 17231118384
21526020144 1 21526085680
21526020145 1 17231118384
21526020145 1 17249337418
21526020145 2 21526085680
21526020145 7 21526085681
21526020145 1 21526085683
21526020146 8 21526085681
21526020146 7 21526085683
21526020146 1 21526085685
21526020147 6 21526085681
21526020147 8 21526085683
21526020147 1 21526085685
21526020148 8 21526085685
21526020148 5 21526085686
21526020148 1 21526085688
21526020148 1 21526151219
21526020149 5 21526085683
21526020149 9 21526085685
21526020149 1 21527658579
21526020150 5 21526085685
21526020150 6 21526085686
21526020150 1 21526085688
21526020151 1 21526085686
21526020151 12 21526085688
21526020151 2 21526085689
21526020152 3 21526085686
21526020152 7 21526085688
21526020153 4 21526085688
21526020153 3 21526085689
21526020153 2 25821052985
21526020154 1 21526085689
21526020155 2 25821052985
21526085680 2 17231183920
21526085681 1 17231183920
21526085681 16 21526151217
21526085681 1 21526151219
21526085681 1 21527658576
21526085683 10 21526151217
21526085683 14 21526151219
21526085683 1 21526151221
21526085683 1 21527527501
21526085683 1 21527658573
21526085683 1 21527658576
21526085685 4 21526151219
21526085685 13 21526151221
21526085685 5 21526151222
21526085685 1 21527658576
21526085686 7 21526151221
21526085686 18 21526151222
21526085686 2 21526151224
21526085688 1 21526085689
21526085688 3 21526151222
21526085688 21 21526151224
21526085688 2 21526151225
21526085688 1 21527658586
21526085689 10 21526151224
21526085689 8 21526151225
21526085689 2 25821118523
21526085689 1 25822625885
21526085691 2 21526151225
21526085691 2 25821118523
21526151217 2 17232822346
21526151217 9 21526216753
21526151217 4 21526216755
21526151217 1 21527789645
21526151219 2 21526216753
21526151219 16 21526216755
21526151219 3 21527789645
21526151219 1 21527789648
21526151221 2 21526216755
21526151221 10 21526216757
21526151221 3 21526216758
21526151221 2 21527789648
21526151221 2 21527789651
21526151222 6 21526216757
21526151222 17 21526216758
21526151222 2 21527789648
21526151222 2 21527789651
21526151222 1 21527789654
21526151224 1 21526216758
21526151224 17 21526216760
21526151224 2 21526216761
21526151224 1 21527658579
21526151224 1 21527658582
21526151224 1 21527658586
21526151224 1 21527789654
21526151225 5 21526216760
21526151225 8 21526216761
21526151225 1 21527658582
21526151225 1 21527789654
21526151225 1 21527789658
21526151227 1 21526216761
21526216753 2 17232822346
21526216753 2 17232953415
21526216753 1 17232953418
21526216753 1 21526282289
21526216753 4 21527920717
21526216755 1 17232953418
21526216755 2 21526282291
21526216755 2 21527789645
21526216755 1 21527789648
21526216755 2 21527920714
21526216755 7 21527920717
21526216755 4 21527920720
21526216757 1 21511143504
21526216757 1 21526216758
21526216757 2 21526282293
21526216757 8 21527920720
21526216757 2 21527920723
21526216758 1 21511143504
21526216758 4 21526282294
21526216758 1 21527789648
21526216758 3 21527920720
21526216758 5 21527920723
21526216758 5 21527920726
21526216760 2 21526282296
21526216760 1 21527789654
21526216760 8 21527920723
21526216760 7 21527920726
21526216760 1 21527920730
21526216761 2 21526282296
21526216761 1 21527789658
21526216761 4 21527920726
21526216761 3 21527920730
21526216761 1 25822756954
21526216761 1 25822888026
21526216761 1 25822888029
21526216763 1 25822888026
21526282289 2 21527920717
21526282291 2 21527920720
21526282291 1 21527920723
21526282293 3 21527920720
21526282294 1 21527920720
21526282294 2 21527920723
21526282294 1 21527920726
21526282296 3 21527920726
21527527501 1 21544435787
21527658573 1 17232822346
21527658576 1 21527789648
21527658576 1 21527789651
21527658576 1 21544566862
21527658579 1 21527789648
21527658579 1 21527789651
21527658579 1 21527789654
21527658579 1 21544566875
21527658582 2 21527789654
21527658586 1 21527789654
21527658586 1 25822756954
21527658586 1 25822756957
21527789642 1 21527920717
21527789645 6 21527920717
21527789645 1 21527920720
21527789648 2 21527920717
21527789648 7 21527920720
21527789648 1 21527920723
21527789651 2 21527920720
21527789651 4 21527920723
21527789651 1 21527920726
21527789654 1 21527920723
21527789654 2 21527920726
21527789654 3 21527920727
21527789654 1 21527920730
21527789658 2 21527920730
21527920714 2 17233084490
21527920717 2 17233084490
21527920717 1 21511274573
21527920717 1 21528051787
21527920717 12 21528051789
21527920717 1 21528051790
21527920717 4 21528051792
21527920720 3 21528051789
21527920720 24 21528051792
21527920720 1 21528051793
21527920720 1 21528051795
21527920720 1 21528182864
21527920720 1 21528182865
21527920723 5 21528051792
21527920723 21 21528051795
21527920723 1 21528051796
21527920723 2 21528051798
21527920723 1 21528182864
21527920726 1 21511274582
21527920726 4 21528051795
21527920726 16 21528051798
21527920726 1 21528051799
21527920726 2 21528051802
21527920727 1 21528051797
21527920727 2 21528051799
21527920730 1 21528051798
21527920730 4 21528051802
21527920730 2 21528051803
21527920730 3 25823019098
21528051787 1 21528182859
21528051789 1 21528182858
21528051789 9 21528182861
21528051789 2 21528182862
21528051790 1 21528182859
21528051790 1 21528182862
21528051792 1 21511405648
21528051792 1 21528182861
21528051792 20 21528182864
21528051792 4 21528182865
21528051793 1 21528182862
21528051795 1 21528182864
21528051795 17 21528182867
21528051795 7 21528182868
21528051796 1 21528182868
21528051798 1 21528182867
21528051798 1 21528182868
21528051798 13 21528182870
21528051798 3 21528182871
21528051799 1 21528182871
21528051799 2 21528182872
21528051802 4 21528182874
21528051802 1 21528182875
21528051803 3 21528182875
21528182858 1 21528182861
21528182861 1 21528182864
21528182864 1 21528182865
21528182865 1 21528182868
21528182867 1 21528182870
21528182868 1 21528182869
21528182868 1 21528182871
21528182872 1 21528182873
21528182874 1 21528182875
21542011215 1 17247109663
21542011216 1 21542076962
21542011216 1 21558854178
21542011247 1 17247109663
21542011248 1 21542077012
21542011248 1 21542077014
21542011249 1 21558854127
21542076960 1 21558919984
21542076962 1 21558919830
21542076962 1 21558919987
21542076963 1 21558919987
21542077012 1 17263952687
21542077012 1 21558919984
21542077013 1 21542142926
21542077014 1 21542142926
21542077014 1 21558920064
21542077014 1 21558920066
21542077015 1 21558920066
21542077016 1 25853887365
21542077064 1 17247175626
21542077064 1 21542142924
21542077065 1 21542142924
21542077066 1 21542142926
21542077067 1 21542142850
21542077067 1 21542142927
21542077068 1 21558920068
21542077068 1 25837110305
21542077115 1 21542077116
21542077116 1 17248158393
21542077117 1 21543125612
21542077117 1 21543125691
21542077118 1 21542143006
21542077119 1 21542143006
21542142850 1 21559902748
21542142924 1 21559902747
21542142925 1 21559902747
21542142926 1 21559902787
21542142926 1 21559902788
21542142927 1 21559902788
21542143006 1 21542143007
21542143006 1 21543125652
21543125611 1 21559968612
21543125612 1 21559968667
21543125612 1 21559968669
21543125613 1 21559968556
21543125613 1 21559968669
21543125652 1 21543191507
21543125690 1 17248224264
21543125691 1 21543191618
21543125693 1 21543191509
21543125694 1 21543191509
21543125772 1 21543191619
21543125773 1 21544304726
21543191507 1 17265067500
21543191509 1 21560034722
21543191509 1 21560034798
21543191618 1 21544304718
21543191619 1 21544304718
21543191619 1 21560034719
21544304718 1 21544435788
21544304722 1 17249665060
21544304726 1 21544435796
21544435787 1 21544435790
21544435788 1 21544632364
21544435789 1 17249599563
21544435790 1 17249599563
21544435791 1 21544632364
21544435796 1 21544566869
21544566862 1 21544697932
21544566869 1 21544894510
21544632364 1 17249796139
21544697932 1 17249927212
21544894510 1 21545025581
21558854127 1 21575696970
21558854178 1 21558919907
21558919830 1 13037600818
21558919907 1 21576679883
21558919908 1 13037600818
21558919908 1 21576679883
21558919984 1 21576679923
21558919985 1 21576679923
21558919987 1 21559902708
21558920064 1 21559902707
21558920066 1 21559902749
21558920068 1 21559902749
21559902707 1 17281778361
21559902708 1 21576745604
21559902708 1 21576745658
21559902747 1 21559968499
21559902748 1 21559968500
21559902749 1 21559968500
21559902749 1 21576745661
21559902749 1 25871778851
21559902750 1 25871778851
21559902786 1 21559968554
21559902787 1 17265001257
21559902787 1 21559968499
21559902788 1 21559968557
21559902789 1 21559968500
21559968499 1 21576811549
21559968500 1 17281844249
21559968500 1 21576811547
21559968554 1 21560034411
21559968556 1 21576811545
21559968557 1 21560034491
21559968612 1 25855001867
21559968613 1 21560034491
21559968667 1 21560034563
21559968669 1 21560034644
21559968669 1 25855001867
21559968670 1 21560034644
21559968670 1 25855001867
21560034409 1 21576877510
21560034411 1 21576877515
21560034563 1 17265133296
21560034644 1 12954370101
21560034719 1 21560034798
21560034720 1 17265133399
21560034722 1 21560100698
21560034798 1 17249337411
21560034798 1 17265133399
21560034799 1 17249337411
21560100698 1 17265199385
21560100699 1 17265199385
21560100705 1 21560166692
21575696970 1 21593457020
21576679883 1 21593522761
21576679923 1 21576745604
21576745546 1 17298621152
21576745604 1 25871778692
21576745658 1 17281844092
21576745659 1 17281844092
21576745661 1 21576811392
21576811392 1 17298687017
21576811547 1 17281910004
21576811549 1 21576877310
21576811550 1 21576877310
21576811624 1 21576877510
21576877310 1 30183720375
21576877510 1 21576943431
21576877515 1 25871910616
21576943431 1 25871976922
21576943550 1 21577009763
21576943551 1 21577009763
21593457019 1 13037469752
21593457019 1 17315332513
21593457020 1 21610299754
21593522761 1 17298621152
21610299754 1 17315397820
25787564087 1 25787629626
25787564090 1 25787629626
25787629626 1 25787695162
25804079159 3 25804144698
25804079162 4 25804144698
25804144695 1 25804144700
25804144695 2 25804210234
25804144698 1 25804210231
25804144698 8 25804210234
25804144698 1 25804210239
25804144700 1 25804210231
25804144700 1 25804210239
25804210231 2 25804275767
25804210231 2 25804275770
25804210234 2 25804275767
25804210234 6 25804275770
25804210234 3 25804275771
25804210234 2 25804341307
25804210236 1 25804275770
25804210239 1 30099243076
25804210242 1 30099243076
25804275767 1 25804341303
25804275767 3 25804341306
25804275769 1 25804341305
25804275770 1 25804341303
25804275770 8 25804341306
25804275770 1 25804341307
25804275770 1 25804341308
25804275770 1 25804341309
25804275770 1 25804406843
25804275771 1 25804341305
25804275771 3 25804341307
25804275772 1 25804341308
25804275772 1 25804341309
25804341303 2 25804406842
25804341305 3 25804406843
25804341305 2 25821184059
25804341306 7 25804406842
25804341306 2 25804406843
25804341306 1 25804406844
25804341306 1 25804472379
25804341307 8 25804406843
25804341307 3 25804406845
25804341307 2 25821184059
25804341308 1 25804406844
25804341308 1 25804406845
25804341309 2 25804406845
25804406841 2 25804472379
25804406842 2 25804472377
25804406842 6 25804472378
25804406842 2 25804472379
25804406843 12 25804472379
25804406843 1 25804472381
25804406843 1 25821249597
25804406844 1 25804472382
25804406845 3 25804472381
25804406845 2 25804472382
25804406845 1 25821249597
25804406846 2 25804472382
25804472377 6 25804472379
25804472379 1 25806110810
25804472379 7 25806241885
25804472379 2 25806241889
25804472379 2 25806372957
25804472379 1 25806372961
25804472379 2 25822888029
25804472381 1 25806110813
25804472381 1 25806241889
25804472381 1 25806372957
25804472381 1 25806372961
25804472382 1 25806241889
25804472382 1 25806372964
25806110810 1 25806241885
25806110813 2 25806241885
25806241882 6 25806372954
25806241882 2 25806372957
25806241885 13 25806372957
25806241885 2 25806372961
25806241885 1 25823150173
25806241889 5 25806372961
25806241892 1 25806372961
25806372954 1 25806372957
25806372961 1 25806372964
25820201331 1 25837044315
25820201331 1 25837044367
25820201362 1 25837044366
25820201394 1 25837044417
25820201394 2 25837044418
25820201394 1 25837044419
25820201394 1 25838092950
25820201395 1 25837044419
25820201395 1 25838092950
25820856378 5 25820921914
25820921914 1 25820987450
25820921914 4 25820987451
25820921917 1 25838093030
25820921918 1 25838093030
25820987450 2 25821052987
25820987451 6 25821052987
25820987453 1 25821052987
25821052985 3 25821118523
25821052987 8 25821118523
25821052987 1 25822625885
25821052987 2 25822625889
25821052989 1 25821118523
25821118523 5 25821184059
25821118523 1 25821184061
25821118523 1 25822756954
25821118523 2 25822756957
25821118523 1 25822756961
25821118525 1 25822756954
25821184059 1 21527920726
25821184059 1 25822756954
25821184059 1 25822888026
25821184059 3 25822888029
25821184061 1 25822888033
25821249597 1 25822888029
25822625885 2 25822756957
25822625889 2 25822756961
25822756954 1 25822888026
25822756954 3 25822888029
25822756957 1 25822888026
25822756957 3 25822888029
25822756957 1 25822888030
25822756957 1 25822888032
25822756961 1 25822888033
25822756961 2 25822888036
25822888026 1 21528051802
25822888026 2 25823019098
25822888026 1 25823019101
25822888029 1 25823019098
25822888029 9 25823019101
25822888029 1 25823019102
25822888029 1 25823019104
25822888029 1 25823019105
25822888030 1 25823019100
25822888032 1 25823150175
25822888033 1 25823019104
25822888033 2 25823019105
25822888036 2 25823019107
25823019098 2 25823150170
25823019098 1 25823150171
25823019098 1 25823150173
25823019100 1 25823150172
25823019101 1 25823150170
25823019101 7 25823150173
25823019101 3 25823150174
25823019102 1 25823150172
25823019102 1 25823150174
25823019104 1 25823150176
25823019105 2 25823150177
25823019105 1 25823150179
25823019107 1 25823150179
25823019107 1 25823150182
25823150170 1 25823150173
25823150173 1 25823150174
25823150174 1 25823150176
25836978546 1 25837044262
25837044261 1 25853887212
25837044262 1 25853887289
25837044315 1 25853887371
25837044316 1 25853887371
25837044366 1 25837110307
25837044367 1 25837110230
25837044417 1 25837110226
25837044418 1 25837110307
25837044418 1 25837110308
25837044418 1 25838092950
25837110226 1 21559902789
25837110230 1 25854870087
25837110305 1 25838092911
25837110307 1 25838092911
25837110308 1 25854870129
25837110309 1 25854870129
25838092911 1 25854935967
25838092911 1 25854935969
25838092950 1 21543191509
25838092950 1 21559968669
25838093030 1 25838158918
25838093031 1 25838158918
25838093113 1 25838158922
25838158918 1 21544304722
25838158919 1 21544304722
25853887212 1 43119149215
25853887289 1 25854870008
25853887365 1 25853887366
25853887371 1 30149837346
25854870008 1 25871712962
25854870087 1 25854935856
25854870088 1 25854935856
25854870129 1 30149903212
25854935856 1 25855001790
25854935967 1 25855001944
25854935968 1 25855001944
25854935969 1 25855001950
25855001790 1 25855067697
25855001867 1 25855067905
25855001944 1 21560100705
25855001945 1 21560100705
25855001950 1 30150035411
25855002105 1 25855002106
25855067697 1 21576943550
25871647224 1 25871712905
25871647225 1 25871712905
25871712905 1 21576811395
25871712961 1 21576811395
25871712962 1 25871778776
25871778692 1 25888621523
25871778776 1 30166811811
25871778777 1 30166811811
25871778851 1 25871844614
25871844614 1 30166877677
25888424361 1 30183457253
25888424361 1 38807273623
30099112004 1 30115954764
30099243076 1 30116085830
30115168693 1 30133060251
30115954764 1 34428027709
30116085830 1 30117724272
30116085832 1 30117724272
30117724272 1 30117855341
30117855341 1 30117986412
30117986412 1 30118117486
30133060251 1 30133126108
30133126108 1 25855002105
30134370422 1 30134566977
30134566977 1 30134698047
30149837346 1 30149903103
30149903103 1 34461713378
30149903212 1 30149969095
30150035411 1 30151082050
30150101429 1 30151082050
30151082050 1 30151082052
30151082051 1 30151082052
30166811811 1 30166877560
30166811812 1 30166877560
30166877560 1 30183720538
34410856528 1 34428027590
34428027590 1 34428093466
34428027591 1 34428093522
34428027709 1 34429206648
34428093466 1 34444936707
34428093522 1 34429206648
34429206648 1 30134370422
34429206648 1 30134370425
34444936707 1 34445002716
34444936708 1 34445002716
34445002716 1 34445002818
34445002817 1 30150101429
34445002818 1 30150101429
38724305040 1 34429665355
38724305042 1 34429665355
38756878698 1 38756878699
38807273623 1 43119149215
43017962231 1 43018028125
43018028125 1 43019141271
43019141271 1 38724305040
43019534496 1 43019862103
43034805063 1 43034870926
43034870926 1 43051714034
43051714034 1 43051779836
43051714035 1 43051779836
43051779836 1 38756878698
47295692802 1 43017962231
47297593510 1 43019534496
47311946742 1 47329706584
47329706584 1 43034805063
