68421150 1 68421151
4312596494 1 4312596500
4312596497 1 4346216463
4312596500 1 4346216463
4346216463 1 4347658264
4347658264 1 4364566554
4364566554 1 8659664927
8659664927 1 8659992600
8659664929 1 8659992600
12953191174 1 12953257074
12953191175 1 12953257074
12953257074 1 12954370095
12953257075 1 12954370095
17197432876 1 17197432882
17197432879 1 17197498412
17197432882 1 17197498412
17197498412 2 17197498418
17197498415 1 17197563948
17197498415 1 17197563951
17197498418 1 17197563948
17197498418 1 17197563951
17197563948 2 17197563954
17197563951 1 17197629484
17197563951 2 17197629487
17197563954 1 17197629484
17197563954 2 17197629487
17197629484 1 17197629490
17197629484 1 17197695018
17197629487 1 17197695018
17197629487 4 17197695023
17197629490 2 17197695023
17197695018 1 17197760554
17197695020 1 17197760554
17197695023 8 17197760559
17197695026 3 17197760559
17214406700 1 17214472235
17214406703 1 17214472237
17214472235 1 17232822337
17214472237 2 17232822337
17214472239 1 17214537775
17231052841 1 12953191174
17232822337 2 17232953406
17232953406 2 17233084479
17232953409 1 17233084479
17233084479 1 17233215548
17248158512 1 34428093521
21492334636 21 21492334642
21492334636 2 21492400172
21492334639 1 17197432876
21492334639 24 21492334644
21492334639 13 21492400172
21492334639 11 21492400175
21492334639 3 21509177391
21492334642 1 17197432876
21492334642 69 21492334647
21492334642 13 21492400172
21492334642 37 21492400175
21492334642 3 21492400178
21492334642 1 21492400180
21492334642 3 21509177391
21492334644 32 21492334650
21492334644 24 21492400175
21492334644 71 21492400178
21492334644 10 21492400180
21492334644 1 21509177394
21492334644 1 21509177396
21492334647 1 21492334650
21492334647 1 21492334652
21492334647 72 21492400178
21492334647 42 21492400180
21492334647 6 21492400183
21492334647 1 21509177394
21492334647 2 21509177396
21492334647 1 21509177399
21492334647 1 34410856529
21492334650 32 21492400180
21492334650 6 21492400183
21492334650 1 21509177396
21492334650 1 21509177399
21492334652 1 21492400183
21492400172 39 21492400178
21492400172 1 21492465708
21492400175 1 17197498412
21492400175 77 21492400180
21492400175 19 21492465708
21492400175 37 21492465711
21492400175 2 21509242927
21492400175 1 25820987459
21492400178 1 4312596494
21492400178 1 17197498412
21492400178 1 17231052841
21492400178 131 21492400183
21492400178 20 21492465708
21492400178 110 21492465711
21492400178 29 21492465714
21492400178 1 21492465716
21492400178 1 21509242927
21492400178 1 21509242930
21492400178 1 30133060333
21492400180 98 21492400186
21492400180 76 21492465711
21492400180 142 21492465714
21492400180 27 21492465716
21492400180 3 21509242930
21492400180 3 21509242932
21492400183 4 21492400188
21492400183 114 21492465714
21492400183 111 21492465716
21492400183 25 21492465719
21492400183 2 21509242930
21492400183 6 21509242932
21492400183 1 21509242935
21492400183 2 25787433015
21492400186 84 21492465716
21492400186 25 21492465719
21492400186 1 21492465722
21492400186 3 21509242932
21492400186 1 21509242935
21492400186 5 25787433015
21492400188 1 21492465722
21492400188 3 25787433015
21492465708 41 21492465714
21492465708 2 21492531247
21492465711 1 17197563948
21492465711 106 21492465716
21492465711 8 21492531244
21492465711 77 21492531247
21492465711 2 21492531250
21492465711 1 25804275773
21492465714 1 17197563948
21492465714 1 21492465716
21492465714 138 21492465719
21492465714 8 21492531244
21492465714 157 21492531247
21492465714 88 21492531250
21492465714 3 21492531252
21492465714 1 21509308466
21492465714 1 25804275773
21492465714 1 42984144994
21492465716 142 21492465722
21492465716 79 21492531247
21492465716 175 21492531250
21492465716 82 21492531252
21492465716 2 21492531255
21492465716 1 21492596788
21492465716 1 21509308466
21492465716 5 21509308468
21492465719 1 21492465722
21492465719 4 21492465724
21492465719 1 21492531247
21492465719 94 21492531250
21492465719 185 21492531252
21492465719 66 21492531255
21492465719 2 21492531258
21492465719 1 21492596788
21492465719 1 21509308463
21492465719 5 21509308468
21492465719 1 21509308471
21492465719 1 25787498551
21492465722 104 21492531252
21492465722 72 21492531255
21492465722 2 21492531258
21492465722 1 21509308463
21492465722 1 21509308471
21492465722 2 25787498551
21492465724 6 21492531255
21492531244 11 21492531250
21492531244 1 21492596780
21492531244 1 21492596783
21492531247 1 17197629484
21492531247 1 17197629487
21492531247 73 21492531252
21492531247 1 21492596780
21492531247 97 21492596783
21492531247 9 21492596786
21492531247 1 21509373999
21492531250 1 17197629484
21492531250 1 17197629487
21492531250 1 17214406703
21492531250 1 17248158512
21492531250 1 21492531252
21492531250 86 21492531255
21492531250 2 21492596780
21492531250 151 21492596783
21492531250 136 21492596786
21492531250 4 21492596788
21492531250 1 21509373999
21492531250 3 21509374002
21492531250 1 47312929449
21492531252 1 21492531255
21492531252 97 21492531258
21492531252 57 21492596783
21492531252 189 21492596786
21492531252 127 21492596788
21492531252 3 21492596791
21492531252 3 21509374002
21492531255 1 17214406703
21492531255 3 21492531260
21492531255 64 21492596786
21492531255 186 21492596788
21492531255 104 21492596791
21492531255 1 21492596794
21492531255 1 25787498556
21492531255 2 25787564087
21492531255 1 25787564090
21492531258 62 21492596788
21492531258 105 21492596791
21492531258 1 21492596794
21492531258 3 25787564087
21492531258 1 25787564090
21492531260 3 21492596791
21492596780 2 21492596786
21492596783 5 17197695023
21492596783 1 17197760559
21492596783 42 21492596788
21492596783 97 21492662319
21492596783 10 21492662322
21492596783 1 21509439538
21492596786 5 17197695023
21492596786 1 17197760559
21492596786 35 21492596791
21492596786 126 21492662319
21492596786 168 21492662322
21492596786 16 21492662324
21492596786 1 21492727858
21492596786 5 21509439538
21492596786 1 21509439540
21492596788 2 21492596791
21492596788 45 21492596794
21492596788 25 21492662319
21492596788 164 21492662322
21492596788 172 21492662324
21492596788 8 21492662327
21492596788 1 21492727858
21492596788 1 21509439538
21492596788 3 21509439540
21492596791 1 21492596794
21492596791 16 21492662322
21492596791 171 21492662324
21492596791 135 21492662327
21492596791 1 21509439540
21492596791 1 25787629623
21492596794 1 21492662322
21492596794 21 21492662324
21492596794 126 21492662327
21492596794 1 25787629623
21492662316 1 21492662322
21492662319 8 21492662324
21492662319 101 21492727855
21492662319 21 21492727858
21492662319 1 21509505071
21492662322 1 17197760559
21492662322 2 21492662324
21492662322 7 21492662327
21492662322 101 21492727855
21492662322 194 21492727858
21492662322 9 21492727860
21492662324 2 21492662327
21492662324 10 21492662330
21492662324 2 21492727855
21492662324 133 21492727858
21492662324 183 21492727860
21492662324 14 21492727863
21492662327 1 21492662330
21492662327 137 21492727860
21492662327 152 21492727863
21492662327 1 21509505082
21492662327 2 25787695162
21492662327 1 25804472378
21492662330 1 68421150
21492662330 3 21492727860
21492662330 108 21492727863
21492662330 1 21509505082
21492662330 2 25787695162
21492662330 1 25804472378
21492727855 90 21492727858
21492727858 116 21492727860
21492727860 115 21492727863
21492727863 87 21492727866
21509177391 3 21509242927
21509177394 1 21509177399
21509177394 3 21509242927
21509177394 1 25820987459
21509177396 1 21509177402
21509177396 1 21509242932
21509177399 1 21509242932
21509177399 2 21509242935
21509177402 2 21509242935
21509242927 5 21509308463
21509242930 5 21509308463
21509242930 3 21509308466
21509242932 2 21509242938
21509242932 3 21509308466
21509242932 4 21509308468
21509242935 6 21509308468
21509242935 3 21509308471
21509242938 2 21509308468
21509242938 3 21509308471
21509308463 1 17214406700
21509308463 5 21509373999
21509308466 5 21509373999
21509308466 4 21509374002
21509308468 4 21509374002
21509308468 9 21509374004
21509308468 2 21509374007
21509308471 9 21509374004
21509308471 6 21509374007
21509308474 4 21509374007
21509373999 1 17214472239
21509373999 1 21509439535
21509373999 4 21509439538
21509374002 1 17214472239
21509374002 1 21509439535
21509374002 9 21509439538
21509374002 2 21509439540
21509374004 2 21509439538
21509374004 10 21509439540
21509374004 1 21509439543
21509374007 7 21509439540
21509374007 7 21509439543
21509374010 2 21509439543
21509439535 1 21509505071
21509439538 2 21509505071
21509439538 11 21509505074
21509439538 3 21509505076
21509439540 13 21509505076
21509439540 1 21509505079
21509439543 5 21509505076
21509439543 8 21509505079
21509505071 1 21509505074
21509505076 4 21509505079
25787433015 3 25787433020
25787433015 2 25787498551
25787433018 4 25787498551
25787433020 3 25787498551
25787498551 2 25787498556
25787498551 4 25787564087
25787498554 6 25787564087
25787498556 3 25787564087
25787564087 2 25787564092
25787564087 1 25787629623
25787564087 5 25787629626
25787564087 1 25804406842
25787564090 3 25787629623
25787564090 6 25787629626
25787564090 1 25804406842
25787564092 1 25787629623
25787564092 1 25787629626
25787629623 1 25787629626
25787629623 2 25787695159
25787629623 1 25787695162
25787629626 2 25787695159
25787629626 6 25787695162
25787629628 1 68421150
25787695159 2 25787695162
25804275773 1 25822494820
25804275774 1 25822494820
25804406842 1 25804472378
25822494820 1 25839403107
25839403107 1 25839534178
25839534178 1 25839730744
25839730744 1 25839861817
25855068011 1 25855068012
30133060333 1 30133126223
30133126223 1 30133192268
30133192268 1 30151016555
30133192269 1 25856049259
30133192269 1 30151016555
30133192270 1 25856049259
30149969330 1 25855068011
30151016555 1 25856245814
34410856529 1 34428027630
34410856531 1 34428027630
34428027630 1 34428093465
34428093465 1 30133192269
34428093521 1 30133192269
34428093521 1 30149969330
38724305044 1 34429665357
42984144994 1 43002364057
42984144997 1 43002364057
43002364057 1 38724305044
43018028015 1 43034871079
43034805230 1 43034871079
43034871079 1 43034871080
47312929449 1 47312929489
47312929488 1 43034805230
47312929489 1 43034805230
