152174633 1 47396880496
201850886 1 21644836942
201850886 1 21676818482
201850886 1 21676818484
4413784591 1 17333026857
4430496067 1 4413784591
4430496067 1 21627666513
4463263757 1 21627666513
4463263757 1 21676752946
4463263757 1 21676752948
8725463215 1 13020496104
8742109312 1 8742174844
8742109313 1 8742174844
8742174844 1 8725463215
13020496104 1 21610692656
13020561565 1 21610692656
17349345345 1 13037731900
17349345345 1 13037928478
17364680746 1 17364680751
17364680746 1 17381523500
17364680746 1 17381523503
17364680748 1 17364680751
17364680748 1 17364680754
17364680748 1 17364746287
17364680748 1 17364746290
17364680751 1 17364680754
17364680751 1 21659648050
17364746284 1 17364746290
17364746284 1 17364811823
17364746284 1 17364811826
17364811823 1 17364877359
17364811823 1 17364877362
17364877359 1 17364942895
17364877359 1 17364942898
17364942895 1 21659975727
17381457964 5 17381457970
17381457964 5 17381523503
17381457964 5 17381523506
17381457964 1 21676425266
17381457964 1 21676490799
17381457964 1 21676490802
17381457967 5 17381457970
17381457967 1 21676425266
17381523498 1 17381523503
17381523498 1 17381589039
17381523498 1 17381589042
17381523500 15 17381523506
17381523500 13 17381589039
17381523500 14 17381589042
17381523500 2 21676556335
17381523500 1 21676556338
17381523503 10 17381523506
17381589036 21 17381589042
17381589036 1 17381654572
17381589036 15 17381654575
17381589036 15 17381654578
17381589036 1 21676621868
17381589036 4 21676621871
17381589036 6 21676621874
17381589039 7 17381589042
17381654572 11 17381654578
17381654572 10 17381720111
17381654572 10 17381720114
17381654572 2 21676687407
17381654572 2 21676687410
17381654575 1 17381720111
17381654575 1 17381720114
17381654575 3 21676687407
17381654575 3 21676687410
17381720108 6 17381720114
17381720108 3 17381785647
17381720108 2 17381785650
17381720108 3 21676752943
17381720108 3 21676752946
17381720111 2 17381720114
17381720111 1 17381785647
17381720111 1 17381785650
17381720111 6 21676752943
17381720111 6 21676752946
17381785647 4 21676818479
17381785647 2 21676818482
21610365282 1 25888621420
21643198517 1 21610365282
21643198517 1 21676818490
21644705869 1 21644836942
21659648044 4 21659648050
21659648044 4 21659713583
21659648044 4 21659713586
21659648047 4 21659648050
21659648047 7 21659648052
21659648047 1 21659713583
21659648047 8 21659713586
21659648047 7 21659713588
21659648050 8 21659648052
21659648050 13 21659648055
21659648050 2 21659713586
21659648050 12 21659713588
21659648050 10 21659713591
21659648050 2 21676490804
21659648050 2 21676490807
21659648052 13 21659648055
21659648052 11 21659648058
21659648052 1 21659713588
21659648052 10 21659713591
21659648052 9 21659713594
21659648052 1 21676490807
21659648052 1 21676490810
21659648055 11 21659648058
21659713580 1 21659713586
21659713580 1 21659779119
21659713580 1 21659779122
21659713583 6 21659713588
21659713583 6 21659779119
21659713583 8 21659779122
21659713583 2 21659779124
21659713583 1 21676556335
21659713583 2 21676556338
21659713583 1 21676556340
21659713586 8 21659713591
21659713586 3 21659779122
21659713586 10 21659779124
21659713586 5 21659779127
21659713586 2 21676556338
21659713586 1 21676556340
21659713588 5 21659713594
21659713588 1 21659779124
21659713588 2 21659779127
21659713588 1 21659779130
21659713588 3 21676556340
21659713588 6 21676556343
21659713588 3 21676556346
21659713591 2 21659779127
21659713591 2 21659779130
21659713591 1 21676556343
21659713591 1 21676556346
21659779119 1 21659779124
21659779119 7 21659844655
21659779119 7 21659844658
21659779119 1 21676621871
21659779119 1 21676621874
21659779122 4 21659779127
21659779122 2 21659844658
21659779122 3 21659844660
21659779122 4 21676621874
21659779122 5 21676621876
21659779122 1 21676621879
21659779124 1 152174633
21659779124 4 21659844660
21659779124 3 21659844663
21659779124 1 21676621879
21659779127 3 21659844663
21659779127 3 21659844666
21659844655 4 21659910191
21659844655 5 21659910194
21659844655 1 21676687407
21659844655 2 21676687410
21659844658 1 21659910194
21659844658 1 21659910196
21659844658 1 21676687410
21659844658 2 21676687412
21659844660 4 21659910196
21659844660 2 21659910199
21659844660 1 21676687412
21659844660 1 21676687415
21659844663 1 21659910199
21659844663 1 21659910202
21659844663 2 21676687415
21659844663 1 21676687418
21659910191 1 21659975730
21659910191 3 21676752943
21659910191 3 21676752946
21659910194 2 21676752946
21659910194 1 21676752948
21659910196 3 21659975732
21659910196 1 21659975735
21659910196 1 21676752948
21659910199 1 21676752951
21659910199 1 21676752954
21659975727 1 21676818479
21659975732 2 21676818484
21659975732 1 21676818487
21661352016 1 21644705869
21676425260 12 21676425266
21676425260 12 21676490799
21676425260 12 21676490802
21676425263 17 21676425266
21676425263 16 21676425268
21676425263 5 21676490799
21676425263 20 21676490802
21676425263 15 21676490804
21676425266 1 21659713588
21676425266 1 21659713591
21676425266 19 21676425268
21676425266 42 21676425271
21676425266 1 21676490799
21676425266 11 21676490802
21676425266 51 21676490804
21676425266 43 21676490807
21676425268 44 21676425271
21676425268 28 21676425274
21676425268 4 21676490804
21676425268 30 21676490807
21676425268 26 21676490810
21676425271 34 21676425274
21676425271 10 21676490807
21676425271 10 21676490810
21676490796 1 21676490799
21676490796 35 21676490802
21676490796 36 21676556335
21676490796 36 21676556338
21676490799 32 21676490802
21676490799 53 21676490804
21676490799 19 21676556335
21676490799 65 21676556338
21676490799 51 21676556340
21676490802 1 21659713591
21676490802 1 21659779124
21676490802 1 21659779127
21676490802 45 21676490804
21676490802 99 21676490807
21676490802 1 21676556335
21676490802 32 21676556338
21676490802 116 21676556340
21676490802 88 21676556343
21676490804 1 21659713594
21676490804 59 21676490807
21676490804 87 21676490810
21676490804 1 21676556338
21676490804 15 21676556340
21676490804 95 21676556343
21676490804 81 21676556346
21676490807 62 21676490810
21676490807 3 21676490812
21676490807 1 21676556340
21676490807 20 21676556343
21676490807 20 21676556346
21676490807 1 21676556348
21676490810 2 21676490812
21676556332 1 17381589042
21676556332 36 21676556338
21676556332 34 21676621871
21676556332 35 21676621874
21676556332 1 21676621876
21676556335 32 21676556338
21676556335 81 21676556340
21676556335 61 21676621871
21676556335 131 21676621874
21676556335 72 21676621876
21676556338 1 152174633
21676556338 1 21659844658
21676556338 1 21659844660
21676556338 38 21676556340
21676556338 129 21676556343
21676556338 75 21676621874
21676556338 169 21676621876
21676556338 92 21676621879
21676556340 63 21676556343
21676556340 131 21676556346
21676556340 1 21676621874
21676556340 64 21676621876
21676556340 169 21676621879
21676556340 109 21676621882
21676556343 73 21676556346
21676556343 3 21676556348
21676556343 4 21676621876
21676556343 51 21676621879
21676556343 49 21676621882
21676556343 1 21676621884
21676556346 1 21676556348
21676621868 11 21676621874
21676621868 12 21676687407
21676621868 12 21676687410
21676621871 7 21676621874
21676621871 76 21676621876
21676621871 101 21676687407
21676621871 168 21676687410
21676621871 62 21676687412
21676621874 11 21676621876
21676621874 78 21676621879
21676621874 2 21676687407
21676621874 95 21676687410
21676621874 164 21676687412
21676621874 66 21676687415
21676621876 13 21676621879
21676621876 95 21676621882
21676621876 1 21676687410
21676621876 108 21676687412
21676621876 182 21676687415
21676621876 73 21676687418
21676621879 16 21676621882
21676621879 3 21676621884
21676621879 79 21676687415
21676621879 79 21676687418
21676621879 1 21676687420
21676621882 2 21676621884
21676621882 3 21676687415
21676621882 3 21676687418
21676687404 5 21676687410
21676687404 4 21676752943
21676687404 5 21676752946
21676687404 1 21676752948
21676687407 1 21676687410
21676687407 50 21676687412
21676687407 118 21676752943
21676687407 165 21676752946
21676687407 32 21676752948
21676687410 6 21676687412
21676687410 44 21676687415
21676687410 1 21676752943
21676687410 125 21676752946
21676687410 146 21676752948
21676687410 21 21676752951
21676687412 1 21676687415
21676687412 48 21676687418
21676687412 1 21676752946
21676687412 136 21676752948
21676687412 162 21676752951
21676687412 32 21676752954
21676687412 1 21676818487
21676687415 1 21676687420
21676687415 1 21676752948
21676687415 115 21676752951
21676687415 97 21676752954
21676687418 1 21676752951
21676752940 1 21676752946
21676752940 1 21676818479
21676752940 1 21676818482
21676752943 1 13037731900
21676752943 1 21676752946
21676752943 14 21676752948
21676752943 120 21676818479
21676752943 129 21676818482
21676752943 3 21676818484
21676752946 1 13037731900
21676752946 4 21676752948
21676752946 9 21676752951
21676752946 1 21676818479
21676752946 145 21676818482
21676752946 130 21676818484
21676752946 2 21676818487
21676752948 2 21676752951
21676752948 13 21676752954
21676752948 151 21676818484
21676752948 123 21676818487
21676752948 2 21676818490
21676752951 1 21676752954
21676752951 1 21676752956
21676752951 3 21676818484
21676752951 152 21676818487
21676752951 97 21676818490
21676752951 1 38806880289
21676752954 1 21676752956
21676752954 2 21676818487
21676752954 1 21676818490
21676818487 1 8742109312
21693530162 1 21676818482
21693530162 1 21676818484
21693530162 1 21693530167
21693530164 1 21676818487
21693530164 1 21676818490
21693530164 1 21693530167
21693530164 1 21693530170
21693530167 1 21693530170
25905332662 1 25888621418
25954746426 1 25954746428
25954746426 1 25954811962
25954811962 1 25954877498
25954877498 1 25971720250
25971392567 1 21676490810
25971392567 1 21676490812
25971392567 1 25971392570
25971392567 4 25971392572
25971392567 4 25971458106
25971392567 4 25971458108
25971392570 4 25971392572
25971458103 1 21676556343
25971458103 2 21676556346
25971458103 1 21676556348
25971458103 7 25971458108
25971458103 2 25971523639
25971458103 5 25971523642
25971458103 3 25971523644
25971458106 3 25971458108
25971458108 1 25971458114
25971458108 1 25971523644
25971458108 1 25971523647
25971458111 1 25971458114
25971523639 2 21676621879
25971523639 2 21676621882
25971523639 4 25971523644
25971523639 1 25971589175
25971523639 4 25971589178
25971523639 3 25971589180
25971523642 1 25971523644
25971523642 1 25971523647
25971523642 1 25971589178
25971523642 1 25971589180
25971589175 4 25971589180
25971589175 4 25971654711
25971589175 5 25971654714
25971589175 1 25971654716
25971589178 1 25971589180
25971589178 1 25971654714
25971589178 1 25971654716
25971654711 2 21676752951
25971654711 2 21676752954
25971654711 2 25971654716
25971654711 4 25971720247
25971654711 4 25971720250
25971720247 2 21676818487
25971720247 4 21676818490
25971720250 1 21676818490
25971720250 1 38806880289
30200234244 1 25905332662
30216945811 1 30200234244
30232936521 1 21676621876
30232936521 1 21676621882
30232936521 1 30216945811
34495267031 1 30200365637
34511978596 1 34495267031
34511978597 1 34495267031
38806880289 1 34511978596
43101978699 1 38790561875
47396880496 1 43101978699
