134414572 1 47380037992
135463083 1 47380169172
135463138 1 47380169016
135463139 1 47380169016
135463194 1 135528839
135528607 1 135594087
135528839 1 47363457634
135594087 1 43085529182
150995025 2 167837761
150995025 1 21676556338
150995025 1 21676556340
150995025 1 21676621874
150995025 1 21676621876
150995040 2 167837761
151126174 1 134414572
152174676 1 135463083
152174715 1 152174756
152174716 1 152240300
152174755 1 135463138
152174756 1 152240300
152240300 1 135528607
167772209 1 167837729
167772209 1 201588740
167772209 1 201588742
167772225 1 167837697
167772225 1 184811521
167772225 1 184811626
167772240 1 167837697
167837697 1 21661614160
167837729 1 17349869640
167837761 1 21644836942
184811521 1 201654276
184811521 1 201654378
201588737 1 201588742
201588737 1 21676621871
201588737 1 21676621874
201588740 1 17381654575
201588740 1 17381654578
201588740 1 21644836942
201588745 1 21644836942
201654273 1 201654378
201654273 1 21676752946
201654273 1 21676752948
4413653446 1 101974955
4430364958 1 4413653446
4463067155 1 21659779122
4463067155 1 30200561774
8691975191 1 8692041028
8692041028 1 4397139921
8708686388 1 8708686389
8708686546 1 8708686547
8725463450 1 8725529005
8725463524 1 8725463525
8725594381 1 8725594501
8757968922 1 4430364958
8757968922 1 13053001761
8757968923 1 4430364958
8758034453 1 30200561774
8774942742 1 152174676
8774942742 1 21659910198
8774942743 1 152174676
12954697758 1 12954828828
12986942488 1 8692041028
13003522382 1 13003588106
13003588051 1 8708686546
13003588051 1 13003653844
13003588052 1 13003653844
13003588106 1 13003653846
13003588107 1 13003653846
13003653612 1 13003653613
13003653767 1 13003653768
13003653770 1 13003719606
13003653771 1 13003719606
13003653844 1 13003653845
13003653846 1 8691975191
13003653848 1 13003719704
13003719507 1 13003785191
13003719508 1 13003785191
13003719606 1 13003785425
13003719609 1 13003785427
13003719610 1 13003785427
13003785191 1 13003850988
13003785425 1 8692106920
13020299517 1 13020365096
13020299557 1 13020365208
13020299558 1 13020365208
13020299558 1 13020365209
13020365096 1 8725463450
13020365097 1 8725463450
13020365154 1 8725463524
13020365208 1 8708686463
13020365209 1 8708686388
13020365209 1 8708686463
13020365210 1 8708686388
13020365212 1 13003653767
13020430675 1 13020496211
13020430753 1 13020496311
13020496211 1 13020496212
13020496211 1 13020561805
13020496311 1 8725594381
13020496313 1 13020561805
13020561805 1 13020627290
13020889119 1 13020889121
13020889120 1 13020889121
13036093467 1 13020299517
13037076694 1 13020365041
13037469754 1 4447993872
13037469754 1 13037600816
13037666336 1 8742830106
13053001761 1 21659779124
13053001761 1 21659779127
17265067265 1 12954697758
17265067266 1 12954697758
17281844014 1 17281844015
17281909901 1 17281975759
17281975759 1 12987074846
17298555294 1 17298621069
17298555296 1 17298555352
17298555348 1 13003653770
17298555349 1 13003653770
17298555349 1 13003653848
17298555351 1 17298621069
17298555351 1 17298621070
17298555352 1 17298621069
17298555352 1 17298621070
17298621069 1 13003719507
17298621070 1 13003719609
17298621230 1 17281909901
17298621231 1 17281909901
17298686606 1 17298752251
17298752251 1 17298752252
17298752260 1 17298752261
17314283707 1 17315266855
17314283708 1 17315266855
17314283708 1 17315266856
17314283709 3 17315266856
17314283710 1 17315266858
17314283783 1 13003522382
17315266815 1 13020365154
17315266816 1 135790605
17315266816 1 17315332453
17315266816 1 34495201660
17315266817 1 17315332453
17315266855 2 13003588051
17315266855 1 17298555348
17315266856 1 13020365212
17315266856 1 17298555294
17315266856 1 17298555348
17315266856 2 17298555349
17315266857 1 17298555294
17315266858 1 17298555296
17315266858 1 21593522650
17315266895 1 13003588051
17315266898 1 17298555351
17315332340 1 17315332397
17315332344 1 17315397974
17315332396 1 13020430675
17315332397 1 13020430675
17315332400 1 17315397974
17315332400 1 17315397978
17315332400 1 17315398052
17315332401 1 17315397974
17315332401 1 17315398052
17315332453 1 13003653612
17315332453 1 13020430753
17315397739 1 13020889119
17315397974 1 13020496211
17315397974 1 13020496310
17315397978 1 17315398057
17315398052 2 13020496310
17315398053 1 13020496310
17315398053 1 17315398054
17315398056 1 21610430919
17315398057 1 21610430919
17315463206 1 17315463207
17315463206 1 17332437064
17315463206 1 17332437067
17315463311 1 13020758048
17315463312 1 13020758048
17330929741 1 17330995376
17330929742 1 17330995326
17330929773 1 17330995376
17330995221 1 17331060765
17330995221 1 17332043991
17330995271 1 13036093467
17330995272 1 17331060842
17330995272 1 17331060844
17330995273 1 17331060922
17330995274 1 17331060768
17330995274 1 17331060845
17330995275 1 17314283708
17330995275 1 17331060848
17330995275 2 17331060924
17330995325 1 17331060922
17330995326 1 17314283707
17330995326 1 17314283708
17330995326 1 17314283709
17330995326 1 17331060846
17330995327 1 17314283709
17330995327 1 17314283710
17330995327 1 47395831886
17330995376 1 17314283783
17331060765 1 13037076694
17331060766 1 13037076694
17331060768 1 17332043952
17331060770 1 17315266817
17331060842 1 13020299557
17331060843 1 13020299557
17331060844 1 17315266816
17331060845 1 17315266815
17331060846 1 135790605
17331060848 1 21610234114
17331060922 1 13020299558
17331060924 1 17315266855
17331060924 1 17315266856
17332043952 1 17332109502
17332043991 1 17315332340
17332043993 1 17315332400
17332043994 1 17315332344
17332109393 1 8742830106
17332109502 1 17315397739
17347641384 1 17347641400
17347641384 2 17364680751
17347641384 1 21661614160
17347641399 1 17347903535
17347641399 1 17364680751
17347641399 2 21659648047
17347641399 2 21659648050
17347641399 3 21661614157
17347641399 1 21661614160
17347641399 1 21661614163
17347641400 3 21661614157
17347641400 1 21661614163
17347641415 1 21642870831
17347641415 1 21661614157
17347641416 1 21661614157
17347706894 2 17330995221
17347706894 1 17332043993
17347706925 1 17330995271
17347706925 1 17330995272
17347706926 1 17330995221
17347706926 1 17330995272
17347706926 1 17330995273
17347706926 1 17330995274
17347706926 1 17330995275
17347706927 1 17330995274
17347706958 2 17330995326
17347706958 1 47395766375
17347706959 1 47395766375
17347903535 1 17347969071
17347903535 1 17366515786
17347903535 1 21642936367
17347969071 1 17348034607
17348034607 1 21643067440
17348034607 1 21643067441
17348231211 1 21660041268
17348231211 1 30234640504
17349476423 1 17349607490
17349607490 1 17349738557
17349607498 1 17349738570
17349738570 1 17349869640
17364418567 1 17364418583
17364418567 1 17364680748
17364418567 3 17364680751
17364418567 2 17364680754
17364418567 1 21659648047
17364418567 1 21659648050
17364418567 1 21661483085
17364418567 1 21661483094
17364418567 1 21661614163
17364418568 1 17364680748
17364418568 1 17364680751
17364418568 2 21644836944
17364418568 1 21661483085
17364418568 1 21661483094
17364418583 2 17364680748
17364418583 2 17364680751
17364418583 1 17364680754
17364418583 3 21644836944
17364418583 2 21661614160
17364418584 1 21644836944
17364418599 2 17364418615
17364418599 2 17364680748
17364418599 4 17364680751
17364418599 2 21659648047
17364418599 1 21659648050
17364418599 2 21661614157
17364418599 2 21661614160
17364418600 1 21661614157
17364418600 1 21661614163
17364418615 1 21661614157
17364418615 1 21661614163
17364680746 1 17364680751
17364680746 1 17364746284
17364680746 1 17364746287
17364680748 1 17364680751
17364680748 18 17364680754
17364680748 5 17364746284
17364680748 30 17364746287
17364680748 14 17364746290
17364680748 1 21659713583
17364680748 2 21659713586
17364680748 3 21661614157
17364680748 3 21661614160
17364680748 1 21661614163
17364680751 19 17364680754
17364680751 14 17364746287
17364680751 7 21659713583
17364680751 5 21659713586
17364680751 1 21661483085
17364680751 9 21661614157
17364680751 6 21661614160
17364680751 1 21661614163
17364680754 1 21661483085
17364680754 4 21661614157
17364680754 2 21661614160
17364680754 1 21661614163
17364746282 1 17364746287
17364746282 1 21659779119
17364746282 1 21659779122
17364746284 6 17364746290
17364746284 2 17364811820
17364746284 11 17364811823
17364746284 3 17364811826
17364746284 1 21659779119
17364746284 1 21659779122
17364746287 26 17364811823
17364746287 3 17364811826
17364746287 7 21659779119
17364746287 4 21659779122
17364811820 1 17364811826
17364811820 3 17364877359
17364811820 1 21659844655
17364811820 1 21659844658
17364811823 25 17364877359
17364811823 1 17364877360
17364811823 1 17364877361
17364811823 2 17364877362
17364811823 8 21659844655
17364811823 1 21659844656
17364811823 1 21659844657
17364811823 2 21659844658
17364877359 12 17364942895
17364877359 2 17364942896
17364877359 2 17364942897
17364877359 1 17364942898
17364877359 6 21659910191
17364877359 7 21659910192
17364877359 7 21659910193
17364877359 1 21659975728
17364877359 1 21659975729
17364877360 1 17364942896
17364877360 1 17364942897
17364942895 4 17365008431
17364942895 1 17365008432
17364942895 1 17365008433
17364942895 4 21659975727
17364942895 3 21659975728
17364942895 4 21659975729
17364942895 1 21659975730
17364942896 2 17365008432
17364942896 2 17365008433
17364942896 1 21659975728
17364942896 1 21659975729
17365008431 1 21660041263
17365008431 3 21660041264
17365008431 3 21660041265
17365008432 1 21660041264
17365008432 3 21660041265
17366515783 1 17366646855
17366515786 1 17366646855
17366515786 11 17366646858
17366646855 1 17366646858
17381457956 1 17364746284
17381457956 1 17364746287
17381457956 1 17381457962
17381457959 1 25956581466
17381457962 1 25956581466
17381457964 2 17381457970
17381457964 2 17381523503
17381457964 2 17381523506
17381457967 2 17381457970
17381523498 1 17364811820
17381523498 1 17364811823
17381523498 1 21661614163
17381523500 1 17364811823
17381523500 1 17364811826
17381523500 2 17381523506
17381523500 1 17381589039
17381523500 1 17381589042
17381523500 1 21661614163
17381589036 1 17381589042
17381589036 1 17381654575
17381589036 1 17381654578
17381654572 2 17381654578
17381654572 1 21659910191
17381654572 1 21659910194
17381654572 1 21676687407
17381654572 1 21676687410
17381654575 1 17381654578
17381654575 1 21676687407
17381654575 1 21676687410
21559968498 1 17265067265
21576679883 1 21559968498
21576679884 1 21559968498
21592474107 1 21576679883
21593456979 1 21593522706
21593522650 1 21593588374
21593522654 1 21593588376
21593522706 1 17298621230
21593522708 1 17281844014
21593522709 1 17281844014
21593522709 1 25871778693
21593588297 1 21593654008
21593588297 1 21593654015
21593588298 1 25888621316
21593588374 1 21593654218
21593588376 1 21593654215
21593588376 1 21593654217
21593653909 1 17298752140
21593653909 1 17298752260
21593654015 1 25888686986
21593654215 1 21593720038
21593654216 1 21593720038
21593654218 1 25888687347
21593719321 1 21593784853
21593719447 1 21593784999
21593784999 1 21593785000
21609185514 1 21592474107
21609185515 1 21592474107
21609251008 1 17315266858
21609251009 1 17315266858
21609251085 1 17315266898
21609251086 1 17315266898
21609251088 1 21593456979
21610234074 1 17315332400
21610234074 1 21610234115
21610234075 1 17315332400
21610234114 1 21610299811
21610234115 1 17315332400
21610234115 1 21610299811
21610234116 1 21610299754
21610234116 1 21610299755
21610234116 1 21610299757
21610234155 1 21610299811
21610234157 1 25905267111
21610234158 1 25905267111
21610234196 1 21593522709
21610299587 1 21610299644
21610299588 1 21610365203
21610299642 1 21610365277
21610299643 1 21610365120
21610299644 1 21610365120
21610299645 1 25905332500
21610299698 1 21610365277
21610299754 1 17315398053
21610299755 1 21610365431
21610299757 1 25888555597
21610299758 1 21610365436
21610299811 1 21593588297
21610299811 1 21593588298
21610299814 1 21593588297
21610365120 1 17315463311
21610365121 1 21610430510
21610365122 1 21610430510
21610365125 1 21610430515
21610365203 1 25905398020
21610365277 1 21610430820
21610365281 1 21610430821
21610365431 1 17298686606
21610365436 2 21593653909
21610430510 1 17315725351
21610430515 1 21610430617
21610430516 1 21610430618
21610430612 1 17315725351
21610430617 1 21610692653
21610430618 1 21610692653
21610430820 1 21610496421
21610430821 1 21610430924
21610430822 1 21610496417
21610430919 1 21593719321
21610430924 1 21610496417
21610496417 1 17315594459
21610496418 1 17315594459
21610496421 1 25905529217
21610692653 1 21610692655
21625897040 1 21625962677
21625897041 1 151126174
21625897072 1 21609185514
21625897073 1 21609185514
21625962520 1 17331060770
21625962520 1 21627011290
21625962521 1 21626028069
21625962521 1 21626028147
21625962522 2 21626028069
21625962522 1 21626028070
21625962522 1 21626028072
21625962523 1 21626028071
21625962523 1 21626028151
21625962572 1 21626028223
21625962572 1 21626028225
21625962573 1 21609251008
21625962573 1 21626028225
21625962574 1 21626028150
21625962575 1 21626028072
21625962575 1 21626028150
21625962624 1 21626028223
21625962626 1 21609251088
21625962677 1 21609251085
21626028069 2 21610234074
21626028070 1 17315332401
21626028071 1 21610234116
21626028072 2 21610234116
21626028072 1 25905201414
21626028147 1 21610234116
21626028150 1 21610234157
21626028151 1 25905201414
21626028152 1 25905201414
21626028223 1 21610234155
21626028224 1 21610234155
21626028225 1 21610234196
21627011171 1 17332109393
21627011171 1 17332437056
21627011213 1 21627076748
21627011214 1 21627076750
21627011252 1 21610299588
21627011252 1 21610299645
21627011253 1 21610299587
21627011290 1 21610299642
21627011291 1 17315332400
21627076748 1 21610365121
21627076750 1 21610365125
21642608695 1 21642870831
21642608695 1 21642870834
21642608695 1 21661614160
21642608696 3 17366646858
21642608696 1 21642608697
21642608696 1 21642870831
21642608696 7 21642870834
21642608696 9 21642870836
21642608696 6 21642870839
21642608696 5 21659648050
21642608696 6 21659648052
21642608696 4 21659648055
21642608696 1 21661352010
21642608696 1 21661483088
21642608696 1 21661614154
21642608696 5 21661614157
21642608696 3 21661614160
21642608696 5 21661614166
21642608696 4 21661614170
21642608696 2 25956581466
21642608697 1 21642870836
21642608697 8 21642870839
21642608697 2 21642870842
21642608697 2 21659648055
21642608697 1 21659648058
21642608697 1 21661483085
21642608697 1 21661614157
21642608697 2 21661614160
21642608697 1 21661614163
21642608697 1 21661614166
21642608697 3 21661614170
21642608697 4 25956581466
21642608712 1 21642870834
21642608712 2 21642870836
21642608712 1 21642870839
21642608712 1 21661614163
21642608712 1 21661614170
21642608712 1 25956581466
21642608713 1 21642870839
21642608713 1 21642870842
21642674191 2 21625962520
21642674191 1 21625962521
21642674191 1 21625962572
21642674192 2 21625962521
21642674192 1 21625962522
21642674192 1 21625962523
21642674193 1 21625962523
21642674193 1 21627011253
21642674223 1 17330995274
21642674223 3 17330995275
21642674223 1 21625962572
21642674224 2 21625962522
21642674224 1 21625962573
21642674224 1 21625962574
21642674225 1 21625962575
21642674225 1 25920929872
21642674225 1 25920929873
21642674255 1 17330995326
21642674255 1 17330995327
21642674256 1 21625962626
21642674257 1 25920929924
21642870831 1 17366515786
21642870831 2 21642936367
21642870831 1 21642936370
21642870831 2 21659713583
21642870831 2 21659713586
21642870834 1 17366515786
21642870834 8 21642936370
21642870834 4 21642936372
21642870834 1 21659844657
21642870834 1 21659844659
21642870834 1 21661614154
21642870834 2 21661614157
21642870836 5 21642936372
21642870836 3 21642936375
21642870836 3 21659713588
21642870836 2 21659713591
21642870839 13 21642936375
21642870839 4 21642936378
21642870839 3 21659713591
21642870839 2 21661614163
21642870839 1 21661614166
21642936367 2 21643001903
21642936367 1 21659779122
21642936370 5 21643001906
21642936370 1 21643001908
21642936370 2 21659779122
21642936370 1 21659779124
21642936372 4 21643001908
21642936372 2 21643001911
21642936372 1 21659779124
21642936375 11 21643001911
21642936375 2 21643001914
21642936375 2 21659779127
21642936375 1 21659779130
21643001903 1 21643067440
21643001903 2 21643067441
21643001906 2 21643067441
21643001906 4 21643067443
21643001906 1 21643067445
21643001906 1 21659844659
21643001906 1 21659844661
21643001908 1 21643067445
21643001908 2 21643067446
21643001908 2 21643067448
21643001908 1 21659844662
21643001911 1 21643067446
21643001911 6 21643067448
21643001911 7 21643067449
21643001911 2 21659844662
21643001911 3 21659844664
21643001911 2 21659844665
21643067440 1 21643132977
21643067440 1 21659910192
21643067440 1 21659910193
21643067441 2 21643132977
21643067441 1 21643132979
21643067441 1 21659910193
21643067441 1 21659910195
21643067443 1 21643132977
21643067443 2 21643132979
21643067443 1 21643132981
21643067445 1 21643132981
21643067446 2 21643132982
21643067446 2 21643132984
21643067446 1 21659910198
21643067446 1 21659910200
21643067446 1 21661614157
21643067448 1 21643132984
21643067448 1 21643132985
21643067448 1 21659910200
21643067448 3 21659910201
21643067448 1 21661614157
21643067449 1 21643132985
21643067449 1 21659910201
21643132977 1 21643198513
21643132977 3 21659975729
21643132979 1 21659975733
21643132981 1 21659975733
21643132982 1 21643198520
21643132982 1 21659975734
21643132984 1 21659975736
21643132985 2 21643198521
21643132985 1 21659975736
21643132985 1 21659975737
21643198513 1 21660041265
21643198520 1 21660041272
21643198521 2 21660041273
21644443725 1 21644443728
21644443725 1 21644574797
21644574797 3 21644705869
21644574797 1 21644705870
21644574797 1 21661483085
21644574800 4 21644705872
21644574803 2 21644705875
21644574810 1 21644705882
21644705869 1 21644836938
21644705869 2 21644836941
21644705869 1 21644836942
21644705869 1 21644836944
21644705870 1 21644836942
21644705872 2 21644836944
21644705872 1 21644836947
21644705872 1 21661614160
21644705875 2 21644836947
21644705878 1 21644836950
21644705882 2 21644836954
21644705882 1 21644836955
21659385863 1 21642674192
21659385864 1 17332043994
21659385864 2 17347706894
21659385864 1 17347706926
21659385864 2 21627011252
21659385864 4 21642674191
21659385864 3 21642674192
21659385864 2 21642674193
21659385864 1 21659385880
21659385864 3 21659648050
21659385864 4 21659648052
21659385864 2 21659648055
21659385864 1 21661483091
21659385864 2 21661614160
21659385864 1 21661614163
21659385864 1 25937641490
21659385865 1 152174715
21659385865 1 17332043994
21659385865 1 21627011252
21659385865 1 21642674191
21659385865 1 21642674192
21659385865 1 21659385881
21659385865 1 21659648055
21659385865 1 21659648058
21659385865 2 21661614166
21659385879 1 17347706925
21659385879 2 21642674225
21659385879 1 21659385880
21659385879 2 21659648047
21659385879 2 21659648050
21659385879 1 21661614157
21659385879 1 43117510719
21659385880 1 17347706894
21659385880 2 17347706925
21659385880 3 17347706926
21659385880 1 17347706958
21659385880 1 17366646858
21659385880 2 21642674223
21659385880 4 21642674224
21659385880 3 21642674225
21659385880 1 21642674256
21659385880 2 21659385881
21659385880 1 21659385897
21659385880 3 21659648047
21659385880 12 21659648050
21659385880 12 21659648052
21659385880 4 21659648055
21659385880 6 21661614157
21659385880 5 21661614160
21659385880 1 21661614163
21659385880 3 21661614166
21659385880 1 21661614170
21659385880 1 25937641523
21659385880 1 25937641554
21659385880 1 38822543452
21659385880 1 43117510719
21659385881 1 21625897039
21659385881 3 21642674223
21659385881 1 21642674224
21659385881 1 21659385896
21659385881 2 21659648052
21659385881 3 21659648055
21659385881 1 21659648058
21659385881 1 21661614160
21659385881 3 21661614166
21659385881 1 21661614170
21659385881 1 25937641491
21659385881 1 25937641522
21659385881 1 25937641523
21659385881 1 25937641554
21659385895 3 21659385896
21659385895 6 21659648047
21659385895 6 21659648050
21659385895 2 21661614160
21659385895 2 21661614163
21659385896 1 17330929741
21659385896 1 17330929742
21659385896 1 17347706926
21659385896 2 17347706958
21659385896 1 17366515786
21659385896 1 17366646855
21659385896 7 17366646858
21659385896 1 21625897041
21659385896 1 21625897072
21659385896 1 21642674257
21659385896 1 21644836938
21659385896 1 21644836944
21659385896 1 21644836947
21659385896 1 21644836950
21659385896 3 21659385897
21659385896 10 21659648047
21659385896 33 21659648050
21659385896 44 21659648052
21659385896 15 21659648055
21659385896 1 21661483088
21659385896 1 21661614154
21659385896 8 21661614157
21659385896 11 21661614160
21659385896 12 21661614163
21659385896 10 21661614166
21659385896 1 25920864338
21659385896 3 25937641554
21659385896 1 25956581466
21659385896 1 25956581469
21659385897 1 21625897039
21659385897 1 21625897040
21659385897 2 21642674255
21659385897 1 21644836950
21659385897 2 21659648052
21659385897 16 21659648055
21659385897 9 21659648058
21659385897 1 21661614157
21659385897 4 21661614160
21659385897 4 21661614163
21659385897 4 21661614166
21659385897 2 21661614170
21659385897 2 25920864338
21659385897 4 25937641554
21659385897 1 25939804250
21659385897 1 25939804253
21659385897 1 25956450394
21659385912 1 17366515786
21659385912 1 21659648050
21659385912 1 21659648052
21659385912 1 21661614154
21659385912 1 21661614157
21659648044 15 21659648050
21659648044 15 21659713583
21659648044 15 21659713586
21659648047 8 17366646858
21659648047 80 21659648050
21659648047 66 21659648052
21659648047 132 21659713583
21659648047 194 21659713586
21659648047 45 21659713588
21659648047 1 21659779122
21659648047 1 21661483088
21659648047 1 21661614154
21659648047 10 21661614157
21659648047 10 21661614160
21659648047 6 21661614163
21659648047 2 21661614166
21659648050 1 135463194
21659648050 1 17366515783
21659648050 1 17366646855
21659648050 13 17366646858
21659648050 1 21627011213
21659648050 1 21627011214
21659648050 2 21644836947
21659648050 128 21659648052
21659648050 106 21659648055
21659648050 2 21659713583
21659648050 199 21659713586
21659648050 255 21659713588
21659648050 72 21659713591
21659648050 1 21661483082
21659648050 3 21661483085
21659648050 2 21661483088
21659648050 1 21661483091
21659648050 1 21661483094
21659648050 4 21661614154
21659648050 24 21661614157
21659648050 41 21661614160
21659648050 24 21661614163
21659648050 7 21661614166
21659648052 1 17366515783
21659648052 1 17366646855
21659648052 4 17366646858
21659648052 1 21644836947
21659648052 147 21659648055
21659648052 97 21659648058
21659648052 2 21659713586
21659648052 188 21659713588
21659648052 231 21659713591
21659648052 59 21659713594
21659648052 1 21661483082
21659648052 2 21661483085
21659648052 1 21661483088
21659648052 2 21661483091
21659648052 4 21661483094
21659648052 2 21661614154
21659648052 17 21661614157
21659648052 38 21661614160
21659648052 40 21661614163
21659648052 30 21661614166
21659648052 7 21661614170
21659648052 1 21676490810
21659648052 4 25956581466
21659648052 4 25956581469
21659648055 147 21659648058
21659648055 3 21659648060
21659648055 1 21659713588
21659648055 129 21659713591
21659648055 103 21659713594
21659648055 1 21659779127
21659648055 1 21661483085
21659648055 1 21661483088
21659648055 1 21661483091
21659648055 4 21661483094
21659648055 2 21661614157
21659648055 11 21661614160
21659648055 31 21661614163
21659648055 44 21661614166
21659648055 16 21661614170
21659648055 1 25954615356
21659648055 12 25956581466
21659648055 7 25956581469
21659648058 3 21659648060
21659648058 1 21661483094
21659648058 3 21661614160
21659648058 9 21661614163
21659648058 18 21661614166
21659648058 9 21661614170
21659648058 8 25956581466
21659648058 2 25956581469
21659713580 1 21659713586
21659713580 1 21659779119
21659713580 1 21659779122
21659713583 30 21659713588
21659713583 143 21659779119
21659713583 172 21659779122
21659713583 19 21659779124
21659713586 1 21644836941
21659713586 46 21659713591
21659713586 2 21659779119
21659713586 233 21659779122
21659713586 202 21659779124
21659713586 23 21659779127
21659713586 1 21676490807
21659713588 40 21659713594
21659713588 2 21659779122
21659713588 241 21659779124
21659713588 200 21659779127
21659713588 14 21659779130
21659713591 1 17332437056
21659713591 1 21644836950
21659713591 1 21644836954
21659713591 1 21659713594
21659713591 4 21659779124
21659713591 174 21659779127
21659713591 110 21659779130
21659713591 1 21661614166
21659713594 1 21644836950
21659713594 1 21659779127
21659713594 1 21659779130
21659779119 14 21659779124
21659779119 115 21659844655
21659779119 1 21659844656
21659779119 8 21659844657
21659779119 142 21659844658
21659779119 1 21659844659
21659779119 2 21659844660
21659779119 3 21659910193
21659779119 1 21659910195
21659779122 1 17366646858
21659779122 2 21659779124
21659779122 13 21659779127
21659779122 1 21659844655
21659779122 8 21659844657
21659779122 208 21659844658
21659779122 19 21659844659
21659779122 158 21659844660
21659779122 4 21659844661
21659779122 3 21659844663
21659779122 5 21659910193
21659779122 14 21659910195
21659779122 5 21659910197
21659779122 1 21661614160
21659779124 6 21659779130
21659779124 1 21659844658
21659779124 3 21659844659
21659779124 231 21659844660
21659779124 14 21659844661
21659779124 17 21659844662
21659779124 149 21659844663
21659779124 5 21659844664
21659779124 1 21659844666
21659779124 1 21659910195
21659779124 1 21659910196
21659779124 1 21659910197
21659779124 1 21659910198
21659779124 1 21659910200
21659779124 1 21661614157
21659779124 1 21661614160
21659779127 3 21659844660
21659779127 4 21659844662
21659779127 183 21659844663
21659779127 16 21659844664
21659779127 12 21659844665
21659779127 97 21659844666
21659779127 1 21659844667
21659779127 1 21659910199
21659779127 7 21659910200
21659779127 4 21659910201
21659779127 1 21659910203
21659779127 1 21659975737
21659779130 1 21659844663
21659779130 4 21659844665
21659779130 3 21659844666
21659779130 4 21659844667
21659779130 1 21659910201
21659779130 1 21659910203
21659844655 96 21659910191
21659844655 5 21659910192
21659844655 10 21659910193
21659844655 90 21659910194
21659844655 1 21659910195
21659844655 1 21659975727
21659844655 3 21659975729
21659844656 2 21659910193
21659844657 13 21659910193
21659844657 10 21659910195
21659844658 1 21659910191
21659844658 18 21659910193
21659844658 182 21659910194
21659844658 35 21659910195
21659844658 91 21659910196
21659844658 17 21659910197
21659844658 1 21659975729
21659844658 2 21659975731
21659844658 1 21659975733
21659844659 1 21659910193
21659844659 16 21659910195
21659844659 7 21659910197
21659844660 2 21659910194
21659844660 2 21659910195
21659844660 194 21659910196
21659844660 23 21659910197
21659844660 39 21659910198
21659844660 107 21659910199
21659844660 18 21659910200
21659844660 1 21659975731
21659844660 1 21659975732
21659844660 4 21659975733
21659844660 4 21659975734
21659844660 1 21659975736
21659844661 14 21659910197
21659844661 9 21659910198
21659844661 1 21661614163
21659844662 14 21659910198
21659844662 9 21659910200
21659844662 1 21659975736
21659844663 1 21659910196
21659844663 6 21659910198
21659844663 162 21659910199
21659844663 30 21659910200
21659844663 21 21659910201
21659844663 65 21659910202
21659844663 2 21659910203
21659844663 1 21659975734
21659844663 7 21659975736
21659844663 7 21659975737
21659844664 1 21659910198
21659844664 10 21659910200
21659844664 8 21659910201
21659844665 10 21659910201
21659844665 4 21659910203
21659844666 2 21659910199
21659844666 5 21659910201
21659844666 4 21659910202
21659844666 5 21659910203
21659844666 1 21659975737
21659844666 1 21659975739
21659910191 52 21659975727
21659910191 7 21659975728
21659910191 23 21659975729
21659910191 60 21659975730
21659910191 4 21659975731
21659910191 2 21660041265
21659910191 1 21660041267
21659910192 2 21659975728
21659910192 13 21659975729
21659910192 1 21659975731
21659910193 34 21659975729
21659910193 24 21659975731
21659910193 1 21660041265
21659910194 17 21659975729
21659910194 111 21659975730
21659910194 56 21659975731
21659910194 44 21659975732
21659910194 36 21659975733
21659910194 1 21660041264
21659910194 2 21660041265
21659910194 3 21660041267
21659910194 1 21660041268
21659910194 3 21660041269
21659910195 1 21659975729
21659910195 47 21659975731
21659910195 14 21659975733
21659910196 126 21659975732
21659910196 36 21659975733
21659910196 51 21659975734
21659910196 64 21659975735
21659910196 17 21659975736
21659910196 1 21659975737
21659910196 2 21660041268
21659910196 2 21660041269
21659910196 3 21660041270
21659910197 4 21659975731
21659910197 36 21659975733
21659910197 19 21659975734
21659910197 1 21661614160
21659910198 2 21659975733
21659910198 43 21659975734
21659910198 25 21659975736
21659910198 1 21661614160
21659910199 9 21659975734
21659910199 112 21659975735
21659910199 43 21659975736
21659910199 39 21659975737
21659910199 36 21659975738
21659910199 4 21659975739
21659910199 1 21660041270
21659910199 4 21660041272
21659910199 5 21660041273
21659910199 1 21660041275
21659910200 4 21659975734
21659910200 35 21659975736
21659910200 22 21659975737
21659910200 1 21660041272
21659910201 3 21659975736
21659910201 29 21659975737
21659910201 3 21659975739
21659910201 1 21660041273
21659910202 9 21659975737
21659910202 3 21659975738
21659910202 9 21659975739
21659910203 1 21659975737
21659910203 1 21659975739
21659975727 24 21660041263
21659975727 7 21660041264
21659975727 19 21660041265
21659975727 21 21660041266
21659975727 3 21660041267
21659975728 3 21660041264
21659975728 13 21660041265
21659975729 1 21660041264
21659975729 78 21660041265
21659975729 25 21660041267
21659975729 1 21661614154
21659975730 1 21660041263
21659975730 19 21660041265
21659975730 68 21660041266
21659975730 53 21660041267
21659975730 16 21660041268
21659975730 21 21660041269
21659975731 1 21660041265
21659975731 96 21660041267
21659975731 42 21660041269
21659975732 1 21660041266
21659975732 1 21660041267
21659975732 97 21660041268
21659975732 23 21660041269
21659975732 31 21660041270
21659975732 25 21660041271
21659975732 9 21660041272
21659975732 1 34511978537
21659975733 70 21660041269
21659975733 33 21660041270
21659975733 1 21661614160
21659975733 1 34511978537
21659975734 3 21660041269
21659975734 75 21660041270
21659975734 33 21660041272
21659975734 1 21661614163
21659975735 1 21660041268
21659975735 8 21660041270
21659975735 67 21660041271
21659975735 36 21660041272
21659975735 31 21660041273
21659975735 19 21660041274
21659975735 4 21660041275
21659975736 4 21660041270
21659975736 72 21660041272
21659975736 35 21660041273
21659975737 1 17332437064
21659975737 1 21660041272
21659975737 69 21660041273
21659975737 18 21660041275
21659975738 9 21660041273
21659975738 3 21660041274
21659975738 9 21660041275
21660041266 1 17349738557
21660041267 1 21661614160
21660041269 1 21661614160
21660041270 1 38806880289
21660041273 1 17332437064
21660041275 1 17332437064
21661352010 1 21661352013
21661352010 1 21661483082
21661352010 1 21661483085
21661352013 1 21644705869
21661352013 1 21661352016
21661352013 2 21661483082
21661352013 7 21661483085
21661352013 1 21661483088
21661352016 1 21661352019
21661352016 1 21661483085
21661352016 6 21661483088
21661352019 2 21661352022
21661352019 3 21661483091
21661352019 2 21661483094
21661352022 1 21644705878
21661352022 2 21661483094
21661352022 1 21661483098
21661352026 1 21644705882
21661352026 3 21661483098
21661352026 1 25939673178
21661352026 2 25956450394
21661352026 1 25956581466
21661483082 2 17366646858
21661483082 1 21661483085
21661483082 3 21661614154
21661483082 2 21661614157
21661483085 1 17366646858
21661483085 9 21661483088
21661483085 2 21661614154
21661483085 38 21661614157
21661483085 8 21661614160
21661483088 1 21644836944
21661483088 4 21661483091
21661483088 3 21661614157
21661483088 48 21661614160
21661483088 5 21661614163
21661483091 4 21661614160
21661483091 41 21661614163
21661483091 1 21661614166
21661483094 1 21644836950
21661483094 8 21661483098
21661483094 49 21661614166
21661483094 9 21661614170
21661483098 1 21661614166
21661483098 16 21661614170
21661483098 2 25956581466
21661614154 2 21661614157
21661614157 5 21661614160
21661614160 4 21661614163
21661614163 7 21661614166
21661614166 5 21661614170
21676425263 1 21659713586
21676425263 1 21659713588
21676425263 1 21676425266
21676425263 2 21676425268
21676425263 2 21676490802
21676425263 2 21676490804
21676425266 1 21659648055
21676425266 3 21659713586
21676425266 2 21659713588
21676425266 1 21659713591
21676425266 3 21676425268
21676425266 13 21676425271
21676425266 2 21676490802
21676425266 12 21676490804
21676425266 9 21676490807
21676425268 1 21659648055
21676425268 3 21659713591
21676425268 3 21659713594
21676425268 13 21676425271
21676425268 9 21676425274
21676425268 6 21676490807
21676425268 6 21676490810
21676425271 11 21676425274
21676425271 1 21676490802
21676425271 1 21676490804
21676425271 2 21676490807
21676425271 2 21676490810
21676490799 3 21676490804
21676490799 1 21676556335
21676490799 3 21676556338
21676490799 2 21676556340
21676490802 3 21659779122
21676490802 4 21659779124
21676490802 1 21659779127
21676490802 1 21676490804
21676490802 9 21676490807
21676490802 4 21676556338
21676490802 8 21676556340
21676490802 4 21676556343
21676490804 1 21659779124
21676490804 2 21659779127
21676490804 2 21659779130
21676490804 1 21676490807
21676490804 11 21676490810
21676490804 3 21676556340
21676490804 9 21676556343
21676490804 5 21676556346
21676490807 1 21661614163
21676490807 1 21676490810
21676490810 1 21661614163
21676556335 1 21659844655
21676556335 2 21659844658
21676556335 1 21659844660
21676556335 5 21676556340
21676556335 1 21676621871
21676556335 4 21676621874
21676556335 3 21676621876
21676556338 1 21659844658
21676556338 1 21659844660
21676556338 1 21676556340
21676556338 3 21676556343
21676556338 3 21676621874
21676556338 5 21676621876
21676556338 2 21676621879
21676556340 1 21659844660
21676556340 2 21659844663
21676556340 1 21676556343
21676556340 2 21676556346
21676556340 5 21676621876
21676556340 5 21676621879
21676556343 3 21659844663
21676556343 3 21659844666
21676556343 1 21676621879
21676556343 1 21676621882
21676621871 2 21659910191
21676621871 2 21659910194
21676621871 3 21676621876
21676621871 1 21676687407
21676621871 3 21676687410
21676621874 1 21659975731
21676621874 1 21659975732
21676621874 1 21659975733
21676621874 1 21676687410
21676621874 2 21676687412
21676621876 1 21659910196
21676621876 1 21659910199
21676621876 4 21676687412
21676621876 6 21676687415
21676621879 1 21676687415
21676621879 1 21676687418
21676687407 1 21659975727
21676687407 1 21659975730
21676687407 2 21676752946
21676687410 1 21659975730
21676687410 1 21659975732
21676687410 2 21676752946
21676687412 3 21659975732
21676687412 1 21659975735
21676687412 1 21676752948
21676687412 2 21676752951
21676687415 3 21659975735
21676687415 1 21676752951
21676687415 1 21676752954
21676752946 5 21660041266
21676752948 1 21660041268
21676752948 1 21660041271
21676752951 2 21660041271
21676752951 1 21660041274
25871778693 1 25871844715
25888424278 1 21593522708
25888424280 1 25888490010
25888489950 1 21593588376
25888490010 1 30166811713
25888490011 1 30166811713
25888555597 1 25888621319
25888555599 1 25888621422
25888555678 1 30183588822
25888555679 1 30183588822
25888686986 1 25888752771
25904218315 1 25905201457
25904218316 1 30200168754
25904218389 1 25905201494
25904218390 1 25888424278
25904218390 1 25905201494
25904218391 1 25888424280
25905201374 1 25905266999
25905201375 1 25905266999
25905201414 1 21610299758
25905201414 1 25905267057
25905201414 1 25905267112
25905201416 1 25905267057
25905201417 1 25905267057
25905201454 1 21610299814
25905201454 1 25905267054
25905201455 1 25905267054
25905201457 1 30183457196
25905201494 1 21593522654
25905201494 1 25888489950
25905266999 1 21610365281
25905267054 1 21610365436
25905267057 1 25905332659
25905267058 1 25905332659
25905267111 1 25888555599
25905267112 1 25888555678
25905332500 1 25905398022
25905332659 1 25905398326
25905398020 1 30200627262
25905398326 1 21593719447
25905398327 1 21593719447
25905463366 1 30200627262
25905463366 1 30200627264
25920864338 1 151126174
25920864338 1 25920929977
25920864338 1 25920929978
25920929824 1 30215962673
25920929872 1 25920995450
25920929873 1 25920995372
25920929873 1 25920995449
25920929874 1 25920995372
25920929875 1 25920995375
25920929876 1 25920995375
25920929924 1 25904218389
25920929925 1 25904218389
25920929925 1 25904218390
25920929925 1 25920995528
25920929926 1 25905201454
25920929926 1 25920995528
25920929927 1 25904218315
25920929927 1 25904218316
25920929977 1 25904218391
25920929978 1 25904218390
25920995372 1 25905201374
25920995375 1 25905201416
25920995376 1 25905201416
25920995449 1 25905201414
25920995450 1 25905201416
25920995528 1 25905201454
25921978432 1 25922043938
25921978432 1 30200561774
25922043938 1 30200758340
25922043939 1 30200758340
25937575993 2 21642870839
25937575993 2 21642870842
25937575993 1 21661614163
25937575993 1 21661614166
25937575993 1 21661614170
25937575993 1 25937838138
25937576009 1 25937838138
25937641490 1 152174755
25937641491 1 25920929824
25937641522 1 25920929873
25937641523 1 25920929875
25937641554 2 25920929925
25937641554 1 25920929926
25937641554 2 25920929927
25937641555 1 25920929927
25937838138 2 25937903674
25937903674 1 25937969210
25937903674 1 25938034745
25937903674 1 25938034747
25937969210 1 25954811961
25937969210 1 25954811963
25938034745 1 21643132985
25938034745 1 21643132987
25939673178 1 25939804250
25954353177 1 25954615351
25954353177 1 25954615354
25954353178 1 25954615354
25954353178 1 25954615356
25954353193 3 21659648055
25954353193 2 21659648058
25954353193 1 21661483091
25954353193 1 21661614163
25954353193 6 21661614166
25954353193 1 21661614170
25954353193 3 25954615351
25954353193 6 25954615354
25954353193 2 25954615356
25954353209 1 21661614163
25954615351 5 21659713591
25954615351 5 21659713594
25954615351 1 21661483088
25954615351 1 21661614160
25954615351 2 21661614166
25954615351 1 21661614170
25954615351 6 25954615354
25954615351 11 25954615356
25954615351 13 25954680887
25954615351 21 25954680890
25954615351 5 25954680892
25954615354 1 21661483088
25954615354 1 21661614160
25954615354 11 21661614166
25954615354 2 21661614170
25954615354 13 25954615356
25954615354 17 25954680890
25954615354 4 25954680892
25954615356 5 21661614166
25954615356 1 25954615359
25954615356 1 25954680892
25954615356 1 25954680895
25954615359 1 25954615364
25954615359 1 25954680892
25954615359 1 25954680895
25954615362 1 25954615364
25954680887 5 21659779127
25954680887 6 21659779130
25954680887 6 25954680892
25954680887 10 25954746423
25954680887 13 25954746426
25954680890 2 21659779127
25954680890 3 21659779130
25954680890 1 21661614166
25954680890 1 21661614170
25954680890 1 25954680895
25954680890 18 25954746426
25954680890 1 25954746428
25954680892 1 21661614160
25954680892 1 25954746426
25954680892 2 25954746428
25954680895 1 21661614160
25954746423 3 21659844663
25954746423 3 21659844666
25954746423 3 25954811959
25954746423 7 25954811962
25954746426 1 21659844663
25954746426 1 21659844665
25954746426 2 21659844666
25954746426 1 21659844667
25954746426 18 25954811962
25954746426 1 25954811963
25954746428 1 25954811962
25954746428 1 25954811964
25954811959 1 21659910199
25954811959 2 21659910202
25954811959 2 25954877498
25954811961 1 25954877499
25954811962 1 21659910199
25954811962 4 21659910202
25954811962 2 21659975738
25954811962 4 25954877497
25954811962 10 25954877498
25954811962 7 25954877499
25954811962 1 25954877501
25954811963 1 25954877499
25954877497 2 21659975737
25954877497 2 21659975739
25954877497 2 25954943033
25954877497 2 25954943035
25954877498 6 21659975737
25954877498 4 21659975738
25954877498 5 21659975739
25954877498 1 21660041273
25954877498 1 21660041275
25954877498 1 25954943034
25954877499 1 21659975737
25954877499 1 21659975739
25954877499 1 25954943033
25954877499 4 25954943035
25954943033 3 21660041273
25954943033 3 21660041275
25954943034 2 21660041273
25954943034 1 21660041274
25954943034 2 21660041275
25954943034 1 21661614163
25954943035 3 21660041273
25954943035 3 21660041275
25956319322 2 25956450394
25956319322 1 25956450397
25956319325 1 25939804253
25956450394 3 25956450397
25956450394 8 25956581466
25956450394 4 25956581469
25956450397 3 25956581469
25956581466 1 25956581469
25971392567 1 25971392572
25971392567 1 25971458106
25971392567 1 25971458108
25971392570 1 25971392572
25971458103 1 21659779127
25971458103 1 21659779130
25971458103 1 25971458108
25971523650 1 25971589183
25971523650 1 25971589186
25971589183 1 25971654716
25971589183 1 25971654719
25971654716 1 25954943034
30166811713 1 34461844983
30183457196 1 30183522980
30183457198 1 34478490283
30183522980 1 30183588727
30183588727 1 34478621720
30183588822 1 30183654656
30200168754 1 30183457198
30200234246 1 30200299887
30200299887 1 34495332735
30200299888 1 34495332735
30200365329 1 30200431147
30200365330 1 30200431147
30200430676 1 25905528922
30200431147 1 30200431148
30215962673 1 30216945890
30216945890 1 30200234246
30216945891 1 30200234246
30234509431 1 30234509434
30234509431 1 30234640504
30249648196 1 25971523650
30249648196 1 30249648199
30249648196 1 30266490948
34478555722 1 34478621358
34478556032 1 34478621720
34478621358 1 30183719774
34495201660 1 34495267266
34495266950 1 30200365329
34495266953 1 34495332427
34495267266 1 34478555722
34495267344 1 34478555722
34495332427 1 30200430676
34495332529 1 30200430676
34495332735 1 43085529177
34511913031 1 17332437064
34511913031 1 34511978595
34511978537 1 34495266950
34511978595 1 34495266953
34511978596 1 34495266953
34527903828 1 13037600816
34527903828 1 21659844663
34527903830 1 13037600816
38773457506 1 34478556032
38789120224 1 38790103355
38790103355 1 38790169015
38790169015 1 38773457506
38790169016 1 38773457506
38790365402 1 43085529177
38805831830 1 38789120224
38806880289 1 38806945897
38806945897 1 43085201793
38822543452 1 38805831830
38822543453 1 38805831830
43068359158 1 43068424888
43068424888 1 43068424966
43068556097 1 43068621848
43068556098 1 43068621848
43117510719 1 17347706958
43117510720 1 17347706959
47363457634 1 43068556097
47380037992 1 43068359158
47380169016 1 43085267244
47380169172 1 43068490538
47395766375 1 17330995327
47395766376 1 47395831886
47395831886 1 17315266856
47412412481 1 47412478016
47412412481 1 47429451880
47412412481 1 47429451882
47412412496 1 47412478016
47412478016 1 21644836954
47429451777 1 21676687415
47429451777 1 21676687418
47429451777 1 47429451882
