67829770 1 68289195
68289195 1 68355060
68355060 1 85198285
68421146 1 4364435474
84083318 1 84083396
84083319 1 101843346
84083396 1 101843346
85198285 1 43036115038
101843346 1 118686202
101843347 1 118686202
102041085 1 102106894
102106894 1 102173069
118686202 1 47363392110
4345364868 1 4362207915
4345364900 1 4362207915
4362142020 1 4378984921
4364697629 1 4364828697
4364828697 1 4365156364
4364828700 1 4365156364
4378984921 1 84083318
4380297228 1 4380363459
4380363459 1 4380363460
4381409290 1 4381409292
4397139460 1 4397139461
8642756642 1 4364697629
8659533855 1 8659730457
8659730457 1 8659730459
8659730458 1 8659730459
8675000890 1 8675066709
8675066709 1 8675132579
8675132579 1 8675198579
8675132895 1 4381409290
8675198579 1 4380297228
8676245529 1 8676245531
8676245530 1 8676245531
8691909487 1 12986876784
8691909564 1 8691975289
8691975289 1 8692041023
8691975391 1 8692041023
8692041023 1 4397139460
8725725229 1 8742633511
12919308324 1 12936151072
12936085537 1 12936151074
12936151072 1 8642756642
12936151074 1 12954370097
12937855033 1 12937986099
12937855034 1 12937986099
12953191134 1 12953256961
12953191174 1 12954370095
12953191175 1 12954370095
12953256961 1 8675132895
12954370095 1 8659533862
12954370097 1 12954501174
12954370100 1 12954501174
12954501174 1 12954632248
12954632248 1 12954828834
12969968148 1 12986811056
12970165787 1 8692041629
12970165788 1 8692041629
12970166196 1 8676245529
12970231722 1 12987075144
12970232198 1 12971212827
12970232199 1 12971212827
12971212827 1 12971212828
12986811056 1 8691909564
12987008571 1 12987008572
12987074234 1 12987074235
17214210092 1 12936085537
17214210095 1 12936085537
17214210098 1 12919308324
17214472236 1 17349607484
17214472239 1 17349607484
17230987305 1 12953191134
17230987310 1 12953191174
17232691265 1 12937855033
17232691274 1 17249599557
17248158313 1 17265001311
17248158313 1 17265001366
17248158392 1 17248224206
17248158514 1 17248224321
17248224206 1 17265067422
17248224207 1 17265067422
17248224209 1 17265067420
17248224321 1 21560034720
17249337416 1 17249468480
17249599557 1 17249730626
17249730626 1 17249730627
17264935410 1 17281778358
17264935450 1 17281778358
17264935489 1 17265001311
17264935490 1 17265001311
17265001311 1 17265067183
17265001311 1 17265067185
17265001312 1 17265067341
17265001313 1 17265067187
17265001366 1 17265067339
17265001367 1 17265067339
17265001368 1 17265067341
17265067183 1 12970165787
17265067185 1 17265067263
17265067187 1 17281910307
17265067188 1 17281910307
17265067262 1 17265133190
17265067263 1 17265133190
17265067339 1 12970166196
17265067341 1 17265133393
17265067342 1 17265133393
17265067420 1 17265133599
17265067421 1 17265133599
17265067422 1 21560100804
17265067500 1 17266114621
17265067500 1 17266180136
17265067501 1 17266114621
17265067501 1 17266180136
17265067579 1 17265133500
17265133190 1 12970231722
17265133393 1 12970232198
17265133400 1 17265199503
17265133500 1 17265199382
17265133501 1 17265199382
17265133599 1 12971212834
17265199382 1 12970298083
17266114621 1 17266114624
17281712546 1 8725725229
17281712546 1 17298555351
17281778304 1 17298621148
17281778305 1 17298621148
17281778358 1 8691909487
17281778360 1 17281778417
17281778416 1 17281844166
17281778417 1 17281844166
17281844247 1 17281910001
17281844247 1 17281910101
17281910001 1 17281975757
17281910101 1 12987008571
17281910103 1 17281910104
17281910208 1 17281976000
17281910307 1 17281976118
17281910308 1 17281976118
17281975757 1 12987074234
17281975882 1 17282041841
17281975883 1 17282041841
17281976000 1 17282041992
17281976001 1 17282041992
17281976003 1 17281976004
17281976118 1 17282042143
17281976119 1 17282042143
17281976123 1 17282042148
17281976124 1 17282042148
17282042148 1 17282042149
17298555351 1 17315398050
17298621148 1 13003719299
17298621149 1 13003719299
17315725353 1 17315725355
17315725353 1 17315856423
17332568134 1 17332699200
17332699200 1 17349607484
21492465719 1 21492531255
21492465722 1 21492531255
21492531255 1 21492596791
21492531258 1 21492596791
21492596791 1 21492662327
21492596794 1 21492662327
21492662327 1 21492727863
21492662330 1 21492727863
21492727863 1 21492727866
21509111863 2 21509177399
21509111866 2 21509177399
21509177391 1 12919308324
21509177399 1 21509177404
21509177399 5 21509242935
21509177399 2 21509242938
21509177399 1 21526020149
21509177399 1 21526020151
21509177402 5 21509242935
21509177402 2 21509242938
21509177404 1 21509242935
21509242935 9 21509308471
21509242935 1 21509308474
21509242938 9 21509308471
21509242938 3 21509308474
21509308471 8 21509374007
21509308471 1 21509374008
21509308471 2 21509374010
21509308474 8 21509374007
21509308474 1 21509374009
21509308474 4 21509374010
21509374007 3 21509439543
21509374007 1 21509439544
21509374007 4 21509439545
21509374007 1 21509505081
21509374008 1 21509439544
21509374009 1 21509439544
21509374009 2 21509439545
21509374010 3 21509439543
21509374010 8 21509439545
21509374010 1 21509505081
21509374011 2 21509439545
21509439543 1 21509505079
21509439543 2 21509505081
21509439543 1 21509505082
21509439544 2 21509505080
21509439545 2 21509505080
21509439545 18 21509505081
21509439546 5 21509505081
21509439546 2 21509505082
21509439547 12 21509505081
21509505080 1 21511274579
21509505080 1 21511405651
21509505080 1 21511405654
21509505081 7 21509505083
21509505081 4 21511274582
21509505081 4 21511274586
21509505081 1 21511405651
21509505081 7 21511405654
21509505081 4 21511405658
21509505081 1 21527920730
21509505083 2 21511274582
21509505083 1 21511274586
21509505083 3 21511405658
21511143514 1 21511274582
21511274582 5 21511405654
21511274586 3 21511405654
21511274586 15 21511405658
21511405651 1 21511405654
21511405654 3 21511405658
21525234033 1 21542077014
21525234033 1 21542077016
21525234064 1 21542077013
21525234064 1 21542077065
21525234065 1 21542077013
21525234065 1 21542077066
21525234065 2 21542077067
21525234095 1 21525299900
21525234096 1 21525299900
21525234096 1 21542077116
21525234096 1 21542077117
21525234097 1 21542077117
21525234097 1 21542077119
21525234097 1 21543125651
21525299900 1 17248158313
21525299904 1 21542143007
21525889079 3 21525954615
21525889079 2 21525954616
21525889079 1 21525954618
21525889082 3 21525954615
21525889082 1 21525954618
21525954612 1 21526020149
21525954615 3 21526020152
21525954615 1 21526020154
21525954616 1 21526020152
21525954616 1 21526020153
21525954617 1 21526020152
21525954618 1 21526020152
21525954618 2 21526020154
21526020149 1 21526085683
21526020149 1 21543125812
21526020150 1 21526085683
21526020151 1 21526085688
21526020152 1 21526085686
21526020152 2 21526085688
21526020153 2 21526085688
21526020153 2 21526085689
21526020154 3 21526085689
21526020155 1 21526085689
21526085683 1 21527527501
21526085685 1 17232691265
21526085686 1 17232691265
21526085686 1 21527658576
21526085688 3 21526151224
21526085689 1 21526151224
21526085689 5 21526151225
21526085689 1 21527658579
21526085689 1 25822625885
21526085691 2 21526151225
21526151224 2 21526216758
21526151224 1 21527789651
21526151225 5 21526216761
21526151225 3 21527789654
21526151225 1 21527920723
21526151227 3 21526216761
21526151227 1 21527789654
21526151227 1 21527920723
21526216761 5 21527920726
21526216761 1 21527920730
21526282299 1 21511143514
21527527501 1 17232691274
21527527510 1 21544435795
21527658579 1 21527789648
21527789651 1 21527920723
21527789654 1 21527920723
21527789654 2 21527920726
21527789658 1 21527920726
21527789658 1 21527920730
21527920723 3 21528051795
21527920726 1 21511274579
21527920726 2 21528051795
21527920726 6 21528051798
21527920730 5 21528051798
21527920730 2 21528051802
21527920730 1 21528051803
21528051795 2 21528182867
21528051795 1 21528182868
21528051798 1 21511405654
21528051798 1 21528182867
21528051798 1 21528182868
21528051798 5 21528182870
21528051798 2 21528182871
21528051802 1 21511405654
21528051802 2 21528182874
21528051802 4 21528182875
21528051803 1 21528182871
21528051803 1 21528182875
21528182868 1 21528182871
21528182874 1 21528182875
21542011217 1 21542076963
21542011249 1 21542077014
21542076963 1 21558919989
21542077013 1 21558919984
21542077014 2 21558920064
21542077015 1 21558920063
21542077015 1 21558920064
21542077016 1 25853887364
21542077065 1 21542143002
21542077066 1 21542142925
21542077067 1 21558920064
21542077067 1 21559902789
21542077068 1 21542142928
21542077116 1 17248158313
21542077117 1 21542143002
21542077117 1 21542143003
21542077118 1 21542143003
21542077119 1 21542143005
21542077120 1 21543125692
21542142925 1 21559902747
21542142928 1 21559902828
21542142929 1 21559902828
21542142930 1 21559902749
21542143002 1 17264935489
21542143002 1 21559902826
21542143003 1 21559902787
21542143003 1 21559902826
21542143005 1 21559902788
21542143007 1 21559902828
21542731830 1 21543125691
21543125651 1 17248224209
21543125653 1 21559968723
21543125691 1 21543191562
21543125692 1 21543191618
21543125731 1 21543191562
21543125812 1 21543191675
21543125812 1 21544304723
21543191510 1 21560034724
21543191562 1 17265067500
21543191618 1 17249337416
21543191675 1 17265067579
21543257665 1 21560100908
21544304723 1 21544435803
21544304726 1 21544435793
21544435795 1 21544566868
21544435801 1 21544632366
21544435801 1 21544632370
21544435803 1 25839534172
21544566868 1 21544697938
21544566873 1 21544763442
21544632370 1 21544632373
21544632371 1 21544632373
21544697938 1 21544894510
21544763442 1 21544763444
21544894510 1 21545025582
21544894516 1 21545025587
21545025582 1 21545025583
21558919984 1 42983948386
21558919989 1 25871647222
21558920063 1 17264935410
21558920064 1 21559902707
21558920064 2 21559902747
21558920068 1 21559902749
21559902707 1 17281778304
21559902747 1 17281778360
21559902747 1 17281844247
21559902747 1 21559968497
21559902749 2 21559968500
21559902787 1 17265001313
21559902787 1 17281844247
21559902788 1 21559968554
21559902789 1 21559968556
21559902789 1 21559968558
21559902790 1 21559968556
21559902826 1 17265001312
21559902828 1 21559968612
21559902828 1 21559968667
21559902829 1 21559968612
21559968497 1 17281844247
21559968498 1 17281844247
21559968500 1 21576811546
21559968500 1 21576811547
21559968501 1 21576811548
21559968502 1 21576811548
21559968554 1 21560034407
21559968555 1 21560034407
21559968556 1 21576811624
21559968557 1 21576811624
21559968558 1 21560034411
21559968558 1 25855001788
21559968612 1 21560034487
21559968667 1 21560034642
21559968723 1 17265067500
21559968724 1 17265067500
21560034407 1 17281910208
21560034411 1 21576877508
21560034412 1 21576877508
21560034487 1 21560100392
21560034642 1 17265133400
21560034724 1 21560100905
21560034803 1 21561081938
21560100392 1 17281976123
21560100603 1 21560100604
21560100604 1 21560166571
21560100905 1 21561147436
21560100908 1 21561147439
21560166571 1 17266180135
21560166691 1 17266180134
21560166692 1 17266180134
21560233008 1 21560233009
21561081938 1 17249665064
21576679845 1 21593522707
21576679925 1 21576745603
21576745603 1 17281844012
21576745604 1 21593588449
21576745605 1 21593588449
21576745718 1 21576811472
21576811472 1 21576877306
21576811546 1 17281910103
21576811547 1 21576877404
21576811548 1 21576877404
21576811549 1 21576877404
21576877306 1 17282041695
21576877404 1 17281975880
21576877404 1 17281975882
21576877508 1 17281976003
21576943071 1 21577008853
21576943431 1 21576943432
21593522707 1 17315398133
21610430924 1 21610431027
21610431026 1 17315856423
21610431027 1 17315856423
21610496176 1 17315725354
21610496176 1 17315725355
25787301951 1 25804144698
25787367479 3 25787367484
25787367482 1 21492465719
25787367482 1 25787367487
25787367482 2 25787433015
25787367482 4 25787433018
25787367484 1 21492465719
25787367484 1 25787367490
25787367484 2 25787433015
25787367484 3 25787433018
25787367484 1 25787433020
25787367487 2 25787367492
25787367487 1 25787433018
25787367487 2 25787433020
25787367487 1 25787433023
25787367490 1 25787433020
25787367490 3 25787433023
25787367492 2 25787433023
25787433015 3 25787433020
25787433018 2 25787433023
25787433018 1 25787498551
25787433018 6 25787498554
25787433020 2 25787433026
25787433020 2 25787498551
25787433020 8 25787498554
25787433020 2 25787498556
25787433023 1 25787433028
25787433023 2 25787498554
25787433023 4 25787498556
25787433023 2 25787498559
25787433026 2 25787498556
25787433026 2 25787498559
25787433026 2 25787498562
25787433028 2 25787498562
25787498551 2 25787564087
25787498554 2 25787564087
25787498554 9 25787564090
25787498554 2 25787564092
25787498556 9 25787564090
25787498556 7 25787564092
25787498556 1 25787564095
25787498559 5 25787564092
25787498559 4 25787564095
25787498562 3 25787564095
25787498562 2 30082531394
25787498564 2 30082531394
25787564087 2 25787629626
25787564090 11 25787629626
25787564090 2 25787629628
25787564092 9 25787629626
25787564092 11 25787629628
25787564092 1 25787629631
25787564095 6 25787629628
25787564095 7 25787629631
25787564098 5 25787629631
25787564098 1 25787629634
25787564100 1 30082596930
25787629626 8 25787695162
25787629626 2 25787695164
25787629628 6 25787695162
25787629628 11 25787695164
25787629628 2 25787695167
25787629631 2 25787695164
25787629631 9 25787695167
25787629631 3 25787695170
25787629634 2 25787695167
25787629634 5 25787695170
25787695162 5 25787695164
25787695164 2 25787695167
25787695167 2 25787695170
25803358377 1 25804079164
25803358377 1 25820201395
25803358377 5 25820856380
25803358378 5 25820856386
25803358393 2 21525234033
25803358393 1 21525234064
25803358393 5 21525889079
25803358393 1 21542011217
25803358393 1 21542011249
25803358393 4 25803358410
25803358393 1 25804079159
25803358393 38 25804079162
25803358393 23 25804079164
25803358393 1 25804144698
25803358393 2 25820201330
25803358393 1 25820201332
25803358393 1 25820201361
25803358393 1 25820201362
25803358393 29 25820856378
25803358393 16 25820856380
25803358393 1 25836978515
25803358393 2 25836978546
25803358393 1 38722994809
25803358394 1 12969968148
25803358394 1 21525234033
25803358394 1 21542011217
25803358394 1 25803358411
25803358394 3 25804079162
25803358394 43 25804079164
25803358394 31 25804079167
25803358394 12 25804079170
25803358394 1 25804144703
25803358394 1 25820201329
25803358394 1 25820201330
25803358394 1 25820201331
25803358394 1 25820201332
25803358394 2 25820201362
25803358394 1 25820201394
25803358394 4 25820201395
25803358394 3 25820856378
25803358394 17 25820856380
25803358394 18 25820856383
25803358394 8 25820856386
25803358394 1 25820921922
25803358394 1 25836978516
25803358394 2 25836978546
25803358394 2 25836978547
25803358394 1 25836978548
25803358394 1 30098325707
25803358394 1 30099046466
25803358394 1 30115168629
25803358394 1 30115168661
25803358394 4 30115823682
25803358394 1 30115823684
25803358394 1 30131945814
25803358394 1 30131945846
25803358395 1 25820856386
25803358395 2 30099046466
25803358409 1 4345364868
25803358409 2 21509111863
25803358409 1 21525234065
25803358409 1 21525234096
25803358409 1 21525889079
25803358409 2 25804079159
25803358409 20 25804079162
25803358409 10 25804079164
25803358409 1 25820201363
25803358409 1 25820201364
25803358409 1 25820856378
25803358409 1 30115168661
25803358409 1 30115823684
25803358409 1 43034739287
25803358410 1 4362142020
25803358410 1 8675000890
25803358410 1 21525234065
25803358410 3 25804079162
25803358410 14 25804079164
25803358410 18 25804079167
25803358410 2 25804079170
25803358410 1 25820201362
25803358410 3 25820201363
25803358410 1 25820201364
25803358410 1 25820201395
25803358410 1 25820856380
25803358410 2 30115168660
25803358410 2 30115168661
25803358410 1 30115823684
25803358410 1 34444804607
25803358410 1 38739771986
25803358410 1 43034739207
25803358411 2 30099046466
25803358411 1 30115168660
25803358425 1 21525234064
25803358425 1 21525234065
25803358425 1 21525234095
25803358425 1 21525234096
25803358425 2 21525234097
25803358425 2 25804079162
25803358425 1 25820201363
25803358425 2 25820201394
25803358425 1 25820201395
25803358425 1 34444804688
25803358426 2 21525234065
25803358426 2 21525234097
25803358426 2 25804079164
25803358426 3 25804079167
25803358426 1 25820201363
25803358426 2 25820201394
25803358426 3 25820201395
25803358426 1 25820201396
25803358426 1 30099046466
25803358426 3 30115168693
25803358426 1 30133060250
25803358426 1 42983948384
25804079159 6 21509177399
25804079159 1 21525954612
25804079159 94 25804079164
25804079159 14 25804144695
25804079159 8 25804144698
25804079159 1 25804210234
25804079162 1 17230987310
25804079162 7 21509177399
25804079162 1 21525954612
25804079162 1 25787301951
25804079162 3 25787367479
25804079162 1 25804079164
25804079162 131 25804079167
25804079162 80 25804144695
25804079162 258 25804144698
25804079162 20 25804144700
25804079162 1 25804210234
25804079162 4 25820921914
25804079162 1 25820921919
25804079162 1 30133060290
25804079162 1 30133060291
25804079164 1 17230987310
25804079164 1 17248158392
25804079164 1 21509177391
25804079164 2 21509177399
25804079164 1 21525954615
25804079164 3 25787367479
25804079164 5 25787367482
25804079164 1 25804079167
25804079164 108 25804079170
25804079164 67 25804144695
25804079164 313 25804144698
25804079164 231 25804144700
25804079164 23 25804144703
25804079164 3 25820921914
25804079164 9 25820921916
25804079164 1 25820921918
25804079164 1 25820921919
25804079164 1 30133060290
25804079164 1 30133060291
25804079167 1 17248158392
25804079167 1 21509177399
25804079167 1 21525954615
25804079167 5 25787367482
25804079167 1 25787367484
25804079167 1 25787367487
25804079167 106 25804079172
25804079167 94 25804144698
25804079167 272 25804144700
25804079167 249 25804144703
25804079167 16 25804144706
25804079167 1 25820921914
25804079167 6 25820921916
25804079167 1 25820921918
25804079167 2 25820921919
25804079167 1 25820921920
25804079167 1 25820921922
25804079170 1 17214210092
25804079170 1 17230987305
25804079170 1 21542731830
25804079170 1 25787367484
25804079170 3 25787367487
25804079170 80 25804144700
25804079170 281 25804144703
25804079170 87 25804144706
25804079170 1 25804210242
25804079170 1 25820921919
25804079170 1 25820921920
25804079170 1 25820921922
25804079170 8 30099112002
25804079170 1 30099112004
25804079172 1 17230987305
25804079172 1 21542731830
25804079172 2 25787367487
25804079172 1 25804144700
25804079172 79 25804144703
25804079172 55 25804144706
25804079172 6 30099112002
25804079172 1 30099112004
25804079172 1 34410856530
25804144695 3 21509242935
25804144695 1 21509242938
25804144695 51 25804144700
25804144695 6 25804210231
25804144695 20 25804210234
25804144698 5 21509242935
25804144698 1 21509242938
25804144698 1 25787433015
25804144698 1 25787433018
25804144698 61 25804144703
25804144698 28 25804210231
25804144698 304 25804210234
25804144698 27 25804210236
25804144698 1 25804275773
25804144698 2 25820987450
25804144698 1 25820987452
25804144700 1 21509242935
25804144700 1 25787433015
25804144700 3 25787433018
25804144700 46 25804144706
25804144700 22 25804210231
25804144700 274 25804210234
25804144700 272 25804210236
25804144700 40 25804210239
25804144700 1 25804275772
25804144700 1 25804275773
25804144700 1 25820987450
25804144700 3 25820987452
25804144703 2 25787433018
25804144703 2 25787433020
25804144703 1 25804144706
25804144703 53 25804144708
25804144703 40 25804210234
25804144703 205 25804210236
25804144703 298 25804210239
25804144703 41 25804210242
25804144703 1 25804275775
25804144703 1 25820987452
25804144703 1 30115954761
25804144706 2 25787433020
25804144706 1 25787433026
25804144706 18 25804210236
25804144706 225 25804210239
25804144706 138 25804210242
25804144706 1 25804275775
25804144706 1 25821052995
25804144706 11 30099177538
25804144706 1 30115954761
25804144708 1 25787433026
25804144708 27 25804210239
25804144708 56 25804210242
25804144708 9 30099177538
25804210231 10 25804210236
25804210231 7 25804275767
25804210231 11 25804275770
25804210234 1 21509308471
25804210234 1 21509308474
25804210234 1 25787498551
25804210234 3 25787498554
25804210234 3 25804210236
25804210234 14 25804210239
25804210234 9 25804275767
25804210234 2 25804275769
25804210234 287 25804275770
25804210234 9 25804275771
25804210234 42 25804275772
25804210234 1 25804341305
25804210234 2 25804341307
25804210234 1 25804341308
25804210234 1 25804341309
25804210234 1 25821052987
25804210236 1 21526085685
25804210236 3 25787498554
25804210236 2 25787498556
25804210236 7 25804210242
25804210236 2 25804275767
25804210236 186 25804275770
25804210236 278 25804275772
25804210236 5 25804275773
25804210236 9 25804275774
25804210236 31 25804275775
25804210236 1 25804341308
25804210236 3 25804341309
25804210236 5 25804341310
25804210236 1 25804341312
25804210239 1 21526085685
25804210239 2 25787498556
25804210239 1 25787498559
25804210239 10 25804210244
25804210239 4 25804275770
25804210239 155 25804275772
25804210239 5 25804275774
25804210239 287 25804275775
25804210239 7 25804275776
25804210239 9 25804275777
25804210239 28 25804275778
25804210239 1 25804275779
25804210239 2 25804341310
25804210239 6 25804341312
25804210239 5 25804341313
25804210239 3 25821052992
25804210242 1 25787498559
25804210242 2 25804275772
25804210242 159 25804275775
25804210242 10 25804275777
25804210242 144 25804275778
25804210242 5 25804275779
25804210242 1 25804275780
25804210242 4 25804341313
25804210242 1 25804341314
25804210242 3 25804341315
25804210242 1 25821052995
25804210242 1 25838093071
25804210242 8 30099243074
25804210244 3 25804275775
25804210244 32 25804275778
25804210244 1 25804275780
25804210244 1 25804341314
25804210244 7 30099243074
25804275767 1 21509374007
25804275767 3 25804341303
25804275767 5 25804341306
25804275769 1 21509374009
25804275769 1 25804341305
25804275770 1 21509374007
25804275770 2 21509374010
25804275770 2 25787564090
25804275770 3 25804341303
25804275770 7 25804341305
25804275770 217 25804341306
25804275770 35 25804341307
25804275770 26 25804341308
25804275770 3 25804341309
25804275770 1 25804406841
25804275770 3 25804406843
25804275770 1 25804406845
25804275771 1 21509374009
25804275771 2 25804341305
25804275771 8 25804341307
25804275772 2 25787564090
25804275772 3 25787564092
25804275772 117 25804341306
25804275772 215 25804341308
25804275772 24 25804341309
25804275772 31 25804341310
25804275772 27 25804341311
25804275772 1 25804406844
25804275772 4 25804406845
25804275772 4 25804406846
25804275772 1 25804406848
25804275773 4 25804341307
25804275773 5 25804341309
25804275773 1 25804341310
25804275774 5 25804341309
25804275774 6 25804341310
25804275774 3 25804341312
25804275774 1 25821118526
25804275775 3 25787564092
25804275775 2 25787564095
25804275775 87 25804341308
25804275775 13 25804341310
25804275775 222 25804341311
25804275775 29 25804341312
25804275775 21 25804341313
25804275775 25 25804341314
25804275775 1 25804406846
25804275775 1 25804406847
25804275775 7 25804406848
25804275775 1 25804406849
25804275775 1 25804472384
25804275776 3 25804341310
25804275776 8 25804341312
25804275776 1 25821118528
25804275777 6 25804341312
25804275777 7 25804341313
25804275777 4 25804341315
25804275777 1 25821118528
25804275777 1 25821118529
25804275778 2 25787564095
25804275778 1 25787564098
25804275778 95 25804341311
25804275778 18 25804341313
25804275778 118 25804341314
25804275778 20 25804341315
25804275778 1 25804406847
25804275778 3 25804406849
25804275778 3 25804406851
25804275778 8 30099308610
25804275778 1 30099308611
25804275778 1 30099374149
25804275779 5 25804341313
25804275779 7 25804341315
25804275779 1 25821118531
25804275780 1 25787564098
25804275780 9 25804341314
25804275780 4 30099308610
25804275781 2 25804341315
25804275781 1 25821118531
25804341303 1 21509439543
25804341303 2 25804406842
25804341305 5 21509439545
25804341305 1 21509505081
25804341305 1 25804406841
25804341305 3 25804406843
25804341306 1 21509439543
25804341306 3 21509439545
25804341306 4 21509439546
25804341306 1 21509505081
25804341306 4 25804406841
25804341306 125 25804406842
25804341306 40 25804406843
25804341306 20 25804406844
25804341306 15 25804406845
25804341306 2 25804472379
25804341306 6 25804472381
25804341307 5 21509439545
25804341307 1 21509505081
25804341307 2 25804406841
25804341307 37 25804406843
25804341307 8 25804406845
25804341307 1 25804472379
25804341307 1 25821184059
25804341308 53 25804406842
25804341308 2 25804406843
25804341308 134 25804406844
25804341308 54 25804406845
25804341308 40 25804406846
25804341308 13 25804406847
25804341308 1 25804406848
25804341308 1 25804472379
25804341308 1 25804472380
25804341308 3 25804472381
25804341308 8 25804472382
25804341309 24 25804406843
25804341309 35 25804406845
25804341309 6 25804406846
25804341309 1 25804472379
25804341309 1 25804472381
25804341310 20 25804406845
25804341310 42 25804406846
25804341310 9 25804406848
25804341310 1 25804472381
25804341310 1 25821184061
25804341311 1 8659533855
25804341311 3 25787629631
25804341311 45 25804406844
25804341311 13 25804406846
25804341311 127 25804406847
25804341311 47 25804406848
25804341311 23 25804406849
25804341311 23 25804406850
25804341311 3 25804472382
25804341311 6 25804472384
25804341311 1 25804472385
25804341312 1 21543125812
25804341312 1 25804341313
25804341312 24 25804406846
25804341312 43 25804406848
25804341312 7 25804406849
25804341312 2 25821184064
25804341313 1 17214472236
25804341313 20 25804406848
25804341313 44 25804406849
25804341313 9 25804406851
25804341313 1 25804472387
25804341313 1 25821184064
25804341313 1 34411118670
25804341314 1 8659533855
25804341314 1 25787629634
25804341314 45 25804406847
25804341314 19 25804406849
25804341314 91 25804406850
25804341314 20 25804406851
25804341314 1 25804406853
25804341314 2 25804472385
25804341314 1 25804472386
25804341314 6 25804472387
25804341314 3 30099374146
25804341314 2 30099374147
25804341314 1 30099439683
25804341314 1 30099439685
25804341315 24 25804406849
25804341315 36 25804406851
25804341315 2 25804472387
25804341315 1 25822494820
25804341315 2 30099374147
25804341315 1 30099374149
25804341316 1 25787629634
25804341316 1 25804406850
25804341317 10 25804406851
25804341317 1 25804472387
25804341317 2 30099374147
25804341317 1 30099374149
25804406841 5 21509505081
25804406841 2 25804472377
25804406842 1 21509505081
25804406842 1 21509505082
25804406842 3 25804406844
25804406842 5 25804472377
25804406842 70 25804472378
25804406842 28 25804472379
25804406842 5 25804472380
25804406842 7 25804472381
25804406843 6 21509505081
25804406843 1 25804406845
25804406843 6 25804472377
25804406843 64 25804472379
25804406843 10 25804472381
25804406843 1 25821249595
25804406844 1 25804406847
25804406844 22 25804472378
25804406844 2 25804472379
25804406844 83 25804472380
25804406844 26 25804472381
25804406844 13 25804472382
25804406844 9 25804472383
25804406845 1 25804406846
25804406845 34 25804472379
25804406845 90 25804472381
25804406845 15 25804472382
25804406845 1 25806372957
25804406846 1 17248158514
25804406846 1 25804406848
25804406846 32 25804472381
25804406846 96 25804472382
25804406846 9 25804472384
25804406846 1 25806241892
25804406847 2 25787695167
25804406847 2 25804406850
25804406847 19 25804472380
25804406847 5 25804472382
25804406847 80 25804472383
25804406847 29 25804472384
25804406847 15 25804472385
25804406847 6 25804472386
25804406848 48 25804472382
25804406848 89 25804472384
25804406848 12 25804472385
25804406848 1 25806241892
25804406848 2 25806241895
25804406848 1 25821249600
25804406848 1 30134370420
25804406849 37 25804472384
25804406849 81 25804472385
25804406849 8 25804472387
25804406849 2 25806241895
25804406849 2 25821249601
25804406849 1 30134370420
25804406850 18 25804472383
25804406850 27 25804472385
25804406850 45 25804472386
25804406850 18 25804472387
25804406850 1 30099439682
25804406850 2 30099439683
25804406851 1 25804406853
25804406851 34 25804472385
25804406851 59 25804472387
25804406851 1 25821249601
25804406851 2 30099439683
25804406851 3 30099439685
25804406853 13 25804472387
25804406853 2 30099439683
25804406853 3 30099439685
25804472377 1 21509505083
25804472377 1 21511274586
25804472377 1 21511405658
25804472377 8 25804472379
25804472378 17 25804472380
25804472379 2 21511274582
25804472379 12 21511274586
25804472379 4 21511405658
25804472379 26 25804472381
25804472379 13 25806241882
25804472379 7 25806241885
25804472379 8 25806372954
25804472379 13 25806372957
25804472379 1 25822888026
25804472379 1 25822888029
25804472380 12 25804472383
25804472381 1 21511274586
25804472381 23 25804472382
25804472381 3 25806110813
25804472381 3 25806241882
25804472381 23 25806241885
25804472381 15 25806241889
25804472381 1 25806241892
25804472381 5 25806372954
25804472381 37 25806372957
25804472381 14 25806372961
25804472381 2 25822888029
25804472382 16 25804472384
25804472382 3 25806110817
25804472382 6 25806241885
25804472382 32 25806241889
25804472382 11 25806241892
25804472382 9 25806372957
25804472382 35 25806372961
25804472382 12 25806372964
25804472382 1 25822888026
25804472382 2 25822888033
25804472383 8 25804472386
25804472384 1 68421146
25804472384 24 25804472385
25804472384 2 25806110820
25804472384 1 25806110823
25804472384 1 25806241885
25804472384 11 25806241889
25804472384 27 25806241892
25804472384 3 25806241895
25804472384 20 25806372961
25804472384 40 25806372964
25804472384 5 25806372967
25804472384 1 25822888036
25804472385 1 68421146
25804472385 32 25804472387
25804472385 2 25806110820
25804472385 1 25806110823
25804472385 10 25806241892
25804472385 31 25806241895
25804472385 1 25806241898
25804472385 1 25806372961
25804472385 29 25806372964
25804472385 21 25806372967
25804472385 1 25806372970
25804472385 1 25822888039
25804472387 18 25804472389
25804472387 1 25806110826
25804472387 20 25806241895
25804472387 8 25806241898
25804472387 14 25806372967
25804472387 9 25806372970
25804472387 1 25822888039
25804472387 2 30101078122
25804472387 13 30101209194
25804472387 5 30101340266
25804472387 1 30101340269
25804472389 1 25806372970
25804472389 5 30101209194
25804472389 5 30101340266
25804472389 1 30101340269
25806110813 3 25806241885
25806110813 1 25823019098
25806110817 2 25806241885
25806110817 2 25806241889
25806110817 1 25823019105
25806110820 4 25806241892
25806110820 1 25823019108
25806110823 1 25806241892
25806110823 2 25806241895
25806110826 1 25806241898
25806241882 15 25806372954
25806241882 1 25806372957
25806241885 2 25806372954
25806241885 28 25806372957
25806241885 2 25806372961
25806241889 5 25806372957
25806241889 49 25806372961
25806241889 4 25806372964
25806241892 4 25806372961
25806241892 47 25806372964
25806241892 2 25806372967
25806241895 5 25806372964
25806241895 41 25806372967
25806241895 1 25806372970
25806241898 4 25806372967
25806241898 8 25806372970
25806241898 1 30101340266
25806372954 8 25806372957
25806372957 13 25806372961
25806372961 17 25806372964
25806372964 15 25806372967
25806372967 5 25806372970
25820135610 1 25820201332
25820135610 1 25820201395
25820135610 2 25820856380
25820135610 1 25836978515
25820201329 1 21542077015
25820201330 1 21542077015
25820201330 1 21542077068
25820201330 1 25837044313
25820201331 1 25837044314
25820201332 1 25837044316
25820201332 1 25837044368
25820201361 1 21542077120
25820201362 1 21542077120
25820201362 1 25820856381
25820201362 1 25837044365
25820201362 1 25837044417
25820201363 1 25820201364
25820201363 1 25837044314
25820201363 1 25837044315
25820201363 1 25837044365
25820201364 1 30132011666
25820201394 1 21525299904
25820201394 1 25820856379
25820201394 1 25837044417
25820201394 1 25838092911
25820201395 1 25820856381
25820201395 2 25820856383
25820201395 1 25820856384
25820201395 1 25837044367
25820201395 1 25837044418
25820201395 1 25837633598
25820201395 1 25838092950
25820201396 1 25820856384
25820201396 1 25837044367
25820856378 25 25820921914
25820856378 1 25820921915
25820856378 4 25820921916
25820856379 1 25820921915
25820856380 13 25820921914
25820856380 24 25820921916
25820856380 2 25820921917
25820856380 1 25820921918
25820856380 2 25820921919
25820856380 1 25820987454
25820856381 1 25820921915
25820856381 1 25820921917
25820856381 1 25820921918
25820856382 1 25820921917
25820856382 1 25820921918
25820856383 4 25820921916
25820856383 17 25820921919
25820856383 2 25820921920
25820856383 1 25820921922
25820856383 1 25820987454
25820856383 1 25820987456
25820856384 1 25820921920
25820856385 1 25820921920
25820856386 4 25820921919
25820856386 14 25820921922
25820921914 1 21526020153
25820921914 1 21526020154
25820921914 1 25820987449
25820921914 10 25820987450
25820921914 10 25820987451
25820921914 1 25820987452
25820921914 1 25820987453
25820921914 3 25821052987
25820921914 2 25821052989
25820921915 1 25820987453
25820921915 1 25838093110
25820921916 2 25820987450
25820921916 3 25820987451
25820921916 12 25820987452
25820921916 10 25820987453
25820921916 5 25820987454
25820921916 1 25820987455
25820921916 2 25821052987
25820921916 4 25821052989
25820921916 4 25821052990
25820921917 3 25820987453
25820921917 1 25838093110
25820921917 1 25838093111
25820921918 1 25820987453
25820921918 2 25820987454
25820921918 1 25838093071
25820921918 1 25838093111
25820921919 4 25820987452
25820921919 2 25820987454
25820921919 8 25820987455
25820921919 5 25820987456
25820921919 5 25820987457
25820921919 2 25821052992
25820921920 2 25820987454
25820921920 3 25820987456
25820921921 1 25820987456
25820921922 2 25820987455
25820921922 3 25820987457
25820921922 8 25820987458
25820921922 4 25820987459
25820921922 1 25820987461
25820921922 1 30115954754
25820921922 1 30115954755
25820987449 1 21526085689
25820987450 3 25821052985
25820987450 8 25821052987
25820987450 1 25821052989
25820987451 2 21526085689
25820987451 1 21527527510
25820987451 9 25821052987
25820987452 1 25821052987
25820987452 7 25821052989
25820987452 9 25821052990
25820987453 1 21526085689
25820987453 5 25821052987
25820987453 9 25821052989
25820987453 3 25821052990
25820987454 6 25821052989
25820987454 10 25821052990
25820987454 1 25821052992
25820987454 1 25822494820
25820987454 1 25838093110
25820987455 3 25821052990
25820987455 5 25821052992
25820987455 2 25821052993
25820987456 2 25821052990
25820987456 5 25821052992
25820987456 2 25821052993
25820987456 1 25822494817
25820987456 1 25822625895
25820987456 1 30117593194
25820987457 2 25821052992
25820987457 6 25821052993
25820987457 1 25821052995
25820987457 1 25838093112
25820987458 2 25821052993
25820987458 6 25821052995
25820987459 1 25821052993
25820987459 2 25821052995
25820987459 3 30116020291
25820987461 1 25821052995
25820987461 3 30116020291
25821052985 2 21526151225
25821052985 1 25821118521
25821052987 4 21526151225
25821052987 1 25821118521
25821052987 17 25821118523
25821052987 1 25821118525
25821052987 1 25822625882
25821052989 12 25821118523
25821052989 18 25821118525
25821052989 2 25821118526
25821052989 1 25822625882
25821052989 1 25822625892
25821052990 1 25821052992
25821052990 12 25821118525
25821052990 19 25821118526
25821052990 2 25821118528
25821052990 1 25822494817
25821052990 2 25822625889
25821052990 1 25822625892
25821052992 8 25821118526
25821052992 14 25821118528
25821052992 3 25821118529
25821052993 6 25821118528
25821052993 10 25821118529
25821052993 2 25821118531
25821052995 1 25821118529
25821052995 11 25821118531
25821052995 2 30116085829
25821052997 2 25821118531
25821052997 2 30116085829
25821118521 1 21526216761
25821118523 1 21526216761
25821118523 1 21527789658
25821118523 10 25821184059
25821118523 1 25821184061
25821118523 2 25822756954
25821118523 2 25822756957
25821118523 1 25822888033
25821118525 4 25821184059
25821118525 12 25821184061
25821118525 2 25821184062
25821118525 2 25822756957
25821118525 3 25822756961
25821118525 1 25822888033
25821118526 8 25821184061
25821118526 12 25821184062
25821118526 4 25821184064
25821118526 1 25822756957
25821118526 3 25822756961
25821118526 1 25822756964
25821118528 5 25821184062
25821118528 13 25821184064
25821118528 1 25821184065
25821118528 2 25822625892
25821118528 1 25822625895
25821118528 1 25822756967
25821118529 5 25821184064
25821118529 8 25821184065
25821118529 2 25822625895
25821118529 2 25822756967
25821118529 1 30117724266
25821118531 7 25821184067
25821118531 1 25822756967
25821118531 3 30116151365
25821118531 2 30117724266
25821118531 1 30117724269
25821118533 1 25821184067
25821118533 3 30116151365
25821184059 1 21526282299
25821184059 2 21527920726
25821184059 2 21527920730
25821184059 3 25822756954
25821184059 3 25822888029
25821184061 1 21527920730
25821184061 1 25821184062
25821184061 1 25822888026
25821184061 9 25822888029
25821184061 2 25822888033
25821184062 1 25821249598
25821184062 1 25821249600
25821184062 1 25822756961
25821184062 4 25822888029
25821184062 5 25822888033
25821184062 2 25822888036
25821184062 1 25822888039
25821184064 3 25821249600
25821184064 4 25822888033
25821184064 4 25822888036
25821184064 3 25822888039
25821184065 2 25821249600
25821184065 1 25821249601
25821184065 3 25822756967
25821184065 1 25822888033
25821184065 2 25822888036
25821184065 2 25822888039
25821184067 1 25822756967
25821184067 3 25822888039
25821184067 2 25822888042
25821184067 1 30117855338
25821184069 1 30117855338
25821249595 1 21527920730
25821249598 1 25806110813
25821249600 4 25822888036
25821249601 1 25822888036
25821249601 3 25822888039
25821249603 1 25822888039
25822494817 1 25822625889
25822494817 1 25839403101
25822494820 1 21544435801
25822494820 1 25822625889
25822494820 1 25822625895
25822625882 1 21527789658
25822625885 1 25822756961
25822625889 2 25822756961
25822625889 1 25822756964
25822625892 3 25822756964
25822625892 1 25822756967
25822625895 4 25822756967
25822756954 5 25822888026
25822756957 2 25822888026
25822756957 3 25822888029
25822756961 1 25822888029
25822756961 1 25822888030
25822756961 2 25822888032
25822756961 5 25822888033
25822756961 2 25822888036
25822756964 2 25822888036
25822756964 1 25822888038
25822756964 1 25822888039
25822756967 1 25822888035
25822756967 1 25822888036
25822756967 1 25822888038
25822756967 5 25822888039
25822756967 1 25822888041
25822756967 3 25822888042
25822756970 1 25822888042
25822888026 5 21528051802
25822888026 1 21528051803
25822888026 3 25823019098
25822888029 1 21528051803
25822888029 2 25823019098
25822888029 1 25823019099
25822888029 12 25823019101
25822888029 1 25823019105
25822888030 1 25823019100
25822888032 1 25823019104
25822888032 1 25823019107
25822888033 3 25823019101
25822888033 2 25823019104
25822888033 15 25823019105
25822888033 1 25823019107
25822888033 1 25823019108
25822888036 4 25823019105
25822888036 2 25823019107
25822888036 15 25823019108
25822888036 1 25823019111
25822888038 1 25823019113
25822888039 2 25823019108
25822888039 3 25823019110
25822888039 13 25823019111
25822888039 1 25823019113
25822888039 1 25823019114
25822888041 1 30117986409
25822888042 1 25823019111
25822888042 4 25823019114
25822888042 1 30117986410
25823019098 1 21528182874
25823019098 2 25823150170
25823019098 1 25823150171
25823019099 1 25823150171
25823019100 1 25823150172
25823019101 13 25823150173
25823019101 2 25823150174
25823019104 1 25823150175
25823019104 1 25823150176
25823019105 1 25806372961
25823019105 1 25823150173
25823019105 4 25823150176
25823019105 12 25823150177
25823019107 3 25823150179
25823019107 1 25823150181
25823019108 1 25806372961
25823019108 1 25823019111
25823019108 2 25823150177
25823019108 4 25823150179
25823019108 10 25823150180
25823019108 1 25823150183
25823019110 3 25823150182
25823019111 1 25823150180
25823019111 1 25823150182
25823019111 12 25823150183
25823019111 1 25823150185
25823019113 1 25823150184
25823019113 1 25823150185
25823019114 1 25823150183
25823019114 3 25823150186
25823019114 1 30118117481
25823150171 1 25823150174
25823150173 1 25823150174
25823150173 1 25823150176
25823150174 1 25823150176
25823150176 1 25823150177
25823150177 1 25823150180
25823150180 1 25823150183
25823150182 1 25823150185
25823150183 1 25823150186
25836978515 1 25853821428
25836978516 1 25853821376
25836978516 1 25853821428
25836978546 1 25837044312
25836978546 1 25837044313
25836978546 1 25837044314
25836978547 2 25837044261
25836978547 1 25837044314
25836978548 1 25837044316
25837044261 1 25853887208
25837044261 1 25853887286
25837044312 1 21558920068
25837044313 1 25837110228
25837044313 1 25853887286
25837044313 1 25853887288
25837044314 3 25853887366
25837044315 1 25853887213
25837044316 1 25837110231
25837044316 1 25853887369
25837044365 1 21542142930
25837044367 1 25837110230
25837044367 1 25837110231
25837044368 1 25837110231
25837044368 1 25837110308
25837044417 1 25837110304
25837044417 1 25837110305
25837044418 2 25837110305
25837110228 1 25854870087
25837110231 2 25854870088
25837110233 1 25854870088
25837110304 1 21543125653
25837110305 1 21559902789
25837110305 1 25854870086
25837110306 1 25854870086
25837110308 1 25838092951
25837633598 1 25838093031
25838092911 1 25854935968
25838092950 1 21543191510
25838092951 1 25838158807
25838093031 1 25838158975
25838093071 1 25838158919
25838093071 1 25838158975
25838093110 1 21544304726
25838093110 1 25839272029
25838093111 1 25839272033
25838093112 1 25839272036
25838158807 1 21560034803
25838158808 1 21560034803
25838158919 1 21543257665
25838158975 2 25839272030
25839272029 1 25839403104
25839272030 1 21544435801
25839272030 1 25839403097
25839272033 1 25839403107
25839272036 1 25839403107
25839403097 1 21544566873
25839403100 1 21544566873
25839403101 1 25839534174
25839403104 1 25839534176
25839403107 1 25839534175
25839403107 1 25839534179
25839534172 1 25839861818
25839534174 1 25839665244
25839534175 1 21544894516
25839534176 1 25839665250
25839534179 1 25839665253
25839534182 1 25839665253
25839665244 1 25839992884
25839665250 1 25839992890
25839665253 1 25839861821
25839861821 1 25839992892
25839992884 1 25839992886
25839992890 1 25839992891
25839992892 1 25839992893
25853821376 1 25853821428
25853821377 1 30165631571
25853821428 1 25870664351
25853821428 1 30165631571
25853887208 1 21576679845
25853887209 1 21576679845
25853887213 1 30166614441
25853887286 1 21576679925
25853887288 1 25854870007
25853887364 1 25854870007
25853887366 2 25854870046
25853887366 1 25871647222
25853887369 1 25854870048
25854870007 1 25854870047
25854870007 1 25871712961
25854870046 1 21559968501
25854870046 1 21576745718
25854870046 1 25871712961
25854870047 2 25871712961
25854870048 1 25871713016
25854870086 1 21559968558
25854870087 1 25854935857
25854870088 1 25854935801
25854870088 1 25854935857
25854870088 1 25854935913
25854870089 1 25854935857
25854935801 1 25871778850
25854935857 1 21560034492
25854935857 1 25855001715
25854935859 1 25855001715
25854935913 1 25855001868
25854935968 1 25855001870
25854935969 1 25855001870
25854935970 1 25855001870
25854935971 1 25855001870
25855001715 1 25871844814
25855001715 1 25871844921
25855001716 1 25871844406
25855001788 1 25855067699
25855001868 1 21560100604
25855001870 1 25855067902
25855001870 1 25855067908
25855001871 1 21560100603
25855001950 1 25855068008
25855002027 1 25855002028
25855067699 1 25871910853
25855067902 1 21560166691
25855067908 1 30150101059
25855068008 1 25855133996
25855068009 1 25855133996
25855133996 1 21560233008
25855133997 1 21560233008
25870664351 1 25871647144
25871647144 1 25888490008
25871647222 1 21576745604
25871647222 1 25871712904
25871712904 1 25871778620
25871712961 1 25871778777
25871712961 1 30166746073
25871712962 1 25871778777
25871713016 1 25871778849
25871778777 1 30166811916
25871778850 1 25871844608
25871844406 1 17315725354
25871844407 1 17315725354
25871844608 1 21576943071
25871844814 1 21576943431
25871844921 1 30166878037
25871910853 1 25871976923
25888490008 1 25888555597
25888555597 1 21610430924
25905332739 1 25905398019
30082531394 2 30082596930
30082531396 1 30082596930
30082596930 2 30082662466
30082596932 2 30082662466
30082662466 1 30082662468
30098325691 1 30115168695
30098325691 1 30131945814
30098325691 1 30131945846
30098325707 1 30115168695
30098325723 1 30115168693
30099046466 3 30099112002
30099046466 1 30099112004
30099046466 1 34410856530
30099046468 1 25804144706
30099046468 4 30099112002
30099046468 1 30099112004
30099112002 1 30099112007
30099112002 7 30099177538
30099112002 3 30099177540
30099112004 7 30099177538
30099112004 5 30099177540
30099112004 1 30115954756
30099112007 1 30099177540
30099177538 13 30099243074
30099177538 5 30099243076
30099177540 1 25838093071
30099177540 11 30099243074
30099177540 5 30099243076
30099177540 1 30099243078
30099177540 2 30099243079
30099177540 1 30116020293
30099177543 2 30099243079
30099243074 15 30099308610
30099243074 2 30099308611
30099243074 1 30099308612
30099243074 2 30099308613
30099243074 1 30099374147
30099243076 17 30099308610
30099243076 2 30099308612
30099243076 2 30099308613
30099243078 1 30099308614
30099243079 1 30099308615
30099243079 1 30099308617
30099308610 15 30099374146
30099308610 3 30099374147
30099308610 3 30099374148
30099308610 5 30099374149
30099308610 1 30099439683
30099308611 3 30099374149
30099308612 13 30099374146
30099308612 3 30099374148
30099308612 4 30099374149
30099308612 1 30099374150
30099308613 6 30099374149
30099308614 3 30099374149
30099308614 1 30099374150
30099308615 1 30099374151
30099308617 1 30099374153
30099308618 1 30099374151
30099374146 1 30099374148
30099374146 10 30099439682
30099374146 1 30099439683
30099374146 7 30099439685
30099374147 1 30099439683
30099374147 7 30099439685
30099374148 4 30099439682
30099374148 1 30099439684
30099374148 4 30099439685
30099374149 1 30099439683
30099374149 16 30099439685
30099374149 4 30099439686
30099374150 1 30099439685
30099374150 5 30099439686
30099374150 1 30116216902
30099374151 1 30099439690
30099374153 1 30099439691
30099374154 1 30099439690
30099374155 1 30099439691
30099439682 3 30099439684
30099439683 4 30099439685
30099439683 4 30101340266
30099439685 2 30099439686
30099439685 4 30101209194
30099439685 4 30101209197
30099439685 7 30101340266
30099439685 4 30101340269
30099439686 1 30101209197
30099439686 2 30101209200
30099439686 2 30101340269
30099439686 1 30101340272
30099439688 1 30101340272
30099439691 1 30101078138
30101078122 1 30101209194
30101078122 2 30101209197
30101078125 1 30101209197
30101209194 16 30101340266
30101209197 1 30101340266
30101209197 6 30101340269
30101209197 1 30118117485
30101209200 1 30101340272
30101340266 4 30101340269
30101340269 1 30101340272
30115168629 1 30132011666
30115168660 1 30132011613
30115168660 1 30132011665
30115168661 1 30115168693
30115168661 1 30132011666
30115168661 1 30132011719
30115168692 1 30132011666
30115168693 1 30132011666
30115168693 2 30132011718
30115168693 1 30132011719
30115168694 1 30132011719
30115168695 1 34427568209
30115823682 3 30115889218
30115823682 1 30115889220
30115823684 3 30115889218
30115823684 1 30115889220
30115823684 1 30115889221
30115823684 1 30115889223
30115889218 1 30115954756
30115889218 2 30115954757
30115889220 1 30115954756
30115889220 2 30115954757
30115889220 1 30115954758
30115889221 1 30115954757
30115889222 1 30115954757
30115889223 1 30115954761
30115954754 1 30116020293
30115954755 1 30116020293
30115954756 1 30116020293
30115954756 1 30116020296
30115954757 1 25822625895
30115954757 3 30116020293
30115954758 1 25822625895
30115954758 1 30116020293
30115954758 1 30116020294
30115954759 1 30116020296
30115954761 1 30116020299
30115954761 1 30133060372
30115954763 1 30116020299
30116020291 1 30116020293
30116020291 2 30116085829
30116020293 6 30116085829
30116020293 1 30116085830
30116020294 3 30116085829
30116020294 1 30116085830
30116020294 1 30116085832
30116020296 1 30116085833
30116020297 1 30116085833
30116020299 1 30116085836
30116085829 4 30116151365
30116085829 2 30116151366
30116085829 2 30117724269
30116085830 3 30116151366
30116085830 1 30117724269
30116085832 1 30117724275
30116085833 1 30117593207
30116085835 1 30117593207
30116085836 1 34412691581
30116151365 1 30116216901
30116151365 1 30117855338
30116151365 5 30117855341
30116151366 1 30117724269
30116151366 1 30117855341
30116151366 2 30117855344
30116216901 1 30101078122
30116216902 1 30117855341
30117593194 1 30117724269
30117593207 1 34412691578
30117593210 1 34412691578
30117724266 1 30117855338
30117724266 1 30117855341
30117724269 3 30117855341
30117724269 1 30117855343
30117724269 1 30117986416
30117724272 1 30117986416
30117724275 1 30117855347
30117855338 1 30117986410
30117855338 2 30117986413
30117855341 1 30101209197
30117855341 9 30117986413
30117855341 3 30117986416
30117855344 3 30117986416
30117855347 1 30117986423
30117986409 1 30118117483
30117986410 1 30118117481
30117986410 1 30118117482
30117986413 4 30118117484
30117986413 4 30118117485
30117986413 1 30118117487
30117986416 1 30101340272
30117986416 2 30118117487
30117986416 2 30118117488
30118117484 1 30118117485
30118117484 2 30118117487
30118117485 1 30118117487
30131945814 1 30148788727
30131945846 1 34426978862
30131945847 1 34426978862
30132011613 1 67829770
30132011665 1 25837110233
30132011666 1 30132077530
30132011666 1 30132077533
30132011666 1 30132077609
30132011666 1 30132077610
30132011667 1 30132077609
30132011718 1 30132077533
30132011718 1 30132077610
30132011718 1 30133060209
30132011719 1 30132077611
30132011719 1 30133060252
30132077530 1 30149837386
30132077531 1 30149837386
30132077533 1 30149837389
30132077610 1 30149837387
30132077610 1 30149837388
30132077611 1 30133060211
30132077611 1 30149837389
30133060209 1 25854935970
30133060210 1 25854935970
30133060211 1 30149903212
30133060250 1 30149903268
30133060252 1 34428093408
30133060290 1 30133126163
30133060291 1 30133126109
30133060292 1 30133126109
30133060330 1 17332568134
30133060330 1 30149903268
30133060372 1 34428093577
30133060373 1 34428093577
30133126109 1 25855002027
30133126163 1 25855002105
30133126164 1 25855002105
30148788727 1 30165631653
30148788728 1 30165631653
30149837386 1 25854935859
30149837387 1 30149903159
30149837388 1 34444870512
30149837389 1 34444870458
30149903159 1 30149969019
30149903212 1 25855001871
30149903268 1 25855001716
30149903268 1 25855001950
30149903324 1 25855001716
30150035517 1 30150035518
30150101059 1 30150167315
30165631571 1 34495529095
30165631572 1 34495529095
30165631653 1 30183391659
30166614441 1 30183457254
30166614442 1 30183457254
30166812016 1 30166812017
30166878037 1 30166944230
30183391618 1 30200234414
30183391618 1 34495529095
30183391619 1 30200234414
30183391659 1 30183457252
30183457252 1 25905332739
30183588932 1 30183654416
30183654416 1 25888752465
30183654417 1 25888752465
30200234414 1 34495267185
34410856530 1 34428027671
34411118670 1 34412560512
34412560512 1 34412691585
34412691578 1 34412822653
34412691581 1 34412822656
34412691585 1 34429599871
34412822656 1 34412953729
34426978862 1 34443821894
34427568209 1 34428027591
34428027591 1 34428093523
34428027671 1 34428093578
34428093408 1 34444936707
34428093523 1 34429206664
34428093524 1 34429206664
34428093577 1 34429206657
34428093578 1 30134370417
34429206657 1 38724501587
34429206664 1 38724305034
34429599871 1 34429796425
34443821894 1 34444804607
34444804607 1 34461647562
34444804607 1 38756614805
34444804688 1 34444870459
34444870459 1 34461713455
34444870512 1 34444936397
34444870573 1 34444936553
34444936397 1 38739969717
34444936553 1 30150035517
34444936707 1 34446049355
34444936708 1 34446049355
34446049355 1 38741147726
34461647562 1 34461713299
34461713299 1 30183588932
34461713455 1 30166812016
34461713533 1 30166812016
34461779326 1 34461845106
38722994809 1 34444870573
38724305034 1 38724501585
38724305046 1 38724436113
38724305047 1 38724436113
38724436113 1 38724567181
38724501585 1 38724632660
38724501587 1 43019599959
38724567181 1 34429927501
38739771986 1 38739837759
38739837759 1 38756680835
38756614805 1 38756680604
38756614861 1 38756680604
38756680835 1 34461779326
38756680836 1 34461779326
38773655004 1 38773655005
42983948384 1 42983948389
42983948386 1 42983948392
42983948386 1 42984013925
42983948389 1 8742633511
42983948389 1 42984013925
42983948392 1 8742633511
42984013925 1 43000856678
43000856678 1 43019141273
43019141273 1 38724305046
43034739207 1 43051582165
43034739287 1 47329772359
43051582165 1 43051647907
43051582166 1 43051647907
43051647907 1 43051713728
43051713728 1 43051779356
43051779356 1 38773655004
47329772359 1 47329838226
47329838226 1 102041085
47363392110 1 47363392111
