12954501179 1 12954697758
12954501181 1 12954697758
12954697758 1 12954828827
17197563948 1 17197629482
17197563951 1 17197629482
17197629482 1 17197695015
17197629484 1 17197695015
17197695015 1 12919570468
17214275628 1 17214341162
17214275631 1 17214341162
17214341162 1 17214406697
17214406697 1 17231249449
17214406699 1 17231249449
17231249449 1 17232822334
17232822334 1 17232953406
17232953406 1 17233084476
17233084476 1 17233215548
17233084479 1 17233215548
17249337412 1 12954501179
17249927208 1 17249927209
21492465714 1 21492465719
21492465716 1 17197563948
21492465719 1 17197563948
21492465719 1 21492465724
21492465719 1 21492531255
21492465722 3 21492531255
21492465724 2 21492531255
21492531255 1 21492531260
21492531255 4 21492596791
21492531258 5 21492596791
21492531260 1 21492596791
21492596788 1 21492596794
21492596791 1 21492596796
21492596791 1 21492662324
21492596791 6 21492662327
21492596794 1 21492662324
21492596794 7 21492662327
21492596796 1 21492662327
21492662324 1 21492727858
21492662327 1 21492727858
21492662327 11 21492727863
21492662330 10 21492727863
21492727858 1 21492727860
21492727863 14 21492727866
21509177394 1 17214275628
21509177396 1 17214275628
21509374007 1 21509439543
21509374010 1 21509439543
21509439543 1 21509505079
21509439546 1 21509505079
21526085681 1 17249337412
21544566868 1 17249927208
25787301943 27 25787301948
25787301943 1 25787367479
25787301946 47 25787301951
25787301946 29 25787367479
25787301946 9 25787367482
25787301946 1 38705823832
25787301948 1 21509177394
25787301948 53 25787301954
25787301948 28 25787367479
25787301948 54 25787367482
25787301948 3 25787367484
25787301948 3 25804144698
25787301948 1 34394079309
25787301948 1 38705823832
25787301948 1 47279112298
25787301951 1 21509177394
25787301951 19 25787301956
25787301951 47 25787367482
25787301951 47 25787367484
25787301951 8 25787367487
25787301951 3 25804144698
25787301951 5 25804144700
25787301951 1 25804144703
25787301951 1 47279112298
25787301954 1 21492465714
25787301954 1 21525954612
25787301954 1 25787367482
25787301954 47 25787367484
25787301954 27 25787367487
25787301954 1 25787367490
25787301954 5 25804144700
25787301954 3 25804144703
25787301954 1 30099112004
25787301954 1 30115889220
25787301954 1 34394079309
25787301956 17 25787367487
25787301956 1 25787367490
25787301956 2 25804144703
25787367479 52 25787367484
25787367479 6 25787433015
25787367482 2 21492465719
25787367482 109 25787367487
25787367482 51 25787433015
25787367482 28 25787433018
25787367484 2 21492465719
25787367484 1 25787367487
25787367484 131 25787367490
25787367484 51 25787433015
25787367484 126 25787433018
25787367484 23 25787433020
25787367484 2 25787433023
25787367484 1 25804210234
25787367484 1 25804210236
25787367487 2 25787367490
25787367487 51 25787367492
25787367487 97 25787433018
25787367487 125 25787433020
25787367487 35 25787433023
25787367487 1 25804210234
25787367487 2 25804210236
25787367487 1 25804210239
25787367490 109 25787433020
25787367490 85 25787433023
25787367490 3 25787433026
25787367490 3 25804210236
25787367490 1 25804210239
25787367490 2 30082400322
25787367492 50 25787433023
25787367492 2 25787433026
25787367492 2 30082400322
25787433015 1 21492465724
25787433015 1 21492531255
25787433015 88 25787433020
25787433015 2 25787498551
25787433015 2 25787498554
25787433018 1 21492531255
25787433018 139 25787433023
25787433018 70 25787498551
25787433018 75 25787498554
25787433018 1 25787498556
25787433018 1 25804275767
25787433018 1 25804275770
25787433020 2 21492531255
25787433020 1 21526085681
25787433020 157 25787433026
25787433020 68 25787498551
25787433020 200 25787498554
25787433020 59 25787498556
25787433020 1 25787498559
25787433020 1 25804275767
25787433020 1 25804275772
25787433023 85 25787433028
25787433023 1 25787498551
25787433023 124 25787498554
25787433023 169 25787498556
25787433023 80 25787498559
25787433023 1 25787498562
25787433023 2 25804275772
25787433026 1 21526085681
25787433026 1 25787498551
25787433026 114 25787498556
25787433026 163 25787498559
25787433026 10 25787498562
25787433026 1 25804275772
25787433026 1 25821052995
25787433026 1 30082465858
25787433028 82 25787498559
25787433028 8 25787498562
25787433028 1 25821052995
25787433028 1 30082465858
25787498551 1 21492596791
25787498551 65 25787498556
25787498551 9 25787564087
25787498551 6 25787564090
25787498554 1 21492596788
25787498554 2 21492596791
25787498554 1 25787498556
25787498554 91 25787498559
25787498554 58 25787564087
25787498554 143 25787564090
25787498554 3 25804341306
25787498556 1 21492596788
25787498556 1 21492596791
25787498556 102 25787498562
25787498556 51 25787564087
25787498556 192 25787564090
25787498556 109 25787564092
25787498556 7 25787564095
25787498556 3 25804341306
25787498556 3 25804341308
25787498559 73 25787498564
25787498559 56 25787564090
25787498559 172 25787564092
25787498559 142 25787564095
25787498559 3 25787564098
25787498559 3 25804341308
25787498559 2 25804341311
25787498559 1 30082531396
25787498562 64 25787564092
25787498562 197 25787564095
25787498562 24 25787564098
25787498562 2 25804341311
25787498562 3 30082531394
25787498562 1 30082531396
25787498564 61 25787564095
25787498564 21 25787564098
25787498564 3 30082531394
25787564087 4 21492662327
25787564087 40 25787564092
25787564087 8 25787629623
25787564087 8 25787629626
25787564087 1 25804406842
25787564090 1 21492662324
25787564090 4 21492662327
25787564090 2 25787564092
25787564090 39 25787564095
25787564090 31 25787629623
25787564090 167 25787629626
25787564090 18 25787629628
25787564090 2 25804406842
25787564092 1 21492662324
25787564092 2 25787564095
25787564092 36 25787564098
25787564092 22 25787629623
25787564092 169 25787629626
25787564092 153 25787629628
25787564092 13 25787629631
25787564092 1 25787695167
25787564092 4 25804406844
25787564092 1 25804406847
25787564095 41 25787564100
25787564095 19 25787629626
25787564095 151 25787629628
25787564095 178 25787629631
25787564095 10 25787629634
25787564095 2 25787695167
25787564095 4 25804406844
25787564095 1 25804406847
25787564098 17 25787629628
25787564098 185 25787629631
25787564098 42 25787629634
25787564098 3 30082596930
25787564100 30 25787629631
25787564100 24 25787629634
25787564100 4 30082596930
25787629623 2 21492727863
25787629623 9 25787629628
25787629623 12 25787695159
25787629623 9 25787695162
25787629626 3 21492727863
25787629626 3 25787629628
25787629626 7 25787629631
25787629626 16 25787695159
25787629626 166 25787695162
25787629626 20 25787695164
25787629626 1 25804472378
25787629626 1 25822625882
25787629628 1 21492727863
25787629628 2 25787629631
25787629628 6 25787629634
25787629628 4 25787695159
25787629628 130 25787695162
25787629628 177 25787695164
25787629628 13 25787695167
25787629628 1 25804472378
25787629628 1 30082662468
25787629631 3 25787629634
25787629631 11 25787629636
25787629631 2 25787695162
25787629631 123 25787695164
25787629631 185 25787695167
25787629631 21 25787695170
25787629631 3 25804472383
25787629631 1 30082662468
25787629634 1 25787695164
25787629634 136 25787695167
25787629634 65 25787695170
25787629634 4 30082662466
25787629634 1 30099439682
25787629636 3 25787695167
25787629636 22 25787695170
25787629636 4 30082662466
25787695159 16 25787695162
25787695162 111 25787695164
25787695162 1 25787695167
25787695164 108 25787695167
25787695167 107 25787695170
25787695170 8 25787695172
25804079167 1 25787367484
25804144698 2 25804144703
25804144698 1 25804210234
25804144700 4 25804144706
25804144700 2 25804210234
25804144700 2 25804210236
25804144703 2 25804144708
25804144703 1 25804210234
25804144703 4 25804210236
25804144703 3 25804210239
25804144706 2 25804210236
25804144706 4 25804210239
25804144706 1 25804210242
25804144708 1 25804210239
25804144708 1 25804210242
25804210234 2 25804210239
25804210234 1 25804275770
25804210236 1 25804210242
25804210236 2 25804275770
25804210236 7 25804275772
25804210236 1 25821052987
25804210239 1 25804210244
25804210239 8 25804275772
25804210239 4 25804275775
25804210242 1 25804275772
25804210242 4 25804275775
25804210242 1 25804275778
25804210242 1 25804341314
25804210244 1 25804275778
25804210244 1 25804341314
25804275767 1 21509374007
25804275770 1 21509374007
25804275770 2 25804341306
25804275772 2 25804341306
25804275772 8 25804341308
25804275772 2 25804341311
25804275775 7 25804341308
25804275775 6 25804341311
25804275778 4 25804341311
25804275778 1 25804341314
25804275780 1 25804341314
25804341306 5 25804406842
25804341308 5 25804406842
25804341308 8 25804406844
25804341308 3 25804406847
25804341311 6 25804406844
25804341311 11 25804406847
25804341314 4 25804406847
25804341314 2 25804406850
25804406842 7 25804472378
25804406844 3 25804472378
25804406844 10 25804472380
25804406844 1 25804472383
25804406844 1 25822625882
25804406847 7 25804472380
25804406847 12 25804472383
25804406847 1 25804472386
25804406850 4 25804472383
25804406850 3 25804472386
25804472378 3 25804472380
25804472380 5 25804472383
25804472383 4 25804472386
25821052987 1 25821052989
25822625882 1 21544566868
25839272035 1 25839403100
30082269252 1 21525954612
30082400322 2 30082465858
30082400324 2 30082465858
30082465858 3 30082531394
30082465860 3 30082531394
30082531394 6 30082596930
30082531396 5 30082596930
30082531396 1 30082596938
30082531399 1 30082596938
30082596930 9 30082662466
30082596932 9 30082662466
30082596938 1 34394406989
30082662466 11 30082662468
30082662468 1 38691274889
30082662471 1 38691274889
30099112004 1 30115954760
30099112007 1 30115954760
30115889220 1 30133060369
30115954760 1 30116020297
30115954761 1 30116020297
30116020297 1 30117462131
30117462131 1 30117593207
30117462135 1 30117593207
30117593207 1 30134501496
30133060369 1 25839272035
30134501496 1 34429599865
34394079309 1 34410922065
34394406989 1 34396307587
34410922065 1 38722995009
34410922067 1 38722995009
34429599865 1 34429927495
38705823832 1 38722994931
38722994931 1 43018028123
43002757285 1 43002888355
43002888355 1 43003019425
43018028123 1 69468163
47279112298 1 47279177835
47279177835 1 47296020588
47296020588 1 47297593509
47297593509 1 43002757285
