135397618 1 118686149
4396942415 1 85264282
8691843642 1 4396942415
8691843643 1 4396942415
8708555081 1 8691843642
8741126319 1 8708555081
13036027918 1 8741126319
13036027918 1 17364680743
13036027918 1 17364680746
13036027919 1 8741126319
17364680740 1 17364680746
17364680740 1 25971458111
17364680740 1 25971458114
21659648058 1 21676425276
21676425268 4 21676425274
21676425268 3 21676490807
21676425268 4 21676490810
21676425268 1 21676490812
21676425271 3 21676425274
21676425271 2 21676425276
21676425271 2 21676490810
21676425271 2 21676490812
21676490804 3 21676490810
21676490804 3 21676556343
21676490804 2 21676556346
21676490807 8 21676490810
21676490807 8 21676490812
21676490807 6 21676556343
21676490807 9 21676556346
21676490807 3 21676556348
21676490807 4 25971523639
21676490807 7 25971523642
21676490807 3 25971523644
21676490810 5 21676490812
21676556340 5 21676556346
21676556340 5 21676621879
21676556340 5 21676621882
21676556343 4 21676556346
21676556343 3 21676556348
21676556343 6 21676621879
21676556343 6 21676621882
21676556343 4 25971589175
21676556343 5 25971589178
21676556343 1 25971589180
21676556346 1 21676556348
21676621876 2 21676621882
21676621876 1 21676687415
21676621876 1 21676687418
21676621876 1 25971654714
21676621876 1 25971654716
21676621879 2 21676621882
21676621879 9 21676687415
21676621879 9 21676687418
21676621879 2 25971654711
21676621879 2 25971654714
21676687415 3 21676752951
21676687415 3 21676752954
21676687415 6 25971720247
21676687415 7 25971720250
21676752951 2 25971785783
21676752951 3 25971785786
25922633833 1 30217732206
25939279972 1 25922633833
25939279972 1 30218059843
25954615351 7 25954615356
25954615351 5 25954680890
25954615351 5 25954680892
25954615351 2 25971458106
25954615351 2 25971458108
25954615354 8 25954615356
25954615354 14 25954615359
25954615354 4 25954680890
25954615354 11 25954680892
25954615354 8 25954680895
25954615354 3 25971458108
25954615354 3 25971458111
25954615356 13 25954615359
25954615356 11 25954615362
25954615356 5 25954680895
25954615356 5 25954680898
25954615356 6 25971458111
25954615356 6 25971458114
25954615359 12 25954615362
25954615359 7 25954615364
25954615359 1 25954680895
25954615359 5 25954680898
25954615359 4 25954680900
25954615359 3 25971458114
25954615359 3 25971458116
25954615362 7 25954615364
25954680887 4 25954680892
25954680887 3 25954746426
25954680887 3 25954746428
25954680887 1 25971523642
25954680887 1 25971523644
25954680890 7 25954680895
25954680890 6 25954746426
25954680890 10 25954746428
25954680890 6 25954746431
25954680890 1 25971523644
25954680892 4 25954680898
25954680892 2 25954746428
25954680892 3 25954746431
25954680892 1 25954746434
25954680892 1 25971523647
25954680892 1 25971523650
25954680895 4 25954680900
25954680895 1 25954746428
25954680895 3 25954746431
25954680895 4 25954746434
25954680895 2 25954746436
25954680895 1 25971523650
25954680895 1 25971523652
25954746423 1 25954746428
25954746423 1 25954811962
25954746423 1 25954811964
25954746426 4 25954746431
25954746426 7 25954811962
25954746426 9 25954811964
25954746426 2 25954811967
25954746426 3 25971589178
25954746426 3 25971589180
25954746428 1 25954746434
25954746428 4 25954811964
25954746428 4 25954811967
25954746428 2 25971589180
25954746428 2 25971589183
25954746431 2 25954746436
25954746431 2 25954811967
25954746431 3 25954811970
25954746431 1 25971589183
25954746431 1 25971589186
25954811962 3 25954877498
25954811962 4 25954877500
25954811962 4 25971654714
25954811962 3 25971654716
25954811964 3 25954877500
25954811964 3 25954877503
25954811964 2 25971654716
25954811967 2 25954877503
25954811967 2 25954877506
25954811970 1 25954877506
25954877498 3 25971720250
25954877498 2 25971720252
25954877500 1 25954943036
25954877500 1 25954943039
25954877500 2 25971720252
25954877503 1 25954943039
25954877503 1 25954943042
25954877503 1 25971720255
25954877503 1 25971720258
25954877506 1 25971720258
25954943036 1 25971785788
25954943039 2 25971785791
25954943042 1 25971785794
25971392567 14 25971392572
25971392567 14 25971458106
25971392567 14 25971458108
25971392570 20 25971392572
25971392570 31 25971392575
25971392570 8 25971458106
25971392570 37 25971458108
25971392570 28 25971458111
25971392572 35 25971392575
25971392572 37 25971392578
25971392572 2 25971458106
25971392572 16 25971458108
25971392572 45 25971458111
25971392572 31 25971458114
25971392575 39 25971392578
25971392575 24 25971392580
25971392575 4 25971458111
25971392575 27 25971458114
25971392575 24 25971458116
25971392578 26 25971392580
25971392578 4 25971458114
25971392578 4 25971458116
25971458103 43 25971458108
25971458103 44 25971523642
25971458103 44 25971523644
25971458106 37 25971458108
25971458106 104 25971458111
25971458106 39 25971523642
25971458106 120 25971523644
25971458106 90 25971523647
25971458108 1 25922371679
25971458108 1 25954680898
25971458108 72 25971458111
25971458108 107 25971458114
25971458108 1 25971523642
25971458108 31 25971523644
25971458108 123 25971523647
25971458108 93 25971523650
25971458108 1 25971523652
25971458111 84 25971458114
25971458111 60 25971458116
25971458111 24 25971523647
25971458111 76 25971523650
25971458111 56 25971523652
25971458114 1 25922371679
25971458114 30 25971458116
25971458114 2 25971523647
25971458114 9 25971523650
25971458114 7 25971523652
25971523639 1 21676556348
25971523639 1 25971523642
25971523639 74 25971523644
25971523639 12 25971589175
25971523639 79 25971589178
25971523639 67 25971589180
25971523642 40 25971523644
25971523642 138 25971523647
25971523642 85 25971589178
25971523642 188 25971589180
25971523642 106 25971589183
25971523644 75 25971523647
25971523644 129 25971523650
25971523644 1 25971589178
25971523644 85 25971589180
25971523644 182 25971589183
25971523644 97 25971589186
25971523644 1 30217732206
25971523647 54 25971523650
25971523647 100 25971523652
25971523647 3 25971589180
25971523647 70 25971589183
25971523647 139 25971589186
25971523647 71 25971589188
25971523647 1 30217732206
25971523650 44 25971523652
25971523650 1 25971589183
25971523650 10 25971589186
25971523650 9 25971589188
25971589175 68 25971589180
25971589175 28 25971654711
25971589175 82 25971654714
25971589175 54 25971654716
25971589178 10 25971589180
25971589178 102 25971589183
25971589178 127 25971654714
25971589178 194 25971654716
25971589178 63 25971654719
25971589180 16 25971589183
25971589180 78 25971589186
25971589180 3 25971654714
25971589180 130 25971654716
25971589180 183 25971654719
25971589180 54 25971654722
25971589183 12 25971589186
25971589183 70 25971589188
25971589183 1 25971654716
25971589183 111 25971654719
25971589183 163 25971654722
25971589183 52 25971654724
25971589186 2 25971589188
25971589186 3 25971654719
25971589186 16 25971654722
25971589186 9 25971654724
25971654711 41 25971654716
25971654711 27 25971720247
25971654711 68 25971720250
25971654711 25 25971720252
25971654711 1 25971785786
25971654714 46 25971654719
25971654714 143 25971720250
25971654714 169 25971720252
25971654714 24 25971720255
25971654714 1 25971785786
25971654714 1 43101847670
25971654716 33 25971654722
25971654716 2 25971720250
25971654716 148 25971720252
25971654716 164 25971720255
25971654716 17 25971720258
25971654719 44 25971654724
25971654719 141 25971720255
25971654719 158 25971720258
25971654719 20 25971720260
25971654719 1 25971785794
25971654722 1 25971654724
25971654722 1 25971720255
25971654722 30 25971720258
25971654722 10 25971720260
25971654722 1 25971785794
25971720247 10 25971720252
25971720247 15 25971785783
25971720247 42 25971785786
25971720247 3 25971785788
25971720250 7 25971720255
25971720250 1 25971785783
25971720250 157 25971785786
25971720250 128 25971785788
25971720250 4 25971785791
25971720252 1 25971720255
25971720252 8 25971720258
25971720252 2 25971785786
25971720252 175 25971785788
25971720252 131 25971785791
25971720252 4 25971785794
25971720255 4 25971720258
25971720255 9 25971720260
25971720255 1 25971785788
25971720255 156 25971785791
25971720255 124 25971785794
25971720255 3 25971785796
25971720258 65 25971785794
25971720258 17 25971785796
25971785786 2 25971785791
25971785791 1 25971785796
25971785794 1 25971785796
25988497468 1 25971785788
25988497468 1 25971785791
25988497468 1 25988497474
25988497471 1 25988497474
30200168677 1 34495201658
30216945730 1 25922043995
30216945730 1 25922371679
30232805448 1 25971458106
30232805448 1 30200168677
30266359874 1 25971392580
30266359874 2 25971458114
30266359874 2 25971458116
30266359874 2 30266359876
30266359874 1 30266359879
30266359874 2 30266425410
30266359874 3 30266425412
30266359874 1 30266425415
30266359876 1 30266359879
30266425410 2 25971523650
30266425410 2 25971523652
30266425410 3 30266425412
30266425410 5 30266425415
30266425410 8 30266490946
30266425410 8 30266490948
30266425412 4 30266425415
30266490946 1 25971589186
30266490946 1 25971589188
30266490946 1 30266490948
30266490946 1 30266490951
30266490946 9 30266556482
30266490946 9 30266556484
30266490948 1 30266490951
30266556482 1 25971654722
30266556482 1 25971654724
30266556482 1 30266556487
30266556482 9 30266622018
30266556482 9 30266622020
30266556484 1 30266556487
30266622018 5 25971720258
30266622018 4 25971720260
30266622018 4 30266687554
30266622018 4 30266687556
30266687554 4 25971785794
34495201658 1 38773457584
43101847670 1 43085136091
43117445200 1 47412477984
43117445200 1 47429451880
43117445200 1 47429451882
43117707369 1 135397618
43117707369 1 43134550112
43117707369 1 43134550114
43117707371 1 135397618
43134550112 1 25971523647
43134550117 1 43134550122
43134550117 1 43151392869
43134550117 1 43151392872
43151392866 1 25971720258
43151392866 1 25971720260
43151392866 1 43151392872
47412477984 1 25956581476
47429189680 1 47429451777
47429189680 1 47429451882
47429451777 1 47429517416
47429451777 1 47429517418
47429451880 1 43134550120
47429451880 1 43134550122
47429517313 1 25971785786
47429517313 1 25971785788
47429517313 1 47429517418
