25988562999 3 25988563004
25988563002 1 25988563007
47429189680 1 47429189696
47429189680 2 47429451777
47429189680 2 47429451882
47429451777 2 47429451882
47429451777 1 47429517313
47429451777 1 47429517416
47429451777 2 47429517418
47429451777 2 47446294632
47429451777 2 47446294634
47429451880 2 47429451882
47429517313 1 47429517418
47429517313 2 47446360168
47429517313 2 47446360170
47446294529 1 25988563002
47446294529 2 25988563004
47446294529 1 25988563007
47446294529 2 47446294634
47446360065 2 25988563002
47446360065 2 25988563004
47446360065 2 47446360170
