69599241 1 4347920402
118620484 1 4413653502
118817487 1 43068556341
118817488 1 43068556341
134414576 1 118620484
151126124 1 134414576
167837730 1 151126124
4396942180 1 4397008088
4397008088 1 8692041383
4412604820 1 8708555160
4413653502 1 4396942180
4413719081 1 118817487
4413719082 1 118817487
4429316313 1 4412604820
4429381802 1 4430364958
4430364877 1 21627076806
4430364958 1 4430430607
4430364959 1 4430430607
4430430607 1 4413719081
4430430608 1 4413719081
4446027877 1 4429316313
4446027878 1 4429316313
4446093425 1 25920929929
4462805062 1 4446093425
4462805062 1 25920929876
8659533863 1 4347920414
8691843701 1 8691909643
8708555160 1 8691843701
8724349099 1 25905201416
8724349099 1 25905201456
8725463133 1 8725463211
8725463134 1 8725463211
8725528704 1 8725790740
8741060722 1 4429381802
8741060722 1 25920995454
8742109193 1 25922044048
8742109315 1 38824181900
8757772359 1 8741060722
8774484003 1 25937641524
8774484004 1 25937641524
12970298226 1 12970298378
12970298227 1 8676245527
12970298378 1 8676245527
12986942594 1 12986942595
12986942595 1 12986942697
12986942695 1 12986942696
12986942696 1 12986942697
13003851139 1 13003851140
13020365042 1 13020430514
13020365100 1 17298620992
13020365156 1 17298620992
13020430514 1 13020430593
13020430515 1 8725528704
13020430593 1 8725528704
13020430595 1 13020430596
13020758046 1 13020758048
13020758047 1 13020758048
13037076654 1 13020365042
13037076654 1 13020365100
13037076694 1 13020365042
13037076694 1 13020365100
13037142032 1 8725463133
13053001757 1 13053001758
13053001757 1 13069844511
13053001757 1 13069844513
13053001766 1 13037076654
13053001766 1 25954746428
13069844511 1 25954811967
13069844511 1 25954811970
17281844008 1 12986942695
17281844009 1 12986942695
17281844092 1 17281910103
17281910103 1 17281976116
17281976116 1 12970298226
17281976239 1 4347920414
17281976239 1 17281976240
17298489681 1 17298555407
17298555352 2 17298621148
17298555353 1 17298621148
17298555407 1 17281844008
17298620992 1 17298686913
17298620993 1 17298620994
17298620996 1 17298686809
17298620997 1 17298686809
17298621073 1 17298686910
17298621074 1 17298686810
17298621074 1 17298686910
17298621148 1 12986942594
17298621148 1 12986942595
17298621149 1 12986942595
17298686809 1 17298752492
17298686810 1 17298686811
17298686810 1 17298752492
17298686810 1 17298752613
17298686910 1 12987008337
17298687012 1 12987008337
17298752141 1 21593719438
17298752492 1 13003851139
17298752493 1 13003851139
17298752613 1 13003851146
17298752614 1 13003851146
17315266778 1 17315332399
17315266817 1 17315332397
17315266898 1 17298555352
17315266898 1 17298555407
17315332341 1 13020430595
17315332342 1 13020430595
17315332344 1 13003653614
17315332344 1 21610365198
17315332345 1 17315397898
17315332397 1 13020430750
17315332399 1 17315398052
17315332400 1 13020430675
17315397898 1 17315463309
17315397899 1 17315463309
17315397975 1 17315397976
17315397977 1 17315397978
17315398052 1 13020496415
17315463309 1 13020758046
17315528876 1 17315528877
17330995220 1 13037076654
17330995327 1 38806880489
17330995328 1 38806880489
17331060771 1 17315266817
17332043953 1 17315332341
17332043993 1 17315332341
17332043993 1 17315332344
17332109336 1 13037797404
17332895784 1 17333026851
17332895784 1 17333026852
17333157926 1 17333157927
17347706926 1 17330995220
17347969064 1 13037076654
17348100139 1 25954877503
17348100139 1 43102503066
21560166334 1 17266180136
21576811393 1 21576877405
21576811394 1 21576877405
21576877098 1 21576877099
21576877405 1 8659533863
21576943551 1 17266180136
21593457020 1 21593522762
21593522650 1 17298621073
21593522650 1 17298621074
21593522762 1 17281844092
21593522766 1 21576811393
21593588295 1 17298686810
21593588455 1 21576877098
21593653809 1 17298752141
21593653810 1 17298752021
21593653810 1 21593719319
21593653811 1 21593719319
21593653910 1 21593653911
21593719319 1 21593719320
21593719326 1 21593719327
21593719567 1 21593785307
21609251008 1 17298489681
21609251009 1 17315266898
21609251011 1 21610234155
21609251011 1 21610234156
21609251012 1 21610234156
21609251014 1 25905201414
21609251089 1 21610234155
21609251167 1 21593457020
21610234075 1 17315332400
21610234076 1 21610299699
21610234077 1 21610299644
21610234077 1 21610299699
21610234077 1 21610299701
21610234116 1 21610299698
21610234155 1 17298555352
21610234155 2 21593522650
21610234156 2 21593522650
21610234156 2 21610299810
21610234157 1 21610299811
21610234158 1 21610299813
21610299645 1 21610365201
21610299698 1 17315397975
21610299699 1 17315397975
21610299699 1 17315397977
21610299702 1 21610365280
21610299810 1 17298620992
21610299810 1 17298620996
21610299811 1 17298620993
21610299811 1 17298620996
21610299812 1 17298620993
21610299813 1 21593588295
21610365123 1 21610430614
21610365124 1 21610430614
21610365198 1 21610430719
21610365201 1 21610430715
21610365275 1 21610365276
21610365280 1 21610430922
21610430614 1 21610430717
21610430715 1 17315528876
21610430716 1 17315528876
21610430716 1 17315528877
21610430717 1 17315528877
21610430717 1 21610430718
21610430719 1 25905659965
21610430823 1 21610496419
21610430824 1 21610496419
21610430922 1 21610496416
21610496416 1 17315594610
21610496419 1 21610496539
21625897041 1 21625962627
21625897041 1 21625962628
21625962521 1 17331060771
21625962523 1 21626028071
21625962574 1 21626028070
21625962574 1 21626028226
21625962575 1 21626028149
21625962576 1 21626028073
21625962576 1 25920995370
21625962625 1 21609251008
21625962626 1 21609251009
21625962627 2 21609251011
21625962628 1 21609251014
21625962679 1 21609251167
21626028070 1 21627011291
21626028071 1 21610234075
21626028073 1 21610234077
21626028074 1 21610234076
21626028149 1 21610234155
21626028151 1 21610234116
21626028226 1 21610234155
21626028229 1 21610234156
21627011130 1 17332109336
21627011130 1 17332437058
21627011173 1 21627076804
21627011211 1 17315332344
21627011212 1 17315332344
21627011291 1 17315332345
21627011293 1 21610299645
21627011294 1 21610299645
21627076747 1 30217666627
21627076747 1 34512437374
21627076804 1 21610365275
21627076806 1 21610365123
21627535443 1 17333026851
21627535443 1 21627666508
21627535444 1 17333026851
21642608681 1 21659648055
21642608681 1 25956581469
21642608696 1 21659648055
21642608696 1 21659648058
21642608696 1 25956581469
21642608696 1 25956581473
21642608697 1 25937838138
21642608697 1 25956581469
21642608697 1 25956581473
21642674192 1 17332043953
21642674193 1 21625962574
21642674224 1 21625962521
21642674224 1 21625962625
21642674225 2 21625962574
21642674225 1 21625962626
21642674255 1 17330995327
21642674257 1 21625962576
21642674257 1 21625962626
21644443734 1 21644574800
21644574800 1 21644705870
21644574806 1 21644705875
21644705870 1 17349869644
21644705875 1 21644836948
21659385880 1 21659648052
21659385880 2 21659648055
21659385880 1 21659648058
21659385880 2 25956581469
21659385881 2 21659648055
21659385881 2 21659648058
21659385881 1 25954615351
21659385881 1 25954615354
21659385881 2 25956581469
21659385881 2 25956581473
21659385896 1 21659648055
21659385896 1 21659648058
21659385896 1 25956581473
21659385897 3 21659648055
21659385897 4 21659648058
21659385897 1 25939804253
21659385897 2 25954615351
21659385897 2 25954615354
21659385897 1 25956450401
21659385897 1 25956450404
21659385897 1 25956581469
21659385897 2 25956581473
21659385897 1 25956581479
21659648050 1 21659648055
21659648050 1 21659713588
21659648050 1 21659713591
21659648052 1 21659648055
21659648052 7 21659648058
21659648052 7 21659713591
21659648052 6 21659713594
21659648052 1 25954680890
21659648052 1 25954680892
21659648055 21 21659648058
21659648055 2 21659648060
21659648055 29 21659713591
21659648055 28 21659713594
21659648055 1 25954615354
21659648055 8 25954680887
21659648055 10 25954680890
21659648055 2 25954680892
21659648055 2 25956581466
21659648055 9 25956581469
21659648055 2 25956581473
21659648055 1 25956581476
21659648055 1 30234509421
21659648058 2 21659648060
21659648058 2 25956581466
21659648058 8 25956581469
21659648058 2 25956581473
21659648058 1 25956581476
21659648058 1 30234509421
21659713588 2 21659713594
21659713588 3 21659779127
21659713588 2 21659779130
21659713591 27 21659779127
21659713591 26 21659779130
21659713591 5 25954746423
21659713591 6 25954746426
21659713591 1 25954746428
21659713594 1 25954746426
21659779127 21 21659844663
21659779127 1 21659844664
21659779127 2 21659844665
21659779127 20 21659844666
21659779127 1 21659844667
21659779127 3 25954811959
21659779127 4 25954811962
21659779127 1 25954877499
21659779130 2 25954811962
21659844663 13 21659910199
21659844663 3 21659910201
21659844663 15 21659910202
21659844663 1 21659910203
21659844663 2 25954877498
21659844663 1 25954943034
21659844663 1 25955008569
21659844663 1 25955008571
21659844664 1 21659910201
21659844665 1 25954877497
21659844665 1 25954877499
21659844666 2 21659910201
21659844666 1 21659910202
21659844666 2 21659910203
21659844666 1 25954877498
21659910199 4 21659975735
21659910199 7 21659975738
21659910199 1 25954943033
21659910199 5 25954943034
21659910199 1 25954943035
21659910201 4 21659975737
21659910201 4 21659975739
21659910201 1 25954943033
21659910201 1 25954943035
21659910202 1 21659975737
21659910202 1 21659975738
21659910202 1 21659975739
21659910202 1 25954943033
21659910202 1 25954943035
21659975734 1 25955008571
21659975734 1 30234771564
21659975735 5 25955008570
21659975737 1 25955008569
21659975737 5 25955008571
21659975738 2 25955008569
21659975738 2 25955008570
21659975738 2 25955008571
21659975739 1 25955008571
21661483098 7 21661614170
21661614166 1 21661614170
21676425266 1 21659713591
21676425266 1 21659713594
21676425266 1 21676425271
21676425268 1 21659713591
21676425268 1 21659713594
21676425268 4 21676425274
21676425268 2 21676490807
21676425268 2 21676490810
21676425268 1 25939804257
21676425268 1 25954680890
21676425268 1 25954680892
21676425271 3 21676425274
21676425271 1 25939804257
21676425271 1 25956581469
21676425274 1 25956581469
21676490804 1 21676490810
21676490804 1 21676556343
21676490804 1 21676556346
21676490807 2 21659779127
21676490807 2 21659779130
21676490807 1 25956581469
21676490810 1 25956581469
21676556335 1 21676556340
21676556335 1 25954811962
21676556335 1 25954811964
21676556338 1 25939673183
21676556340 1 25939673183
21676556343 1 21659844663
21676556343 1 21659844666
21676687412 1 21659975735
21676687412 1 21659975738
21676687412 1 21676687415
25839403106 1 25822756958
25856049256 1 25839403106
25871778776 1 25871844712
25871844712 1 25871844814
25871844713 1 21560166334
25871844814 1 21560166334
25888424318 1 21593522766
25888424319 1 21593522766
25888489951 1 21593588455
25888489952 1 21593588455
25888490010 1 25871778693
25888555518 1 21593653910
25888555519 1 21593653910
25888555520 1 25888621212
25888621212 1 21593719567
25888621319 1 25888686989
25888621320 1 25888686989
25888686634 1 30183719619
25888686989 1 25888752762
25888686990 1 25888752762
25888752762 1 25888752763
25904218315 2 25905201456
25904218316 1 25905201416
25904218316 2 25905201456
25904218317 1 30200168754
25904218468 1 25888424318
25904218469 1 25888424318
25905201374 1 21610299702
25905201414 2 25905267056
25905201415 1 25905267056
25905201416 1 25905267056
25905201416 3 25905267057
25905201417 1 25905267057
25905201454 1 25905267056
25905201456 1 25888489951
25905201456 2 25905267056
25905266943 1 25905332581
25905266944 1 25905332426
25905266944 1 25905332500
25905266944 1 25905332582
25905266945 1 25905332582
25905267001 1 25905267057
25905267002 1 25905267058
25905267056 1 25905267057
25905267056 1 25905267113
25905267056 1 25905332659
25905267056 1 25905332734
25905267056 1 25905332735
25905267057 1 25888555520
25905267057 1 25905267058
25905267057 1 25905332657
25905267057 1 25905332659
25905267057 1 25905332735
25905267058 1 25905332657
25905267058 1 25905332659
25905267112 1 25888555518
25905267113 1 25888555518
25905332423 1 21610430823
25905332426 1 25905397822
25905332428 1 25905791028
25905332428 1 30200365223
25905332500 1 21610430717
25905332581 1 25905398126
25905332582 1 25905398128
25905332657 1 21593653810
25905332657 1 25905332658
25905332659 1 25905398326
25905332659 1 25905398331
25905332734 1 21593653809
25905332735 2 21593653810
25905397822 1 30200758338
25905398026 1 25905463486
25905398126 1 25905463610
25905398128 1 30200431027
25905398326 1 21593719326
25905398331 1 25888686634
25905463486 1 25905528916
25905463487 1 25905528916
25905463610 1 30200496227
25905791028 1 25905791029
25920864338 1 21625962679
25920864340 2 25920929928
25920864371 1 25920929978
25920929820 1 25920995370
25920929821 1 21626028074
25920929821 1 25920995370
25920929821 2 25920995371
25920929822 1 25920995371
25920929824 1 25921978553
25920929825 1 25921978552
25920929825 1 25921978553
25920929825 1 30215962674
25920929872 1 25920995448
25920929872 1 25920995449
25920929873 1 21626028151
25920929873 1 25920995448
25920929873 2 25920995449
25920929874 1 25920995449
25920929874 1 25920995527
25920929875 1 25920995452
25920929876 1 8741060722
25920929876 1 25920995453
25920929877 1 25920995454
25920929924 1 21626028229
25920929928 1 8724349099
25920929928 2 25904218315
25920929928 1 25904218316
25920929928 1 25904218317
25920929929 1 8724349099
25920929929 1 25904218316
25920929978 1 25904218468
25920995370 1 21627011293
25920995370 2 25921978590
25920995371 1 21610234077
25920995371 1 21627011293
25920995371 1 25905201374
25920995371 1 43085070575
25920995448 1 25905201414
25920995449 1 21610234158
25920995449 1 25905201414
25920995452 1 25905201416
25920995453 1 25905201415
25920995453 1 25905201416
25920995454 1 25905201416
25920995527 1 21610234157
25921978393 1 21610823732
25921978393 1 25922371683
25921978431 1 25922044048
25921978511 1 25922044105
25921978512 1 25922044105
25921978552 1 25905266944
25921978553 1 25922044107
25921978590 1 25905266943
25921978590 1 25905266944
25921978591 1 25905266944
25921978592 1 25905266944
25922044048 1 25905332423
25922044105 1 25905332428
25922502752 1 25922633823
25922633830 1 25922764901
25922830390 1 25922961461
25922961462 1 25923092532
25937575978 1 21625897041
25937575978 1 25937575994
25937575978 1 25937838138
25937575978 1 25937838140
25937575978 2 25954615356
25937575978 2 25954615359
25937575978 1 25956581476
25937575978 1 25956581479
25937575993 5 25937838138
25937575993 11 25937838140
25937575993 1 25937838143
25937575993 5 25954615354
25937575993 6 25954615356
25937575993 1 25954615359
25937575993 2 25956581466
25937575993 5 25956581469
25937575993 2 25956581473
25937575993 8 25956581476
25937575993 3 25956581479
25937575994 3 25937838140
25937575994 12 25937838143
25937575994 6 25937838146
25937575994 2 25954615356
25937575994 14 25954615359
25937575994 8 25954615362
25937575994 1 25956581466
25937575994 5 25956581469
25937575994 5 25956581473
25937575994 9 25956581476
25937575994 6 25956581479
25937575994 4 25956581482
25937575994 2 30251548778
25937575994 1 30251548781
25937576009 1 25937838138
25937576009 1 25937838140
25937576009 1 25956581466
25937641490 1 21625962523
25937641490 1 25920929820
25937641490 2 25920929821
25937641490 1 43100799027
25937641491 1 25920929821
25937641491 1 25937641492
25937641492 1 25920929825
25937641521 1 21625962575
25937641522 1 21625962575
25937641522 2 25920929872
25937641522 1 25920929873
25937641523 1 25920929821
25937641523 1 25920929873
25937641523 1 25920929874
25937641523 1 25920929875
25937641524 1 25920929824
25937641524 2 25920929876
25937641524 1 25920929928
25937641553 1 21625962576
25937641554 1 21625962576
25937641554 1 21625962627
25937641554 1 25920929873
25937641554 1 25920929924
25937641556 1 25920929928
25937707040 1 25921978552
25937838138 6 25937903674
25937838138 6 25937903676
25937838138 2 25954680890
25937838138 1 25954680892
25937838138 2 25956581469
25937838140 12 25937903676
25937838140 5 25937903679
25937838140 1 25956450404
25937838140 1 25956581466
25937838140 1 25956581469
25937838140 1 25956581473
25937838143 5 25937903679
25937838143 2 25937903682
25937838143 1 25937969215
25937838143 5 25954680895
25937838143 1 25956450404
25937838143 1 25956581466
25937838143 1 25956581473
25937838143 1 25956581479
25937838146 1 25921978511
25937838146 2 25937903682
25937903674 3 25937969210
25937903674 1 25937969212
25937903674 1 25954746426
25937903674 2 25954746428
25937903676 9 25937969212
25937903676 2 25937969215
25937903676 3 25954746428
25937903676 1 25954746431
25937903679 5 25937969215
25937903679 2 25937969218
25937903682 2 25937969218
25937969210 1 25938034747
25937969210 1 25938034749
25937969210 2 25954811963
25937969210 1 25954811965
25937969212 1 25938034749
25937969212 5 25938034750
25937969212 2 25938034752
25937969212 3 25954811965
25937969212 5 25954811966
25937969212 1 25954811968
25937969214 1 25937969216
25937969214 1 25938034750
25937969214 1 25938034752
25937969215 1 25938034750
25937969215 4 25938034752
25937969215 5 25938034753
25937969215 1 25938034755
25937969215 1 25954811969
25937969215 1 25954811971
25937969218 1 25938034753
25937969218 1 25938034755
25937969218 1 25954811971
25938034747 1 25954877499
25938034747 1 25954877501
25938034749 1 25938100286
25938034750 5 25938100286
25938034750 3 25938100288
25938034752 3 25938100288
25938034752 3 25938100289
25938034753 3 25938100289
25938034753 2 25938100291
25938100286 1 25938165822
25938100286 1 25938165824
25938100286 4 25954943038
25938100286 1 25954943040
25938100288 2 25938165824
25938100288 1 25954943040
25938100288 2 25954943041
25938100289 2 25938165825
25938100289 1 25954943043
25938165822 1 25955008574
25938165824 3 25955008576
25938165825 1 25955008577
25938165825 1 25955008579
25939148897 1 25922502752
25939148897 1 25922961461
25939279972 1 25939411044
25939279978 1 25922633830
25939279978 1 25922633833
25939279978 1 25923092532
25939411044 1 25939542112
25939542106 1 25939542109
25939542106 1 25939673178
25939542109 1 25939542113
25939542109 1 25939673184
25939542112 1 25939673183
25939542116 1 25939673188
25939542119 1 25939673191
25939542119 1 25939673193
25939542119 1 25939673194
25939673178 1 25939804250
25939673184 1 25939804255
25939673188 1 25939804260
25939673188 1 25939804262
25939673191 1 25939804263
25939673193 1 30234771564
25954353161 1 167837730
25954353161 1 17315266778
25954353161 1 21642674192
25954353161 1 21642674193
25954353161 1 25937641491
25954353161 1 25937641492
25954353161 1 25954615356
25954353161 1 25954615359
25954353162 1 21642674192
25954353162 1 25921978591
25954353162 1 25937641490
25954353162 1 25937641521
25954353162 1 25954615356
25954353162 2 25954615359
25954353162 1 25954615362
25954353162 1 25956581469
25954353162 1 25956581476
25954353162 1 30232608788
25954353162 1 30232608789
25954353162 1 34527576087
25954353162 1 43134222352
25954353177 1 4446027877
25954353177 1 17347706926
25954353177 2 21642674224
25954353177 1 21642674225
25954353177 1 21642674255
25954353177 2 21661614170
25954353177 2 25937641490
25954353177 1 25937641522
25954353177 1 25937641523
25954353177 1 25937641524
25954353177 1 25954615351
25954353177 9 25954615354
25954353177 11 25954615356
25954353177 3 25954615359
25954353177 3 25956581466
25954353177 2 25956581469
25954353177 1 25956581473
25954353177 1 25956581476
25954353177 1 30251548781
25954353178 1 4446027877
25954353178 1 8774484004
25954353178 1 17332043993
25954353178 1 21642674225
25954353178 1 21661614170
25954353178 3 25937641490
25954353178 1 25937641491
25954353178 3 25937641522
25954353178 2 25937641523
25954353178 3 25937641524
25954353178 5 25954615356
25954353178 16 25954615359
25954353178 8 25954615362
25954353178 1 25956581466
25954353178 1 25956581469
25954353178 3 25956581473
25954353178 2 25956581476
25954353178 4 25956581479
25954353178 1 25956581482
25954353178 1 30232608821
25954353178 1 30234771562
25954353178 2 30251548778
25954353178 2 30251548781
25954353193 1 21642674257
25954353193 1 21661483094
25954353193 3 21661614170
25954353193 1 25937641553
25954353193 2 25937641554
25954353193 1 25939542116
25954353193 2 25954353194
25954353193 4 25954353209
25954353193 1 25954615351
25954353193 31 25954615354
25954353193 35 25954615356
25954353193 5 25954615359
25954353193 1 25956450394
25954353193 4 25956581466
25954353193 8 25956581469
25954353193 9 25956581473
25954353193 6 25956581476
25954353193 1 30232608852
25954353193 1 30251548778
25954353194 1 4462805062
25954353194 1 8757772359
25954353194 1 21625897041
25954353194 1 21642674225
25954353194 1 21661614170
25954353194 1 25920864338
25954353194 1 25920864340
25954353194 1 25920864371
25954353194 2 25937641554
25954353194 1 25937641556
25954353194 2 25939542116
25954353194 8 25954615356
25954353194 49 25954615359
25954353194 30 25954615362
25954353194 1 25956450394
25954353194 1 25956450397
25954353194 1 25956450404
25954353194 1 25956581466
25954353194 7 25956581469
25954353194 6 25956581473
25954353194 8 25956581476
25954353194 11 25956581479
25954353194 4 25956581482
25954353194 1 30215831637
25954353194 2 30215831638
25954353194 1 30215831669
25954353194 1 30232608852
25954353194 2 30232608853
25954353194 1 30251417706
25954353194 4 30251548778
25954353194 2 30251548781
25954353194 1 43117510719
25954353195 1 30215831637
25954353195 1 30232608853
25954353209 1 21625897041
25954353209 1 25956581469
25954353209 1 25956581476
25954353209 1 30251548778
25954353210 1 25920864340
25954353210 1 25956581469
25954353210 1 25956581482
25954353210 1 30215831669
25954353210 1 30232608853
25954353210 1 30251548778
25954615351 2 21661614170
25954615351 13 25954615354
25954615351 55 25954615356
25954615351 20 25954680887
25954615351 80 25954680890
25954615351 46 25954680892
25954615351 1 25956581466
25954615351 3 25956581469
25954615351 2 25956581473
25954615351 1 25956581479
25954615354 1 4430364877
25954615354 1 21661614166
25954615354 14 21661614170
25954615354 124 25954615356
25954615354 107 25954615359
25954615354 2 25954680887
25954615354 211 25954680890
25954615354 272 25954680892
25954615354 66 25954680895
25954615354 1 25954746426
25954615354 1 25954746428
25954615354 1 25956450397
25954615354 15 25956581466
25954615354 24 25956581469
25954615354 25 25956581473
25954615354 12 25956581476
25954615354 5 25956581479
25954615354 1 25971392575
25954615356 1 4430364877
25954615356 1 21661614166
25954615356 11 21661614170
25954615356 178 25954615359
25954615356 105 25954615362
25954615356 1 25954680890
25954615356 208 25954680892
25954615356 263 25954680895
25954615356 80 25954680898
25954615356 1 25954746431
25954615356 1 25956450397
25954615356 1 25956450401
25954615356 1 25956450404
25954615356 15 25956581466
25954615356 32 25956581469
25954615356 48 25956581473
25954615356 38 25956581476
25954615356 14 25956581479
25954615356 1 25956581482
25954615356 1 25971392575
25954615359 3 21661614170
25954615359 1 25921978511
25954615359 180 25954615362
25954615359 64 25954615364
25954615359 2 25954680892
25954615359 214 25954680895
25954615359 228 25954680898
25954615359 40 25954680900
25954615359 2 25954746431
25954615359 2 25956450401
25954615359 2 25956450404
25954615359 1 25956450410
25954615359 2 25956581466
25954615359 15 25956581469
25954615359 36 25956581473
25954615359 42 25956581476
25954615359 32 25956581479
25954615359 11 25956581482
25954615359 1 30216945810
25954615359 10 30251548778
25954615362 1 21661614170
25954615362 68 25954615364
25954615362 1 25954680895
25954615362 39 25954680898
25954615362 10 25954680900
25954615362 1 25956450410
25954615362 7 25956581473
25954615362 26 25956581476
25954615362 22 25956581479
25954615362 10 25956581482
25954615362 1 25971392580
25954615362 14 30251548778
25954615364 7 25956581476
25954615364 6 25956581479
25954615364 1 30251548778
25954680887 35 25954680892
25954680887 20 25954746423
25954680887 64 25954746426
25954680887 21 25954746428
25954680887 1 25954811962
25954680890 1 17332437058
25954680890 35 25954680895
25954680890 226 25954746426
25954680890 206 25954746428
25954680890 16 25954746431
25954680890 1 25954811964
25954680892 1 17332437058
25954680892 50 25954680898
25954680892 2 25954746426
25954680892 257 25954746428
25954680892 234 25954746431
25954680892 30 25954746434
25954680892 1 25954811964
25954680892 1 25956581476
25954680895 35 25954680900
25954680895 246 25954746431
25954680895 208 25954746434
25954680895 15 25954746436
25954680895 1 25954811967
25954680895 1 25954811970
25954680895 1 25956581476
25954680898 6 25954746431
25954680898 75 25954746434
25954680898 11 25954746436
25954746423 11 25954746428
25954746423 6 25954811959
25954746423 36 25954811962
25954746423 2 25954811964
25954746426 1 25954746428
25954746426 7 25954746431
25954746426 223 25954811962
25954746426 14 25954811963
25954746426 154 25954811964
25954746426 12 25954811965
25954746426 1 25954877498
25954746426 3 25954877499
25954746426 4 25954877501
25954746426 1 25956581473
25954746428 12 25954746434
25954746428 2 25954811962
25954746428 242 25954811964
25954746428 5 25954811965
25954746428 15 25954811966
25954746428 164 25954811967
25954746428 9 25954811968
25954746428 3 25954811970
25954746428 3 25954877500
25954746428 7 25954877502
25954746428 1 25954877503
25954746428 2 25954877504
25954746428 1 25956581473
25954746431 1 21627011211
25954746431 10 25954746436
25954746431 1 25954811964
25954746431 3 25954811966
25954746431 244 25954811967
25954746431 21 25954811968
25954746431 21 25954811969
25954746431 168 25954811970
25954746431 3 25954811971
25954746431 2 25954811972
25954746431 1 25954877502
25954746431 7 25954877504
25954746431 7 25954877505
25954746431 1 25954877507
25954746434 2 25954811967
25954746434 7 25954811969
25954746434 94 25954811970
25954746434 11 25954811971
25954746434 7 25954811972
25954746434 1 25954811973
25954746434 1 25954877505
25954746434 2 25954877506
25954746434 5 25954877507
25954811959 2 25954877495
25954811959 9 25954877498
25954811962 1 8742109193
25954811962 1 21627011173
25954811962 1 21644836948
25954811962 1 25954811964
25954811962 7 25954877497
25954811962 186 25954877498
25954811962 36 25954877499
25954811962 110 25954877500
25954811962 26 25954877501
25954811962 1 25954877502
25954811962 1 25954877504
25954811962 2 25954943033
25954811962 1 25954943034
25954811962 5 25954943035
25954811962 2 25954943037
25954811963 15 25954877499
25954811963 11 25954877501
25954811964 1 25922371683
25954811964 190 25954877500
25954811964 19 25954877501
25954811964 42 25954877502
25954811964 104 25954877503
25954811964 19 25954877504
25954811964 1 25954943036
25954811964 7 25954943037
25954811964 9 25954943038
25954811964 1 25954943040
25954811965 10 25954877501
25954811965 3 25954877502
25954811966 1 25954877501
25954811966 15 25954877502
25954811966 9 25954877504
25954811967 1 25954877500
25954811967 4 25954877502
25954811967 204 25954877503
25954811967 32 25954877504
25954811967 24 25954877505
25954811967 118 25954877506
25954811967 2 25954877507
25954811967 2 25954943038
25954811967 1 25954943039
25954811967 5 25954943040
25954811967 4 25954943041
25954811967 1 25954943043
25954811967 1 25956581476
25954811968 1 25922633823
25954811968 16 25954877504
25954811968 10 25954877505
25954811968 1 25954943040
25954811969 1 25954877504
25954811969 13 25954877505
25954811969 6 25954877507
25954811969 1 25954943043
25954811970 12 25954877505
25954811970 106 25954877506
25954811970 31 25954877507
25954811970 1 25954877508
25954811970 6 25954877509
25954811970 1 25954943041
25954811970 2 25954943043
25954811971 6 25954877507
25954811971 1 25954877509
25954877495 2 25954943034
25954877497 2 25954943033
25954877497 8 25954943035
25954877498 3 25954943033
25954877498 111 25954943034
25954877498 52 25954943035
25954877498 53 25954943036
25954877498 36 25954943037
25954877498 1 25955008570
25954877498 6 25955008571
25954877498 1 25955008572
25954877498 2 25955008573
25954877499 41 25954943035
25954877499 27 25954943037
25954877500 125 25954943036
25954877500 38 25954943037
25954877500 65 25954943038
25954877500 54 25954943039
25954877500 18 25954943040
25954877500 2 25955008572
25954877500 3 25955008573
25954877500 5 25955008574
25954877500 3 25955008576
25954877500 1 34512437374
25954877501 1 25954943035
25954877501 30 25954943037
25954877501 16 25954943038
25954877502 2 25954943037
25954877502 46 25954943038
25954877502 23 25954943040
25954877502 1 25955008574
25954877502 2 25955008576
25954877503 1 21627666508
25954877503 1 25954943036
25954877503 5 25954943038
25954877503 138 25954943039
25954877503 44 25954943040
25954877503 46 25954943041
25954877503 67 25954943042
25954877503 7 25954943043
25954877503 1 25955008574
25954877503 6 25955008576
25954877503 4 25955008577
25954877504 1 25939804260
25954877504 5 25954943038
25954877504 44 25954943040
25954877504 18 25954943041
25954877504 1 25955008576
25954877504 1 25955008577
25954877505 1 25939804260
25954877505 2 25954943040
25954877505 36 25954943041
25954877505 16 25954943043
25954877506 3 25954943039
25954877506 24 25954943041
25954877506 74 25954943042
25954877506 56 25954943043
25954877506 11 25954943045
25954877506 2 25955008577
25954877506 1 25955008578
25954877506 8 25955008579
25954877506 3 25955008581
25954877507 3 25954943041
25954877507 36 25954943043
25954877507 7 25954943045
25954943033 4 25955008569
25954943033 9 25955008571
25954943034 3 25955008569
25954943034 68 25955008570
25954943034 36 25955008571
25954943034 18 25955008572
25954943034 22 25955008573
25954943035 4 25955008569
25954943035 89 25955008571
25954943035 44 25955008573
25954943036 1 25955008571
25954943036 71 25955008572
25954943036 31 25955008573
25954943036 56 25955008574
25954943036 20 25955008575
25954943036 21 25955008576
25954943037 1 25939804253
25954943037 2 25955008571
25954943037 73 25955008573
25954943037 41 25955008574
25954943038 6 25955008573
25954943038 88 25955008574
25954943038 34 25955008576
25954943039 11 25955008574
25954943039 76 25955008575
25954943039 37 25955008576
25954943039 44 25955008577
25954943039 26 25955008578
25954943039 13 25955008579
25954943040 1 25922764901
25954943040 4 25955008574
25954943040 85 25955008576
25954943040 38 25955008577
25954943040 1 25956581479
25954943041 3 25955008576
25954943041 76 25955008577
25954943041 36 25955008579
25954943042 1 13037142032
25954943042 11 25955008577
25954943042 46 25955008578
25954943042 44 25955008579
25954943042 14 25955008581
25954943043 6 25955008577
25954943043 76 25955008579
25954943043 18 25955008581
25955008573 1 25939804250
25955008573 1 25956581469
25955008576 1 25956581473
25955008577 1 25956581473
25956319322 1 21661483098
25956319322 2 25956319325
25956319322 2 25956450394
25956319325 5 25956450397
25956319325 1 25956450401
25956319329 1 25956319332
25956319329 6 25956450401
25956319329 1 25956450404
25956319332 1 25939673188
25956319332 3 25956319335
25956319332 7 25956450404
25956319332 3 25956450407
25956319335 1 25956319338
25956319335 1 25956450404
25956319335 5 25956450407
25956319335 1 25956450410
25956319338 1 25956450410
25956450394 2 21661614170
25956450394 12 25956450397
25956450394 17 25956581466
25956450394 5 25956581469
25956450397 1 17333157926
25956450397 2 25939804253
25956450397 1 25939804257
25956450397 8 25956450401
25956450397 2 25956581466
25956450397 49 25956581469
25956450397 7 25956581473
25956450401 1 25939804257
25956450401 4 25956450404
25956450401 3 25956581469
25956450401 42 25956581473
25956450401 2 25956581476
25956450404 2 25956450407
25956450404 3 25956581473
25956450404 61 25956581476
25956450404 4 25956581479
25956450407 8 25956450410
25956450407 2 25956581476
25956450407 46 25956581479
25956450407 7 25956581482
25956450410 10 25956581482
25956450410 1 30251548778
25956581466 3 25956581469
25956581469 4 25956581473
25956581473 6 25956581476
25956581476 5 25956581479
25956581479 6 25956581482
25971392567 6 25971392572
25971392567 6 25971458106
25971392567 6 25971458108
25971392570 1 25954680890
25971392570 2 25954680892
25971392570 1 25954680895
25971392570 7 25971392572
25971392570 13 25971392575
25971392570 4 25971458106
25971392570 12 25971458108
25971392570 8 25971458111
25971392572 3 25954680895
25971392572 3 25954680898
25971392572 13 25971392575
25971392572 13 25971392578
25971392572 1 25971458106
25971392572 3 25971458108
25971392572 10 25971458111
25971392572 8 25971458114
25971392575 1 25954680898
25971392575 1 25954680900
25971392575 13 25971392578
25971392575 6 25971392580
25971392575 5 25971458114
25971392575 5 25971458116
25971392578 5 25971392580
25971458103 2 25954746426
25971458103 2 25954746428
25971458103 8 25971458108
25971458103 6 25971523642
25971458103 6 25971523644
25971458106 2 25954746426
25971458106 4 25954746428
25971458106 2 25954746431
25971458106 2 25971458108
25971458106 8 25971458111
25971458106 5 25971523642
25971458106 9 25971523644
25971458106 4 25971523647
25971458108 1 25954746428
25971458108 4 25954746431
25971458108 3 25954746434
25971458108 1 25971458111
25971458108 9 25971458114
25971458108 5 25971523644
25971458108 8 25971523647
25971458108 3 25971523650
25971458111 4 25954746431
25971458111 5 25954746434
25971458111 1 25954746436
25971458111 3 25971458114
25971458111 6 25971458116
25971458111 1 25971523647
25971458111 3 25971523650
25971458111 2 25971523652
25971458114 1 25971458116
25971523639 1 25954811962
25971523639 5 25971523644
25971523639 2 25971589175
25971523639 4 25971589178
25971523639 2 25971589180
25971523642 7 25954811962
25971523642 7 25954811964
25971523642 6 25971523647
25971523642 3 25971589178
25971523642 5 25971589180
25971523642 2 25971589183
25971523644 1 25954811964
25971523644 1 25954811967
25971523644 1 25971523650
25971523644 2 25971589180
25971523644 3 25971589183
25971523644 1 25971589186
25971523647 1 25954811967
25971523647 1 25954811970
25971523647 2 25971523652
25971523647 2 25971589183
25971523647 4 25971589186
25971523647 2 25971589188
25971589175 1 25971654711
25971589175 2 25971654714
25971589178 4 25954877498
25971589178 3 25954877500
25971589180 2 25954877500
25971589180 2 25954877503
25971589180 1 25971589186
25971589180 3 25971654716
25971589180 3 25971654719
25971589183 2 25954877503
25971589183 1 25954877506
25971589183 1 25954943042
25971589183 2 25971589188
25971589183 1 25971654719
25971589183 2 25971654722
25971654711 1 25971720250
25971654714 1 25954943034
25971654716 2 25954943036
25971654716 3 25954943039
25971654716 1 25971720252
25971654719 1 25971720255
25971654719 1 25971720258
25971654722 1 25954943042
25971720250 1 25955008570
25971720252 1 25955008572
25971720252 1 25955008575
25971720255 1 25955008570
25971720255 1 25955008572
25971720255 1 25955008575
25971720255 1 25955008578
30166680148 1 25871778776
30166680149 1 30166746073
30166746073 1 25871844915
30183391618 1 25888490010
30183391618 1 30166680148
30183391619 1 30166680148
30183391619 1 30166680149
30183391620 1 30166680149
30183457200 1 34478490203
30183522899 1 25888621319
30199120115 1 30199185772
30199185615 1 30200168754
30199185693 1 30183391618
30199185695 1 30200168756
30199185772 1 30183391618
30199185774 1 30183391619
30200168673 1 30200168713
30200168674 1 30200168714
30200168674 1 30200234302
30200168675 1 30200234302
30200168675 1 30200234359
30200168713 1 25905267001
30200168714 1 25905267001
30200168714 1 25905267058
30200168754 1 30200234412
30200168756 1 30183457200
30200234188 1 25905332428
30200234302 1 30200299964
30200234359 1 34478490203
30200234412 1 30183522899
30200299725 1 25905398026
30200299964 1 30200365536
30200365223 1 34495594566
30200365432 1 30200430910
30200365433 1 30200430910
30200365536 1 34478621240
30200365638 1 34478621240
30200430672 1 34495594566
30200430910 1 30200430911
30200431027 1 30200496531
30200627263 1 30200758338
30215831637 1 30215897279
30215831638 1 30215897279
30215831638 1 30215897280
30215831638 1 30215897281
30215831669 1 30199120115
30215831669 1 30215897279
30215831670 1 30199120115
30215897122 1 30215962675
30215897123 1 30215962675
30215897176 1 30215962757
30215897226 1 30199185615
30215897226 1 30215962752
30215897227 1 30215962753
30215897279 1 30199185693
30215897279 1 30199185695
30215897280 1 30199185774
30215897281 1 34494152994
30215962674 1 30200168674
30215962675 1 30200168673
30215962676 1 30216945890
30215962752 1 25905201417
30215962753 1 30200168714
30215962757 1 30215962758
30216028230 1 25954680890
30216028230 1 30200168675
30216945810 1 30217011404
30216945811 1 30217011404
30216945890 1 30200234188
30217011404 1 30200299725
30232543290 1 25956450404
30232543290 1 25956450407
30232543290 3 25956581479
30232543290 1 30232805442
30232543290 1 30232805444
30232543290 4 30249582658
30232543290 4 30249582660
30232543291 1 25956450404
30232543291 1 30249582660
30232543307 1 25956581476
30232543307 1 30232805444
30232608788 1 25937707040
30232608789 1 30215897122
30232608821 1 30215897176
30232608852 1 4446093425
30232608852 1 30215897226
30232608853 2 30215897226
30232608853 1 30215897227
30232608853 1 30215962676
30232608854 1 30215897227
30232805442 1 30232870978
30232805444 1 30232870980
30232870978 1 30249713730
30232870980 1 30232936516
30232936516 1 30233002053
30233002053 1 30233067589
30233067589 1 25954943043
30233067589 1 25954943045
30234509418 1 30234640490
30234640490 1 30234771562
30249320458 1 25956450404
30249320458 1 30249582658
30249320458 1 30249582660
30249320474 1 30249582658
30249320474 1 30249582660
30249320475 1 25954615362
30249320475 1 25954615364
30249320475 1 25956450404
30249320475 2 25956581476
30249320475 1 25956581479
30249320475 2 30249582658
30249320475 3 30249582660
30249320475 1 30249582663
30249320490 1 25939804263
30249320490 5 25954615362
30249320490 3 25954615364
30249320490 1 25956450401
30249320490 3 25956581476
30249320490 1 30249320506
30249320491 1 25939804263
30249320491 1 25954615362
30249320491 1 25956450401
30249320491 1 25956581473
30249320491 1 25956581476
30249320491 1 30215831638
30249320491 1 30249320506
30249320506 1 25956581473
30249582658 5 25954680898
30249582658 3 25954680900
30249582658 4 25956581476
30249582658 8 25956581479
30249582658 1 25956581482
30249582658 1 30216945810
30249582658 24 30249582660
30249582658 2 30249582663
30249582658 42 30249648194
30249582658 44 30249648196
30249582660 1 25956450401
30249582660 4 25956581476
30249582660 10 25956581479
30249582660 1 25956581482
30249582660 4 30249582663
30249582660 8 30249648196
30249582660 2 30249648199
30249582663 1 25956450401
30249648194 8 25954746434
30249648194 5 25954746436
30249648194 1 30249648196
30249648194 1 30249648199
30249648194 36 30249713730
30249648194 33 30249713732
30249648196 1 30249713730
30249648196 8 30249713732
30249713730 12 25954811970
30249713730 1 25954811971
30249713730 7 25954811972
30249713730 1 25954811973
30249713730 22 30249779266
30249713730 1 30249779267
30249713730 14 30249779268
30249713730 2 30249779269
30249713730 1 30249844803
30249713730 1 30249844805
30249713732 1 30249713735
30249713732 2 30249779266
30249713732 7 30249779268
30249713732 1 30249779269
30249779266 4 25954877506
30249779266 4 25954877507
30249779266 4 25954877509
30249779266 2 25954943043
30249779266 2 25954943045
30249779266 1 25956581482
30249779266 13 30249844802
30249779266 2 30249844803
30249779266 5 30249844804
30249779266 2 30249844805
30249779267 1 30249844805
30249779268 2 30249844802
30249779268 2 30249844804
30249779268 2 30249844805
30249779268 1 30249910341
30249779269 1 30249844803
30249779269 1 30249844805
30249779269 1 30249910339
30249779269 1 30249910341
30249844802 4 25954943042
30249844802 2 25954943043
30249844802 2 25954943045
30249844802 2 25955008579
30249844802 2 25955008581
30249844802 2 30249910338
30249844802 5 30249910339
30249844802 5 30249910341
30249844803 3 25954943043
30249844803 2 25954943045
30249844803 1 30249910339
30249844803 1 30249910341
30249844805 1 25954943043
30249844805 1 25954943045
30249844805 2 30249910341
30249844810 1 25954943041
30249910338 1 25955008578
30249910338 1 25955008579
30249910338 1 25955008581
30249910339 7 25955008579
30249910339 4 25955008581
30249910341 3 25955008579
30249910341 3 25955008581
30251286634 1 30251417706
30251417706 2 30251417709
30251417706 9 30251548778
30251417706 4 30251548781
30251417709 2 30251548781
30251548778 2 30251548781
30266556487 1 30266622018
30266556487 1 30266622020
30266622018 1 25971720255
34461779220 1 25856049256
34478424555 1 34478490363
34478490203 1 34478555927
34478490203 1 34478556131
34478490363 1 38756746319
34478490364 1 34461779220
34478555927 1 34478621605
34478556131 1 69599241
34478621240 1 34478686932
34494152994 1 34495136094
34495136094 1 34478424555
34495201545 1 34495267184
34495201546 1 34495267184
34495201549 1 34495267110
34495267110 1 34495332527
34495267184 1 30200365432
34510864423 1 34511913190
34511913190 1 34495201545
34527576087 1 34510864423
34527576088 1 34510864423
34544615506 1 21661614160
34544615506 1 34544681039
34544615506 1 34544681042
34544681037 1 30266556487
34544681037 1 30266556490
34544681037 1 34544681042
34544746578 1 30249844810
34561654861 1 25955008575
38756746319 1 38756812175
38756812168 1 4347920402
38773391798 1 34478490364
38773523032 1 38773588667
38773588667 1 38773588668
38790103313 1 38773391798
38790103314 1 38773391798
38790234337 1 38790299731
38790299731 1 38790299732
38806880489 1 34495201549
38822740056 1 25954746428
38822740056 1 38790103313
38822740057 1 38790103313
38822871131 1 17349869644
38822871131 1 34544746578
38824181900 1 43102503066
43068556341 1 47363523638
43085070575 1 43085136205
43085136091 1 43085136148
43085136147 1 38790234337
43085136148 1 38790234337
43085136205 1 43085201870
43085201870 1 38773523032
43100799026 1 43101847750
43100799027 1 25920995371
43100864588 1 43085070575
43101847670 1 43085136148
43101847750 1 43085136091
43117510687 1 43100799027
43117510719 1 43100799026
43117903977 1 43101847670
43117903977 1 43134746725
43117903977 1 43151523938
43117903977 1 43151523941
43134222351 1 25937641490
43134222352 1 25937641490
43134484581 1 25971589183
43134484581 1 25971589186
43134746725 1 34561654861
43134746725 1 34561654863
43151523938 1 25954943043
47378858096 1 43117903977
47378858096 1 43117903979
47378858096 1 47395700896
47395700896 1 47395766479
47395766479 1 47395831963
47395766480 1 47395831963
47395831963 1 25939804255
47412412496 1 43134484581
47412412496 1 43134484584
47412412496 1 47412478016
47412478016 1 25939804262
