69599246 1 8659861521
4363388452 1 4364435472
4363388453 1 4364435472
8658223834 1 4363388452
8659861521 1 8659861523
12936020002 1 8658223834
12936020003 1 8658223834
12937855034 1 12937986103
12937986103 1 12938117177
12938117177 1 12938248248
17214275628 1 17214341162
17214275631 1 17214341162
17214341162 1 17214406697
17214406697 1 17231249448
17231118382 1 17232560190
17231249448 1 12937855034
17249730630 1 17250058276
17249730633 1 17250058276
21492400180 1 21492400186
21492400183 1 17214275628
21492400186 1 17214275628
21509242932 1 17231118382
21527658579 1 21527789646
21527789646 1 17249730630
25787433026 2 25787498562
25787433028 1 25787498562
25787498559 1 25787498564
25787498562 1 25787564095
25787498562 4 25787564098
25787498564 1 25787564095
25787498564 4 25787564098
25787564095 1 25787564100
25787564095 1 25787629628
25787564098 1 25787629628
25787564098 2 25787629631
25787564098 8 25787629634
25787564100 1 25787629631
25787564100 7 25787629634
25787629628 1 25787695164
25787629631 1 25787695164
25787629631 2 25787695167
25787629634 1 25787629636
25787629634 2 25787695167
25787629634 13 25787695170
25787629636 13 25787695170
25787695167 2 25787695170
25787695170 2 25787695172
25804275778 1 25804341314
25804341308 1 21527658579
25804341314 1 25804406850
25804341316 1 25804406850
25804406850 1 25804472386
25804406851 1 25804472387
25804406853 1 25804472387
25804472387 1 25806241895
25806241895 1 25806372964
25839272038 1 25839403100
25839272039 1 25839403100
25839403100 1 21544763436
30082269250 54 30082269255
30082269250 10 30082334786
30082269250 1 30099112002
30082269252 1 12936020002
30082269252 1 21492400180
30082269252 42 30082269258
30082269252 61 30082334786
30082269252 4 30082334788
30082269252 4 30099112002
30082269255 41 30082269261
30082269255 55 30082334786
30082269255 42 30082334788
30082269255 7 30082334791
30082269255 3 30099112002
30082269255 2 30099112004
30082269258 1 12936020002
30082269258 3 30082269263
30082269258 36 30082334788
30082269258 39 30082334791
30082269258 13 30082334794
30082269258 3 30099112004
30082269258 2 30099112007
30082269258 1 30099112010
30082269258 1 34377302090
30082269261 35 30082334791
30082269261 17 30082334794
30082269261 1 30099112004
30082269261 2 30099112007
30082269261 1 30099112010
30082269261 1 34377302090
30082269263 3 30082334794
30082334786 2 25787433026
30082334786 97 30082334791
30082334786 30 30082400322
30082334786 2 30099177538
30082334788 1 25787433026
30082334788 95 30082334794
30082334788 107 30082400322
30082334788 29 30082400324
30082334788 4 30099177538
30082334788 1 34410922064
30082334791 1 21509242932
30082334791 102 30082334797
30082334791 84 30082400322
30082334791 106 30082400324
30082334791 26 30082400327
30082334791 1 30082400330
30082334791 4 30099177538
30082334791 3 30099177540
30082334791 1 30099177543
30082334791 1 34410922064
30082334794 5 30082334799
30082334794 2 30082400322
30082334794 75 30082400324
30082334794 100 30082400327
30082334794 47 30082400330
30082334794 3 30099177540
30082334794 4 30099177543
30082334794 2 30099177546
30082334794 1 34377302095
30082334797 77 30082400327
30082334797 52 30082400330
30082334797 3 30099177543
30082334797 2 30099177546
30082334799 5 30082400330
30082400322 1 25787498559
30082400322 2 25787498562
30082400322 130 30082400327
30082400322 48 30082465858
30082400322 1 30082465860
30082400322 2 30099243074
30082400324 1 25787498559
30082400324 3 25787498562
30082400324 129 30082400330
30082400324 151 30082465858
30082400324 61 30082465860
30082400324 2 30082465863
30082400324 3 30099243074
30082400324 3 30099243076
30082400324 1 30116020294
30082400327 126 30082400333
30082400327 108 30082465858
30082400327 167 30082465860
30082400327 60 30082465863
30082400327 2 30082465866
30082400327 1 30099243074
30082400327 4 30099243076
30082400327 1 30116020294
30082400330 6 30082400335
30082400330 106 30082465860
30082400330 138 30082465863
30082400330 95 30082465866
30082400330 1 30082465869
30082400330 1 30099243076
30082400330 2 30099243082
30082400330 1 34377367631
30082400330 1 34377433162
30082400333 83 30082465863
30082400333 96 30082465866
30082400333 1 30082465869
30082400333 2 30099243082
30082400333 4 34377433162
30082400335 3 30082465866
30082400335 3 34377433162
30082465858 5 25787564098
30082465858 86 30082465863
30082465858 85 30082531394
30082465858 1 30082531396
30082465860 1 25787564095
30082465860 5 25787564098
30082465860 92 30082465866
30082465860 148 30082531394
30082465860 104 30082531396
30082465860 3 30082531399
30082465860 3 30099308612
30082465863 1 25787564095
30082465863 1 30082465866
30082465863 83 30082465869
30082465863 72 30082531394
30082465863 175 30082531396
30082465863 94 30082531399
30082465863 3 30082531402
30082465863 3 30099308612
30082465863 1 30099308615
30082465866 3 30082465871
30082465866 69 30082531396
30082465866 151 30082531399
30082465866 119 30082531402
30082465866 1 30082531405
30082465866 1 30099308615
30082465866 1 34377498698
30082465866 1 34377498703
30082465866 1 43017962189
30082465869 1 25804341308
30082465869 61 30082531399
30082465869 117 30082531402
30082465869 2 30082531405
30082465869 4 34377498698
30082465869 1 34377498703
30082465871 1 25804341308
30082465871 1 30082531405
30082465871 4 34377498698
30082531394 6 25787629634
30082531394 47 30082531399
30082531394 88 30082596930
30082531394 10 30082596932
30082531394 2 30099374148
30082531396 7 25787629634
30082531396 3 30082531399
30082531396 42 30082531402
30082531396 115 30082596930
30082531396 146 30082596932
30082531396 12 30082596935
30082531396 2 30099374148
30082531396 2 30099374151
30082531399 43 30082531405
30082531399 30 30082596930
30082531399 142 30082596932
30082531399 143 30082596935
30082531399 10 30082596938
30082531399 4 30099374151
30082531402 1 69599246
30082531402 1 30082531405
30082531402 15 30082596932
30082531402 150 30082596935
30082531402 138 30082596938
30082531402 3 30082596941
30082531402 2 30099374151
30082531402 3 30099374154
30082531402 2 34377564234
30082531402 1 34377564237
30082531405 23 30082596935
30082531405 124 30082596938
30082531405 3 30082596941
30082531405 3 30099374154
30082531405 3 34377564234
30082531405 1 34377564237
30082596930 3 25787695170
30082596930 11 30082596935
30082596930 80 30082662466
30082596930 22 30082662468
30082596930 2 30099439682
30082596930 1 30099439684
30082596930 1 30099439686
30082596932 3 25787695170
30082596932 1 30082596935
30082596932 6 30082596938
30082596932 83 30082662466
30082596932 166 30082662468
30082596932 14 30082662471
30082596932 2 30099439682
30082596932 3 30099439684
30082596932 1 30099439686
30082596935 10 30082596941
30082596935 4 30082662466
30082596935 111 30082662468
30082596935 162 30082662471
30082596935 14 30082662474
30082596935 2 30099439687
30082596938 1 30082596941
30082596938 1 30082662468
30082596938 122 30082662471
30082596938 151 30082662474
30082596938 2 30082662477
30082596938 2 34377629773
30082596941 5 30082662471
30082596941 108 30082662474
30082596941 2 30082662477
30082596941 3 34377629773
30082662466 84 30082662468
30082662468 92 30082662471
30082662471 98 30082662474
30082662471 1 30082662477
30082662474 89 30082662477
30099112002 2 30099112007
30099112002 2 30099177538
30099112004 1 30099112010
30099112004 3 30099177538
30099112004 3 30099177540
30099112007 2 30099112013
30099112007 1 30099177538
30099112007 4 30099177540
30099112010 1 30099177540
30099112010 1 30099177543
30099112010 2 30099177546
30099112013 1 30099177543
30099112013 2 30099177546
30099177538 1 25804275778
30099177538 2 30099177543
30099177538 4 30099243074
30099177538 1 30099243076
30099177540 1 25804275778
30099177540 1 30099177546
30099177540 4 30099243074
30099177540 9 30099243076
30099177543 3 30099177549
30099177543 8 30099243076
30099177543 3 30099243079
30099177546 4 30099243079
30099177546 6 30099243082
30099177549 1 30099243079
30099177549 6 30099243082
30099243074 4 30099308610
30099243074 3 30099308612
30099243076 1 25804341314
30099243076 3 30099308610
30099243076 16 30099308612
30099243079 11 30099308612
30099243079 4 30099308615
30099243082 4 30099308615
30099243082 8 30099308618
30099243085 8 30099308618
30099308610 1 25804406851
30099308610 3 30099374146
30099308612 1 25804406851
30099308612 3 30099374146
30099308612 15 30099374148
30099308612 1 30099374150
30099308612 2 30099374151
30099308612 1 30099439684
30099308615 7 30099374148
30099308615 1 30099374150
30099308615 6 30099374151
30099308615 1 30099374154
30099308618 3 30099374151
30099308618 9 30099374154
30099308621 5 30099374154
30099374146 1 30099439682
30099374146 2 30099439684
30099374148 1 30099439682
30099374148 18 30099439684
30099374148 1 30099439687
30099374150 1 30099439686
30099374151 3 30099439684
30099374151 11 30099439687
30099374152 1 30099439686
30099374154 5 30099439687
30099374154 10 30099439690
30099374157 5 30099439690
30099439682 2 30099439684
30099439684 1 30099439687
30099439686 1 30101209200
30099439686 1 30117855344
30099439687 2 30099439690
30099439688 1 30101209200
30099439688 1 30117855344
30099439690 3 30099439693
30101209200 1 30101340272
30116020294 1 30133060409
30117855344 1 30117986415
30117986415 1 30118117486
30118117486 1 30118117489
30133060409 1 25839272038
30133060410 1 25839272038
34377302090 1 34377302095
34377302093 1 34394144845
34377302095 1 30082400330
34377302095 1 34394144845
34377367629 1 34377433162
34377367631 1 34377433162
34377433162 2 30082465871
34377433162 3 34377498698
34377433165 4 34377498698
34377498698 1 30082531405
34377498698 1 34377498703
34377498698 2 34377564234
34377498698 4 34377564237
34377498701 1 69599246
34377498701 3 34377564234
34377498701 4 34377564237
34377498703 1 34377564234
34377498703 1 38672531541
34377498706 1 38672531541
34377564234 1 34377629770
34377564234 5 34377629773
34377564237 1 34377629770
34377564237 10 34377629773
34377629770 1 34377629773
34394144845 1 34394210383
34394144847 1 34394210383
34394210383 1 34394275919
34394210386 1 34394275919
34394275919 1 34394341458
34394275922 1 34394341458
34394341458 1 34394406995
34394406995 1 34396307587
34394406996 1 34396307587
34410922064 1 34428027671
34428027671 1 38724173966
34428027711 1 38724173966
38672531541 1 38672597079
38672531543 1 38672597079
38672597079 1 38672597082
38724173966 1 43019272344
38739903701 1 38739903780
38739903779 1 38756746726
38739903780 1 38756746726
43017962189 1 43034805226
43034805226 1 38739903701
43034805227 1 38739903701
