34537578 1 4464574485
50397570 1 67240564
50397571 1 67240564
51118088 1 68289194
67240564 1 67240617
67240565 1 4362273789
67240617 1 4362273789
68289113 1 47329772472
68289115 1 85132162
68289194 1 68355057
68289234 1 68355057
68355057 1 43034871317
69599238 1 4364894220
85066291 1 85132051
85132051 1 85197973
85132162 1 47329838537
85132163 1 47329838537
85197973 1 85263868
85198206 1 85264279
85263868 1 47346747264
85264079 1 85330039
85264279 1 85330162
85330039 1 85396299
85330040 1 85396299
85396299 1 85396300
4362207914 1 4362273790
4362207915 1 4362273795
4362207916 1 4362273795
4362273789 1 4380033589
4362273790 1 68289115
4362273790 1 4380033589
4362273795 1 8658223712
4363256454 1 4380099463
4364566554 1 4364697619
4364894220 1 4365025296
4380033589 1 4380099407
4380099407 1 4380165277
4380099463 1 4380165353
4380099464 1 4380165353
4380165277 1 4380231179
4380165353 1 85264079
4380165431 1 85264079
4380231179 1 8692041623
8624406553 1 8641249306
8640332168 1 8657175165
8641249306 1 8641249307
8657109321 1 30115168631
8657175062 1 12968985300
8657175165 1 8657241020
8657241020 1 30149837385
8658223712 1 8675066709
8658223874 1 8658223914
8658223913 1 8659402786
8658223914 1 8659402786
8659402786 1 4364566554
8659927085 1 8660123672
8660123672 1 8660123674
8675066709 1 12970099959
8675066765 1 12970099959
8676245526 1 8676245528
8676245527 1 8676245528
8691975394 1 8708817998
8692041623 1 8692107682
8742633504 1 4464574485
12919177247 1 12936019998
12919177249 1 12936019998
12936019998 1 8658223874
12936019999 1 30149837388
12936020000 1 8658223874
12936216613 1 12937723956
12936216614 1 12937723956
12937723956 1 12937855025
12937855025 1 12937986095
12937986095 1 8659927085
12968985300 1 30149837386
12970033955 1 12986876941
12986745286 1 12986810945
12986876866 1 12986876867
12986876941 1 8691975394
12986876942 1 8691975394
17214341159 1 12936216613
17231118382 1 17249337412
17248158311 1 12970033955
17248158474 1 17248224375
17248224375 1 17249337407
17248290362 1 17249337408
17249337407 1 12954501173
17249337408 1 17249337411
17249337412 1 17249468485
17249468485 1 17249599558
17249599558 1 17249796136
17249796136 1 17249927209
17249927209 1 17249927211
17264935530 1 17265001255
17265001255 1 12986876866
17265133398 1 17265133399
17265133401 1 17265199264
17265133402 1 17265199264
17265199264 1 8676245526
17265265699 1 17265265700
17298621068 1 17298621069
17315725356 1 17315856424
21509177396 1 17231118382
21509177399 1 17231118382
21509242927 1 17214341159
21509242930 1 17214341159
21525954614 1 21543191620
21525954615 1 17248158474
21525954616 1 21543191620
21526216761 1 21527658582
21527658582 1 25822756955
21527658586 1 25822756955
21542077120 1 21542143007
21542143007 1 21559902790
21542143008 1 21559902790
21543125611 1 21559968666
21543125651 1 21559968666
21543125653 1 21559968725
21543125654 1 21559968725
21543125733 1 21543191620
21543125734 1 21543191620
21543191620 1 17248290362
21543191620 1 25839272028
21543191678 1 21544304727
21544304727 1 21544435797
21544304731 1 21544435797
21544435797 1 17249796138
21558919989 1 21576679924
21559902790 1 25854935855
21559968612 1 17265067265
21559968613 1 17265067265
21559968614 1 21560034566
21559968666 1 21560034644
21559968669 1 21560034719
21559968725 1 21560034643
21560034491 1 21576877408
21560034492 1 21576877408
21560034566 1 17265133398
21560034569 1 21560100600
21560034569 1 21560100601
21560034643 1 17265133401
21560034644 1 17265133401
21560034644 1 21560100602
21560100501 1 21560100502
21560100501 1 21560166451
21560100600 1 21560166566
21560100601 1 21560166566
21560100601 1 21560166569
21560100602 1 25855133873
21560166451 1 21560232694
21560166454 1 8642756651
21560166566 1 12971212835
21560166569 1 17265265699
21576679924 1 21576745545
21576745545 1 21576745601
21576745546 1 21576745602
21576745601 1 17298621068
21576745602 1 17298621068
21576745662 1 21576811393
21576811393 1 21593654315
21576877408 1 21576942822
21576942822 1 21576942942
21576942832 1 21593785764
21576943431 1 21577009612
21576943432 1 21577009612
21577009312 1 21577009313
21593588454 1 21593588455
21593654315 1 17298752494
21593719927 1 21593785458
21610692659 1 21610823726
21610692659 1 21610823727
25803358411 1 25820201363
25803358411 1 25820201364
25804079170 11 25804144706
25804079172 3 25804144706
25804079172 1 30099112002
25804144703 2 25804144708
25804144706 1 21509242927
25804144706 1 25804210239
25804144706 13 25804210242
25804144706 3 25820987458
25804144708 1 21509242927
25804144708 1 25804210239
25804144708 4 25804210242
25804144708 1 43000856683
25804210239 1 25804275775
25804210242 1 25804275775
25804210242 1 25804275777
25804210242 12 25804275778
25804210242 2 25804275779
25804210242 1 25804341313
25804210242 2 25804341315
25804210244 5 25804275778
25804275775 1 25804341311
25804275777 1 25804341313
25804275778 2 25804341311
25804275778 1 25804341313
25804275778 15 25804341314
25804275778 5 25804341315
25804275779 1 25804341313
25804275779 4 25804341315
25804275780 4 25804341314
25804275781 3 25804341315
25804341311 2 25804406847
25804341313 3 25804406849
25804341314 2 25804406847
25804341314 9 25804406850
25804341314 8 25804406851
25804341314 2 25804472387
25804341315 3 25804406849
25804341315 10 25804406851
25804341315 1 25821184067
25804341316 1 25804406850
25804341317 5 25804406851
25804406847 1 25804472382
25804406847 1 25804472383
25804406849 3 25804472385
25804406850 2 25804472385
25804406850 9 25804472386
25804406850 2 25804472387
25804406851 3 25804472385
25804406851 21 25804472387
25804406851 1 25806241895
25804406853 10 25804472387
25804406853 1 25806241895
25804472382 1 25804472384
25804472385 2 25804472387
25804472385 1 25806110820
25804472385 2 25806241892
25804472387 4 25804472389
25804472387 1 25806110820
25804472387 1 25806110823
25804472387 2 25806241892
25804472387 10 25806241895
25804472387 1 25806241898
25804472387 1 25806372964
25804472387 7 25806372967
25804472387 2 25806372970
25804472387 1 30101209194
25804472389 1 25806110826
25804472389 3 25806241895
25804472389 1 25806241898
25804472389 4 25806372967
25804472389 2 25806372970
25806110820 1 25806241892
25806110823 1 25806241895
25806110826 1 25806241898
25806241892 5 25806372964
25806241895 4 25806372964
25806241895 11 25806372967
25806241898 3 25806372967
25806241898 13 25806372970
25806372964 1 25806372967
25806372967 6 25806372970
25820201331 1 25837044313
25820201332 1 25837044315
25820201332 1 25837044316
25820201363 3 25837044366
25820201364 1 25837044367
25820201394 1 21542077120
25820201396 2 25837044419
25820856383 1 25820921919
25820921919 1 25821052992
25820921920 1 25838093070
25820921921 1 25838093070
25820921923 1 25838093071
25820921925 1 25838093071
25820987458 3 25821052993
25820987458 1 25821052995
25821052992 1 25821118526
25821052993 3 25821118529
25821052995 3 25821118529
25821052995 4 25821118531
25821052997 3 25821118531
25821118526 1 25822756961
25821118528 1 25822756961
25821118529 1 25821184064
25821118529 2 25821184065
25821118531 1 25821184065
25821118531 4 25821184067
25821118533 2 25821184067
25821184064 1 25822756961
25821184065 1 25822756964
25821184065 1 25822888039
25821184067 1 25821249603
25821184067 1 25822888036
25821184067 3 25822888039
25821184069 1 25822888042
25821249603 1 25822888039
25822494820 1 25839403105
25822625898 1 25822756967
25822756955 1 25839665247
25822756961 2 25822888033
25822756964 1 25822888036
25822756967 1 25822888038
25822756967 2 25822888039
25822756970 2 25822888039
25822756970 1 25822888041
25822888033 1 25823019102
25822888033 1 25823150174
25822888036 1 25823019105
25822888036 1 25823019108
25822888038 1 25823019110
25822888039 2 25823019110
25822888039 8 25823019111
25822888041 1 25823019110
25822888042 1 25823019113
25822888042 3 25823019114
25823019102 1 25823150174
25823019104 1 25823150174
25823019105 1 25823150176
25823019108 1 25823150180
25823019110 1 25823150181
25823019110 2 25823150182
25823019110 1 25823150184
25823019111 1 25823150180
25823019111 1 25823150182
25823019111 6 25823150183
25823019113 2 25823150184
25823019113 2 25823150185
25823019114 2 25823150185
25823019114 1 25823150186
25823150180 1 25823150183
25823150184 1 25823150187
25823150185 1 25823150186
25836978516 1 25837044264
25837044264 1 25853887292
25837044313 1 21558919989
25837044315 1 25853887289
25837044316 1 25837110231
25837044366 2 25837110229
25837044367 1 25837110307
25837044367 1 25837110308
25837044368 1 25837110230
25837044368 1 25837110231
25837044368 1 25837110308
25837044419 1 25837110307
25837044419 1 25837110308
25837044420 1 25837110308
25837044420 1 25838092950
25837110229 1 25837110308
25837110229 1 43034739246
25837110230 1 25854870087
25837110231 1 25854870088
25837110231 1 25854870089
25837110307 1 25838092910
25837110307 1 25854870088
25837110307 1 25854870126
25837110308 1 25854870088
25837110308 2 25854870127
25837110309 1 25854870088
25837633603 1 25838092992
25837699134 1 21543125733
25838092910 1 25854935966
25838092911 1 25854935966
25838092950 1 21559968669
25838092992 1 8742633504
25838092992 1 25838158920
25838092992 1 25854935967
25838093033 1 25854936026
25838093070 1 21543191678
25838093071 1 25838158974
25838093072 1 25839272027
25838158920 1 21544304731
25838158974 1 21544304727
25838158975 1 21544304727
25838224968 1 25839272031
25839272027 1 25839272030
25839272028 1 25856245818
25839272034 1 21527658582
25839403105 1 25839534174
25839534174 1 25839665244
25839665244 1 21545025586
25839665247 1 25839992890
25853887289 1 25854870006
25853887292 1 25854870008
25853887371 1 25854870048
25854870006 1 21576745662
25854870007 1 21576745662
25854870008 1 25871712961
25854870048 1 25871712961
25854870049 1 25871712961
25854870087 1 21559968614
25854870088 1 25854935857
25854870088 1 25854935914
25854870089 1 25854935857
25854870089 1 30149903211
25854870126 1 21559968612
25854870127 2 25854935911
25854870128 1 25854935914
25854935802 1 25871778852
25854935803 1 25871778852
25854935855 1 25871778850
25854935857 1 21560034412
25854935857 1 25855001710
25854935857 1 25855001790
25854935911 1 21560034569
25854935911 1 25855001866
25854935912 1 25855001866
25854935914 1 30149969170
25854935915 1 25855001791
25854935915 1 25855001792
25854935966 1 21560034569
25854935967 1 21560034491
25854935967 1 21560034569
25854935968 1 21560034491
25854936026 1 30149969013
25855001710 1 25855001711
25855001790 1 25855067698
25855001791 1 21560100501
25855001791 1 25855001792
25855001792 1 21560100501
25855001792 1 25855001870
25855001793 1 25855067801
25855001866 1 21560100501
25855001870 1 25855067801
25855002026 1 25855002027
25855067698 1 21576943431
25855067801 1 8642756651
25855067807 1 21560166696
25855067808 1 21560166696
25855068215 1 25856114744
25856245818 1 30134566975
25871647185 1 25871712848
25871712848 1 25871712905
25871712849 1 21593588454
25871712905 1 21593588454
25871712961 2 25871778695
25871778695 1 25871844506
25871778695 1 25888621620
25871778696 1 25888621619
25871778776 1 25871844510
25871778777 1 25871844510
25871778850 1 25871844715
25871778852 1 25871844608
25871778854 1 25871844714
25871778928 1 25871844715
25871778932 1 25871844817
25871778933 1 25871844817
25871844506 1 21576942832
25871844507 1 21576942832
25871844510 1 25888687345
25871844513 1 25888687349
25871844608 1 21576943067
25871844714 1 25871910491
25871844715 1 25871910488
25871844715 1 30166877676
25871844817 1 25871910612
25871910488 1 25871910489
25871910491 1 21577009159
25871910612 1 21577009312
25871910613 1 21577009312
25888490067 1 25888555599
25888555599 1 25888555678
25888555677 1 25905398223
25888555678 1 25905398223
25888621620 1 21593719927
25888686633 1 21610692659
25888686633 1 25888686634
25888687345 1 25888687346
25905398223 1 17315856424
25905398325 1 17315856424
30082334786 3 30082334791
30082334786 1 30082400322
30082334788 2 30082334794
30082334788 2 30082400322
30082334788 2 30082400324
30082334791 2 30082334797
30082334791 1 30082400322
30082334791 6 30082400324
30082334794 2 30082400324
30082334794 2 30082400327
30082334794 1 30082400330
30082334797 2 30082400327
30082334797 1 30082400330
30082400322 1 30082400327
30082400322 2 30082465858
30082400324 1 30082400330
30082400324 2 30082465858
30082400324 7 30082465860
30082400327 3 30082400333
30082400327 7 30082465860
30082400327 2 30082465863
30082400327 1 30082465866
30082400330 1 30082400333
30082400330 3 30082465863
30082400330 5 30082465866
30082400333 1 30082465863
30082400333 5 30082465866
30082465858 1 30082465863
30082465858 1 30082531394
30082465860 1 30082531394
30082465860 9 30082531396
30082465863 1 30082465869
30082465863 9 30082531396
30082465863 2 30082531399
30082465866 3 30082531399
30082465866 6 30082531402
30082465869 7 30082531402
30082531394 1 30082596930
30082531396 1 30082596930
30082531396 11 30082596932
30082531399 9 30082596932
30082531399 4 30082596935
30082531402 4 30082596935
30082531402 8 30082596938
30082531405 5 30082596938
30082596930 1 30082662466
30082596932 1 30082662466
30082596932 12 30082662468
30082596932 1 30082662471
30082596935 1 30082596938
30082596935 6 30082662468
30082596935 5 30082662471
30082596938 3 30082662471
30082596938 9 30082662474
30082596941 1 30082662474
30082662466 1 30082662468
30082662468 5 30082662471
30082662471 2 30082662474
30082662474 1 30082662477
30098325674 1 25804079170
30098325674 3 30115823682
30098325675 1 30099046471
30098325675 1 30099046474
30098325675 4 30115823687
30098325675 2 30115823690
30098325675 1 34410135992
30098325690 7 25804079170
30098325690 1 25820201331
30098325690 1 25836978516
30098325690 1 30098325707
30098325690 11 30099046466
30098325690 6 30099046468
30098325690 1 30115168628
30098325690 1 30115168692
30098325690 3 30115823682
30098325690 9 30115823684
30098325690 1 30131945813
30098325691 1 8657109321
30098325691 6 25804079170
30098325691 1 25820201331
30098325691 2 25820201332
30098325691 1 25820201363
30098325691 1 25820856383
30098325691 5 30098325708
30098325691 8 30099046466
30098325691 45 30099046468
30098325691 42 30099046471
30098325691 23 30099046474
30098325691 1 30099112004
30098325691 3 30115168628
30098325691 2 30115168662
30098325691 1 30115168692
30098325691 1 30115168693
30098325691 1 30115168694
30098325691 4 30115823682
30098325691 31 30115823684
30098325691 28 30115823687
30098325691 19 30115823690
30098325691 1 30115889223
30098325691 1 30131945813
30098325691 1 30131945815
30098325691 1 30131945845
30098325691 1 34410135928
30098325691 1 34410135959
30098325691 1 34410790989
30098325691 1 34426913111
30098325691 1 43034739327
30098325692 1 8657109321
30098325692 1 12986745286
30098325692 7 30099046471
30098325692 30 30099046474
30098325692 1 30115168629
30098325692 1 30115168630
30098325692 1 30115168662
30098325692 7 30115823687
30098325692 26 30115823690
30098325692 1 34394013773
30098325692 2 34410135928
30098325692 1 34410135959
30098325692 1 34410135960
30098325692 1 34410135961
30098325692 5 34410790989
30098325692 1 34426913144
30098325692 1 38756549122
30098325706 2 25804079170
30098325706 1 25820201331
30098325706 2 25820201363
30098325706 1 25820201364
30098325706 4 30099046466
30098325706 3 30099046468
30098325706 1 30115168630
30098325706 1 30115168661
30098325706 1 30115168692
30098325707 1 50397570
30098325707 1 68289113
30098325707 1 8640332168
30098325707 1 25804079170
30098325707 1 25820201331
30098325707 1 25820201363
30098325707 2 25820201396
30098325707 1 25820856383
30098325707 6 30099046466
30098325707 12 30099046468
30098325707 17 30099046471
30098325707 8 30099046474
30098325707 1 30115168630
30098325707 2 30115168660
30098325707 5 30115168661
30098325707 5 30115168662
30098325707 1 30115168692
30098325707 1 30115823684
30098325707 1 30115823687
30098325707 1 30115823693
30098325707 1 34394013770
30098325707 2 34410135959
30098325707 2 34410135991
30098325707 1 34444804728
30098325708 1 8640332168
30098325708 4 30099046471
30098325708 15 30099046474
30098325708 1 30115168661
30098325708 2 30115168662
30098325708 1 30115168694
30098325708 2 30115823687
30098325708 1 30115823693
30098325708 1 34394013770
30098325708 1 34410135991
30098325708 1 38705103259
30098325722 2 30099046466
30098325723 1 21543125611
30098325723 1 25820201394
30098325723 1 25820201396
30098325723 1 30099046466
30098325723 1 30099046468
30098325723 1 30115168661
30098325723 1 30115168692
30098325723 1 30115168693
30098325723 3 30115168694
30098325723 2 34410135959
30098325723 1 34410135960
30098325723 1 34410135961
30098325723 1 34410135991
30098325723 2 34410135992
30098325723 1 38722994849
30098325724 1 30115168661
30098325724 1 30115168695
30098325724 1 30115823691
30098325724 1 30133060213
30098325724 2 34410135960
30098325724 2 34410135961
30098325724 2 34410135991
30098325724 2 34410135992
30099046466 1 17230987311
30099046466 1 25804144703
30099046466 5 25804144706
30099046466 1 25820921923
30099046466 1 25837699134
30099046466 115 30099046471
30099046466 127 30099112002
30099046466 14 30099112004
30099046466 1 30099112007
30099046466 1 30115889218
30099046466 1 30115889219
30099046468 1 17230987311
30099046468 1 25804144703
30099046468 5 25804144706
30099046468 1 25837699134
30099046468 4 30082334786
30099046468 1 30099046471
30099046468 106 30099046474
30099046468 213 30099112002
30099046468 262 30099112004
30099046468 14 30099112007
30099046468 1 30099112010
30099046468 2 30115889218
30099046468 1 30115889219
30099046468 2 30115889220
30099046468 1 38722994890
30099046468 1 47312929487
30099046471 1 8624406553
30099046471 1 12936019999
30099046471 1 21509177396
30099046471 1 21525954614
30099046471 1 25820921920
30099046471 1 25820921921
30099046471 1 25820921923
30099046471 4 30082334786
30099046471 3 30082334788
30099046471 121 30099046477
30099046471 86 30099112002
30099046471 298 30099112004
30099046471 213 30099112007
30099046471 22 30099112010
30099046471 1 30099177543
30099046471 2 30115889220
30099046471 1 30115889223
30099046471 1 34410856527
30099046471 1 34410856529
30099046471 1 34410856534
30099046471 1 38722994890
30099046471 1 47312929487
30099046474 1 51118088
30099046474 1 12936019999
30099046474 1 21509177396
30099046474 1 21525954614
30099046474 1 21525954615
30099046474 1 21543125653
30099046474 1 25804144703
30099046474 1 25820921921
30099046474 3 30082334788
30099046474 2 30082334791
30099046474 1 30082334794
30099046474 6 30099046479
30099046474 82 30099112004
30099046474 259 30099112007
30099046474 256 30099112010
30099046474 4 30099112013
30099046474 2 30099177546
30099046474 1 30115889220
30099046474 2 30115889223
30099046474 2 30115889226
30099046474 1 30115889229
30099046474 1 30133060291
30099046474 1 30133060292
30099046474 2 34394079306
30099046474 4 34394079309
30099046474 1 34410856529
30099046474 1 34410856534
30099046474 1 38705823832
30099046477 1 21525954615
30099046477 1 25804144703
30099046477 2 30082334791
30099046477 1 30082334794
30099046477 84 30099112007
30099046477 221 30099112010
30099046477 4 30099112013
30099046477 1 30099177546
30099046477 1 30115889229
30099046477 2 34394079306
30099046477 2 34394079309
30099046479 5 30099112010
30099046479 2 34394079306
30099112002 6 25804210242
30099112002 1 25820987458
30099112002 1 30099112004
30099112002 45 30099112007
30099112002 135 30099177538
30099112002 28 30099177540
30099112002 1 43000856683
30099112004 1 17248158311
30099112004 7 25804210242
30099112004 1 25820987458
30099112004 1 30082400322
30099112004 1 30082400324
30099112004 2 30099112007
30099112004 51 30099112010
30099112004 159 30099177538
30099112004 302 30099177540
30099112004 28 30099177543
30099112004 1 30099243078
30099112004 4 30115954756
30099112004 1 30115954758
30099112004 1 30115954759
30099112007 1 30082400322
30099112007 1 30082400324
30099112007 1 30082400327
30099112007 2 30099112010
30099112007 63 30099112013
30099112007 24 30099177538
30099112007 231 30099177540
30099112007 250 30099177543
30099112007 33 30099177546
30099112007 1 30099243078
30099112007 3 30115954756
30099112007 1 30115954758
30099112007 2 30115954759
30099112010 2 30082400324
30099112010 3 30082400327
30099112010 2 30082400330
30099112010 2 30099112015
30099112010 27 30099177540
30099112010 196 30099177543
30099112010 308 30099177546
30099112010 9 30099177549
30099112010 1 30115954759
30099112010 1 30115954762
30099112010 1 30115954765
30099112010 1 34394079311
30099112010 3 34394144842
30099112010 4 34394144845
30099112010 1 34410922062
30099112010 1 38705889369
30099112013 2 30082400327
30099112013 2 30082400330
30099112013 23 30099177543
30099112013 214 30099177546
30099112013 10 30099177549
30099112013 1 30115954762
30099112013 1 30115954765
30099112013 3 34394144842
30099112013 5 34394144845
30099112015 2 30099177546
30099177538 10 25804275778
30099177538 2 25804275779
30099177538 11 30099177543
30099177538 102 30099243074
30099177538 1 30099243075
30099177538 33 30099243076
30099177538 2 30099243077
30099177538 1 30099308611
30099177538 1 30116020293
30099177540 8 25804275778
30099177540 1 30082465860
30099177540 10 30099177546
30099177540 101 30099243074
30099177540 297 30099243076
30099177540 7 30099243077
30099177540 10 30099243078
30099177540 33 30099243079
30099177540 2 30099243080
30099177540 1 30099308611
30099177540 1 30099308612
30099177540 5 30099308613
30099177540 3 30116020293
30099177540 3 30116020294
30099177543 1 30082465860
30099177543 1 30082465866
30099177543 10 30099177549
30099177543 2 30099243074
30099177543 163 30099243076
30099177543 2 30099243078
30099177543 245 30099243079
30099177543 14 30099243080
30099177543 7 30099243081
30099177543 29 30099243082
30099177543 1 30099243083
30099177543 6 30099308616
30099177543 5 30099308617
30099177543 2 30116020297
30099177546 2 30082465866
30099177546 1 30099177549
30099177546 1 30099243076
30099177546 134 30099243079
30099177546 10 30099243081
30099177546 291 30099243082
30099177546 11 30099243083
30099177546 4 30099243084
30099177546 14 30099243085
30099177546 2 30099308617
30099177546 4 30099308618
30099177546 2 30099308619
30099177546 3 30116020297
30099177546 3 30116020299
30099177546 2 34394210378
30099177546 5 34394210381
30099177549 1 30099243079
30099177549 158 30099243082
30099177549 6 30099243084
30099177549 15 30099243085
30099177549 1 30099243086
30099177549 1 30099308618
30099177549 2 34394210378
30099177549 6 34394210381
30099177549 1 34394275918
30099243074 4 25804341314
30099243074 1 25804406851
30099243074 66 30099308610
30099243074 4 30099308611
30099243074 24 30099308612
30099243074 5 30099308613
30099243075 1 30099308611
30099243076 2 25804341314
30099243076 2 30082531396
30099243076 64 30099308610
30099243076 2 30099308611
30099243076 243 30099308612
30099243076 25 30099308613
30099243076 32 30099308614
30099243076 13 30099308615
30099243076 3 30099308616
30099243076 1 30099374148
30099243076 5 30099374149
30099243076 4 30099374150
30099243077 2 30099308611
30099243077 4 30099308613
30099243077 1 30099308614
30099243077 3 30116085829
30099243078 2 30099308613
30099243078 9 30099308614
30099243078 1 30099308616
30099243078 1 30116085829
30099243079 1 34537578
30099243079 2 30082531396
30099243079 1 30082531399
30099243079 94 30099308612
30099243079 5 30099308614
30099243079 173 30099308615
30099243079 34 30099308616
30099243079 23 30099308617
30099243079 23 30099308618
30099243079 1 30099308619
30099243079 1 30099374150
30099243079 4 30099374152
30099243079 5 30099374153
30099243079 1 30099439688
30099243079 1 30116085833
30099243080 7 30099308614
30099243080 12 30099308616
30099243080 2 30116085832
30099243081 4 30099308616
30099243081 9 30099308617
30099243081 2 30099308619
30099243081 3 30116085832
30099243081 1 30116085835
30099243082 2 30082531402
30099243082 1 30099243085
30099243082 76 30099308615
30099243082 20 30099308617
30099243082 214 30099308618
30099243082 38 30099308619
30099243082 17 30099308620
30099243082 15 30099308621
30099243082 3 30099374153
30099243082 2 30099374154
30099243082 1 30099374155
30099243082 6 30099374156
30099243082 1 34394275917
30099243083 8 30099308617
30099243083 11 30099308619
30099243083 3 30116085835
30099243084 5 30099308619
30099243084 5 30099308620
30099243084 1 30116085835
30099243084 1 30116085836
30099243084 2 34394275916
30099243085 1 30082531402
30099243085 91 30099308618
30099243085 13 30099308620
30099243085 21 30099308621
30099243085 5 30099374156
30099243085 1 34394275916
30099243085 2 34394275917
30099243085 1 34394341454
30099243086 3 30099308620
30099243086 2 34394275916
30099308610 1 21526216761
30099308610 5 25804406850
30099308610 1 30082596932
30099308610 32 30099374146
30099308610 3 30099374147
30099308610 18 30099374148
30099308610 7 30099374149
30099308611 4 25804406851
30099308611 3 30099374147
30099308612 1 21526216761
30099308612 3 25804406850
30099308612 2 30082596932
30099308612 32 30099374146
30099308612 147 30099374148
30099308612 30 30099374149
30099308612 54 30099374150
30099308612 19 30099374151
30099308612 4 30099374152
30099308612 3 30099439685
30099308612 7 30099439686
30099308612 1 30099439688
30099308613 5 25804406851
30099308613 6 30099374147
30099308613 27 30099374149
30099308613 5 30099374150
30099308614 1 25838093033
30099308614 23 30099374149
30099308614 42 30099374150
30099308614 3 30099374152
30099308614 1 30116151365
30099308614 1 30116151366
30099308615 1 30082596932
30099308615 1 30082596935
30099308615 40 30099374148
30099308615 4 30099374150
30099308615 118 30099374151
30099308615 32 30099374152
30099308615 27 30099374153
30099308615 12 30099374154
30099308615 2 30099439686
30099308615 1 30099439687
30099308615 4 30099439688
30099308615 4 30099439689
30099308616 1 25838093033
30099308616 23 30099374150
30099308616 37 30099374152
30099308616 16 30099374153
30099308616 1 30116151369
30099308617 14 30099374152
30099308617 57 30099374153
30099308617 8 30099374155
30099308617 3 30116151369
30099308617 1 30116151371
30099308618 1 30082596935
30099308618 2 30082596938
30099308618 1 30099308621
30099308618 38 30099374151
30099308618 23 30099374153
30099308618 143 30099374154
30099308618 42 30099374155
30099308618 11 30099374156
30099308618 8 30099374157
30099308618 1 30099439689
30099308618 1 30099439690
30099308618 5 30099439691
30099308618 3 30099439692
30099308619 29 30099374153
30099308619 47 30099374155
30099308619 7 30099374156
30099308619 2 30116151369
30099308619 2 30116151371
30099308620 25 30099374155
30099308620 31 30099374156
30099308620 1 30116151372
30099308620 1 34394341454
30099308621 47 30099374154
30099308621 11 30099374156
30099308621 14 30099374157
30099308621 1 30099439690
30099308621 3 30099439692
30099308621 3 34394341452
30099308621 2 34394341453
30099308621 1 34394341454
30099308622 10 30099374156
30099308622 1 34394341454
30099308622 1 43017962310
30099374146 2 25804472386
30099374146 1 25804472387
30099374146 2 30099374148
30099374146 16 30099439682
30099374146 7 30099439684
30099374146 6 30099439685
30099374147 8 25804472387
30099374147 1 25804472389
30099374148 1 30082662468
30099374148 16 30099439682
30099374148 74 30099439684
30099374148 31 30099439685
30099374148 37 30099439686
30099374148 7 30099439687
30099374148 3 30099439688
30099374149 8 25804472387
30099374149 1 25804472389
30099374149 1 30099439683
30099374149 57 30099439685
30099374149 6 30099439686
30099374150 46 30099439685
30099374150 96 30099439686
30099374150 9 30099439688
30099374150 1 30117724269
30099374151 1 30082662468
30099374151 16 30099439684
30099374151 8 30099439686
30099374151 67 30099439687
30099374151 28 30099439688
30099374151 17 30099439689
30099374151 6 30099439690
30099374152 40 30099439686
30099374152 70 30099439688
30099374152 5 30099439689
30099374152 2 30116216904
30099374152 1 30117724269
30099374153 31 30099439688
30099374153 97 30099439689
30099374153 11 30099439691
30099374153 1 30101340272
30099374154 1 30082662474
30099374154 1 30082662477
30099374154 5 30099374157
30099374154 16 30099439687
30099374154 14 30099439689
30099374154 71 30099439690
30099374154 31 30099439691
30099374154 10 30099439692
30099374154 10 30099439693
30099374155 42 30099439689
30099374155 86 30099439691
30099374155 11 30099439692
30099374155 1 30101209203
30099374155 1 30101340279
30099374156 34 30099439691
30099374156 61 30099439692
30099374156 1 30101209203
30099374156 1 30101340279
30099374156 1 34394406988
30099374156 5 34394406990
30099374157 1 30082662477
30099374157 13 30099439690
30099374157 12 30099439692
30099374157 11 30099439693
30099374157 1 30099439694
30099374157 1 34394406988
30099374157 1 34394406989
30099374158 15 30099439692
30099374158 1 34394406988
30099374158 5 34394406990
30099439682 7 30099439684
30099439683 1 30099439685
30099439684 12 30099439687
30099439685 8 25806241898
30099439685 2 25806372970
30099439685 30 30099439686
30099439685 3 30101078122
30099439685 16 30101209194
30099439685 2 30101209197
30099439685 15 30101340266
30099439685 7 30101340269
30099439686 1 25806372970
30099439686 32 30099439688
30099439686 2 30101078122
30099439686 6 30101078125
30099439686 10 30101209194
30099439686 30 30101209197
30099439686 9 30101209200
30099439686 13 30101340266
30099439686 33 30101340269
30099439686 10 30101340272
30099439687 8 30099439690
30099439688 21 30099439689
30099439688 1 30101078125
30099439688 3 30101078128
30099439688 11 30101209197
30099439688 24 30101209200
30099439688 10 30101340269
30099439688 33 30101340272
30099439688 1 30101340275
30099439688 5 30117855344
30099439689 25 30099439691
30099439689 2 30101078128
30099439689 1 30101078131
30099439689 23 30101209200
30099439689 32 30101209203
30099439689 1 30101209207
30099439689 23 30101340272
30099439689 21 30101340275
30099439689 2 30101340279
30099439689 1 30117855347
30099439689 1 30134501489
30099439690 9 30099439693
30099439691 20 30099439692
30099439691 2 30101078131
30099439691 2 30101209200
30099439691 38 30101209203
30099439691 13 30101209207
30099439691 3 30101340272
30099439691 27 30101340275
30099439691 25 30101340279
30099439691 1 30117855347
30099439691 1 30117855351
30099439692 12 30099439694
30099439692 3 30101078135
30099439692 2 30101209203
30099439692 23 30101209207
30099439692 5 30101209210
30099439692 1 30101340275
30099439692 23 30101340279
30099439692 2 30101340282
30099439692 2 30117855351
30099439692 1 34394406990
30099439692 10 34396176506
30099439692 6 34396307578
30099439692 1 34412822650
30099439694 6 34396176506
30099439694 4 34396307578
30099439694 1 34412822650
30101078122 3 25806241898
30101078122 1 30101209194
30101078125 6 30101209197
30101078125 1 30117986410
30101078128 3 30101209200
30101078128 1 30101209203
30101078131 1 30101209200
30101078131 2 30101209203
30101078131 1 30101209207
30101078135 3 30101209207
30101078135 1 30117986423
30101209194 1 25806372970
30101209194 18 30101340266
30101209197 4 30101340266
30101209197 38 30101340269
30101209200 7 30101340269
30101209200 45 30101340272
30101209200 1 30101340275
30101209203 1 30101209207
30101209203 6 30101340272
30101209203 57 30101340275
30101209203 1 30101340279
30101209207 6 30101340275
30101209207 31 30101340279
30101209210 3 30101340279
30101209210 5 30101340282
30101340266 12 30101340269
30101340269 13 30101340272
30101340272 11 30101340275
30101340275 6 30101340279
30101340279 3 30101340282
30115102907 1 25836978516
30115102907 3 30115823682
30115102908 1 30115823690
30115102908 1 34410135992
30115168628 1 25837044368
30115168628 1 30132011613
30115168628 1 30132011665
30115168629 1 25837044368
30115168629 1 30132011613
30115168629 1 30132011614
30115168629 1 30132011665
30115168630 1 8657175062
30115168630 1 30132011564
30115168630 1 30132011615
30115168631 1 8657175062
30115168660 1 25837044367
30115168660 1 25837044368
30115168661 1 4362207915
30115168661 1 30132011614
30115168661 1 30132011615
30115168661 1 30132011665
30115168661 2 30132011666
30115168661 1 30132011718
30115168662 1 8657175165
30115168662 1 30132011614
30115168662 2 30132011615
30115168662 3 30132011667
30115168662 2 30132011668
30115168662 1 30132011719
30115168663 2 30132011668
30115168692 1 25820856387
30115168692 1 25837044420
30115168692 1 30115823684
30115168693 1 25837044420
30115168693 1 25837633603
30115168693 1 30115823684
30115168694 1 30115823687
30115168694 1 30132011667
30115168694 1 30132011719
30115168694 1 30132600902
30115168694 1 30133060251
30115168695 1 34426979018
30115823682 3 30115889218
30115823682 3 30115889220
30115823682 1 30115889221
30115823684 2 30115889218
30115823684 29 30115889220
30115823684 5 30115889221
30115823684 2 30115889223
30115823684 1 30115954758
30115823687 12 30115889220
30115823687 26 30115889223
30115823687 5 30115889224
30115823687 2 30115889225
30115823687 3 30115889226
30115823687 1 30116020294
30115823690 11 30115889223
30115823690 1 30115889225
30115823690 27 30115889226
30115823690 2 30115889227
30115823690 1 30115889228
30115823690 1 30115889229
30115823690 1 30115954762
30115823690 1 34410856525
30115823691 1 34428027629
30115823692 1 34428027629
30115823693 10 30115889226
30115823693 1 30115889228
30115823693 2 30115889229
30115823693 1 34410856525
30115889218 1 25821052995
30115889218 2 30115954754
30115889218 1 30115954755
30115889219 1 25838093072
30115889220 2 30115954754
30115889220 13 30115954756
30115889220 6 30115954757
30115889220 6 30115954758
30115889220 2 30115954759
30115889220 3 30116020293
30115889220 1 30116020296
30115889221 1 25838093072
30115889221 4 30115954757
30115889221 1 30115954758
30115889222 3 30115954757
30115889222 1 30115954758
30115889223 7 30115954756
30115889223 3 30115954758
30115889223 11 30115954759
30115889223 5 30115954760
30115889223 10 30115954761
30115889223 1 30115954762
30115889223 1 30115954763
30115889223 2 30116020296
30115889224 1 30115954758
30115889224 3 30115954760
30115889224 1 30115954761
30115889225 3 30115954760
30115889225 2 30115954761
30115889225 1 30115954763
30115889226 3 30115954759
30115889226 9 30115954761
30115889226 11 30115954762
30115889226 11 30115954763
30115889226 2 30115954764
30115889226 1 30116020297
30115889226 2 30116020300
30115889227 2 30115954763
30115889227 1 30115954764
30115889228 2 30115954764
30115889229 4 30115954762
30115889229 4 30115954764
30115889229 2 30116020300
30115889229 1 34410922061
30115954754 2 25821052995
30115954755 1 30116020291
30115954756 3 30116020293
30115954756 11 30116020294
30115954756 2 30116020296
30115954757 1 25822494820
30115954757 1 30116020291
30115954757 6 30116020293
30115954757 2 30116020294
30115954757 1 30117593197
30115954758 4 30116020293
30115954758 9 30116020294
30115954758 2 30116020296
30115954759 4 30116020294
30115954759 8 30116020296
30115954759 8 30116020297
30115954760 6 30116020294
30115954760 9 30116020296
30115954761 8 30116020296
30115954761 11 30116020297
30115954761 3 30116020299
30115954762 5 30116020297
30115954762 6 30116020299
30115954762 6 30116020300
30115954763 8 30116020297
30115954763 13 30116020299
30115954763 3 30116020300
30115954764 4 30116020299
30115954764 8 30116020300
30115954765 3 30116020300
30115954765 1 34410987596
30115954765 1 34410987598
30115954766 3 30116020300
30116020291 1 30116085827
30116020293 1 25822625898
30116020293 1 30116085827
30116020293 7 30116085829
30116020293 4 30116085830
30116020293 1 30117593194
30116020293 1 30117593197
30116020293 1 30134239347
30116020294 4 30116085829
30116020294 20 30116085830
30116020294 5 30116085832
30116020294 1 30117593194
30116020294 2 30117593197
30116020294 1 30134239347
30116020296 9 30116085830
30116020296 17 30116085832
30116020296 2 30116085833
30116020296 2 30117593197
30116020296 2 30117593200
30116020297 5 30116085832
30116020297 20 30116085833
30116020297 4 30116085835
30116020297 1 30117593200
30116020297 1 30117593203
30116020299 9 30116085833
30116020299 24 30116085835
30116020299 1 30116085836
30116020299 1 30117593200
30116020299 1 30117593203
30116020300 9 30116085835
30116020300 12 30116085836
30116020300 2 30117593203
30116020300 1 30117593207
30116020300 1 34411053134
30116020302 3 30116085836
30116020302 1 34411053134
30116085827 1 25821184069
30116085829 1 25821184069
30116085829 2 25822756967
30116085829 6 30116151365
30116085829 2 30116151366
30116085829 1 30117724266
30116085830 1 25822756967
30116085830 1 30099374150
30116085830 1 30116151365
30116085830 14 30116151366
30116085830 1 30117593197
30116085830 1 30117724266
30116085830 3 30117724269
30116085830 1 30117724272
30116085832 4 30116151366
30116085832 15 30116151368
30116085832 1 30116151369
30116085832 3 30117724269
30116085832 3 30117724272
30116085833 4 30116151368
30116085833 17 30116151369
30116085833 1 30116151371
30116085833 1 30117593200
30116085833 2 30117724272
30116085833 1 30117724275
30116085835 6 30116151369
30116085835 12 30116151371
30116085835 3 30116151372
30116085835 1 30117593207
30116085835 4 30117724275
30116085835 6 30117724279
30116085835 1 34412691578
30116085836 3 30116151371
30116085836 10 30116151372
30116085836 3 30117724279
30116085836 2 34411118670
30116085836 3 34412691578
30116085838 2 34411118670
30116085838 1 34412691578
30116151365 3 25822888039
30116151365 2 25822888042
30116151365 2 30117855338
30116151366 1 25822888042
30116151366 1 30116151368
30116151366 1 30116216902
30116151366 1 30117724269
30116151366 3 30117855338
30116151366 6 30117855341
30116151366 3 30117855344
30116151368 1 30116216904
30116151368 3 30117855341
30116151368 10 30117855344
30116151368 2 30117855347
30116151369 3 30116216905
30116151369 2 30117724272
30116151369 1 30117724275
30116151369 4 30117855344
30116151369 7 30117855347
30116151369 2 30117855351
30116151371 1 30116216905
30116151371 3 30116216907
30116151371 1 30117724275
30116151371 8 30117855347
30116151371 6 30117855351
30116151371 1 34412822650
30116151372 1 30116216907
30116151372 1 30116216908
30116151372 2 30117724279
30116151372 1 30117855347
30116151372 5 30117855351
30116151372 2 34412822650
30116151372 1 34412953722
30116216902 1 30117855338
30116216904 1 30117855344
30116216904 1 30117855347
30116216905 1 30117855344
30116216905 3 30117855347
30116216907 1 30117855347
30116216907 2 30117855351
30116216907 1 30117986423
30116216908 1 30117855347
30116216908 1 30117855351
30117593194 2 25822756970
30117593197 3 30117724266
30117593197 4 30117724269
30117593200 1 30117724271
30117593200 4 30117724272
30117593203 2 30117724272
30117593203 3 30117724275
30117593207 2 30117724275
30117593207 1 30117724279
30117593207 1 30117724282
30117593210 1 30117724282
30117724266 1 25822888042
30117724266 2 30117855337
30117724266 2 30117855338
30117724269 1 30117855337
30117724269 2 30117855338
30117724269 1 30117855340
30117724269 7 30117855341
30117724269 2 30117855343
30117724272 3 30117855341
30117724272 3 30117855343
30117724272 8 30117855344
30117724275 2 30117855344
30117724275 7 30117855347
30117724275 1 30117855349
30117724275 2 30117855351
30117724279 10 30117855351
30117724279 1 30117855354
30117724279 1 30117986424
30117724279 1 34412822650
30117724282 1 30117855354
30117724282 2 34412822650
30117855337 2 25823019113
30117855337 1 30117986409
30117855338 1 25823019113
30117855338 1 30117986409
30117855338 6 30117986410
30117855340 1 30117986415
30117855341 3 30117986410
30117855341 2 30117986412
30117855341 11 30117986413
30117855341 1 30117986415
30117855341 2 30117986416
30117855343 4 30117986415
30117855343 1 30117986417
30117855344 2 30117986413
30117855344 4 30117986415
30117855344 25 30117986416
30117855344 1 30117986418
30117855344 1 30118117488
30117855347 1 30117986415
30117855347 5 30117986416
30117855347 3 30117986418
30117855347 18 30117986419
30117855347 1 30117986423
30117855349 1 30117986421
30117855351 1 30101209207
30117855351 2 30117986419
30117855351 22 30117986423
30117855351 1 30117986424
30117855352 1 30117986424
30117855354 1 34412953722
30117986409 1 25823150187
30117986409 1 30117986412
30117986410 1 30117986412
30117986410 2 30118117481
30117986410 7 30118117482
30117986412 2 30118117484
30117986413 3 30118117482
30117986413 4 30118117484
30117986413 6 30118117485
30117986413 3 30118117487
30117986415 2 30118117486
30117986415 3 30118117487
30117986415 1 30118117489
30117986415 1 30118117490
30117986416 1 30118117485
30117986416 4 30118117487
30117986416 19 30118117488
30117986416 3 30118117490
30117986416 1 30118117491
30117986417 1 30134960193
30117986418 2 30118117487
30117986418 3 30118117490
30117986419 3 30118117488
30117986419 2 30118117490
30117986419 14 30118117491
30117986419 3 30118117493
30117986419 1 30118117495
30117986421 1 30118117494
30117986423 1 30101340279
30117986423 5 30118117493
30117986423 16 30118117495
30117986423 3 30118117496
30117986424 1 30118117494
30117986424 2 30118117496
30118117482 2 30118117485
30118117484 1 30118117487
30118117485 1 30118117488
30118117486 1 30118117489
30118117487 1 30118117490
30118117488 3 30118117491
30118117490 1 30118117493
30118117491 1 30118117493
30118117491 1 30118117495
30118117493 1 30118117495
30118117495 1 30118117498
30131945813 1 30148788778
30131945815 1 30148788729
30131945845 1 4362207914
30131945846 1 4362207914
30132011564 1 30148854594
30132011613 1 30148854668
30132011614 1 30132077452
30132011614 1 30148854590
30132011615 1 30148854591
30132011615 1 30148854669
30132011615 1 30148854670
30132011616 1 12968985300
30132011616 1 30148854670
30132011665 1 25853887371
30132011665 1 30132077608
30132011666 1 30132077530
30132011666 1 30132077531
30132011667 1 8657241020
30132011667 1 30132077531
30132011667 2 30132077532
30132011667 1 30132077533
30132011667 1 30132077612
30132011668 1 30132077532
30132011668 1 30132077534
30132011668 1 30132077611
30132011668 1 30132077612
30132011669 1 30132077534
30132011718 1 30132077609
30132011719 1 4363256454
30132011719 1 30132077611
30132011720 1 4363256454
30132011720 1 30132077611
30132077452 1 30149837345
30132077530 1 25854870089
30132077531 1 30149837385
30132077531 1 30149837386
30132077532 1 30149837347
30132077532 1 30149837386
30132077533 1 30149837348
30132077533 1 30149837386
30132077534 1 30149837348
30132077608 1 30133060211
30132077609 1 30133060211
30132077609 1 30149837426
30132077611 1 30133060212
30132077611 1 30133060251
30132077612 1 30133060251
30132077612 1 30149837428
30133060211 1 30149903270
30133060212 1 34444870568
30133060213 1 30149903215
30133060251 1 30133126109
30133060251 1 30149903325
30133060252 1 30133126110
30133060252 2 30133126165
30133060252 1 34444870568
30133060291 1 30133126108
30133060292 2 30133126166
30133060293 2 30133126166
30133126108 1 25855002026
30133126109 1 30149969326
30133126110 1 30149969326
30133126110 1 30149969403
30133126165 1 25838224968
30133126166 1 25838224968
30133126166 1 30133192265
30133126166 1 30149969403
30133126167 1 30133192265
30133192265 1 25839272037
30133192266 1 25839272037
30134239347 1 34429337723
30134239349 1 30134370417
30134370417 1 25839730746
30134501489 1 34429665350
30134501492 1 34429665350
30148788729 1 30148854516
30148788778 1 30148854512
30148854512 1 25871647185
30148854516 1 30166614483
30148854590 1 30148854668
30148854591 1 85066291
30148854591 1 30166614482
30148854594 1 30166614484
30148854668 1 85066291
30148854668 1 30149837346
30148854669 1 30149837345
30148854669 1 30149837346
30148854670 2 30149837346
30149837345 1 25854935802
30149837346 1 25854935802
30149837346 1 30149903099
30149837346 1 30149903102
30149837346 1 30166680259
30149837347 1 30149903100
30149837347 1 30149903102
30149837348 1 30149903101
30149837348 1 34444870401
30149837385 1 25854935857
30149837386 1 25854935915
30149837386 1 30149903155
30149837386 1 30149903156
30149837387 1 30149903155
30149837388 1 30149903103
30149837388 1 30149903158
30149837389 1 30149903103
30149837389 1 30149903215
30149837426 1 25854935915
30149837428 1 30149903158
30149837428 1 34444870512
30149903099 1 25871778854
30149903100 1 25871778776
30149903100 1 25871778854
30149903101 1 30166746152
30149903102 1 30166746152
30149903102 1 34461713454
30149903103 1 30166746153
30149903155 1 25855001791
30149903156 1 25855001791
30149903156 1 25871778932
30149903158 1 30166746152
30149903211 1 30149969171
30149903215 1 30149969094
30149903215 1 30149969171
30149903270 1 30149969330
30149969013 1 30166811915
30149969091 1 30166811915
30149969094 1 25855067807
30149969170 1 30150035211
30149969171 1 25855067806
30149969171 1 30150035211
30149969172 1 25855067806
30149969326 1 25855068215
30149969327 1 25855068215
30149969330 1 34445002817
30149969403 1 25839272034
30149969403 1 30149969404
30150035211 1 30150101309
30150035211 1 43019272349
30150035515 1 25839272034
30150101309 1 30150101429
30150101309 1 34446049356
30150101428 1 25856114749
30150101429 1 25856114749
30166614482 1 25888490067
30166614483 1 30183457364
30166614484 1 30166680206
30166680206 1 30183523057
30166680259 1 25871778696
30166680263 1 30166745997
30166680264 1 30166745997
30166745997 1 30166745998
30166746001 1 30166811816
30166746002 1 30166811816
30166746152 1 25871844513
30166746152 1 25871844715
30166746153 1 25871844513
30166746153 1 25871844717
30166746154 1 25871844717
30166811816 1 30183654655
30166811915 1 38790692945
30183457364 1 25888555678
30183457365 1 25888555678
30183523060 1 30183588621
30183588621 1 21610823726
30183588728 1 34478556025
30183654419 1 34495594574
30183654419 1 34495594575
30183654655 1 25888753077
34377367626 1 34377367631
34377367626 1 34377433162
34377367629 2 34377433162
34377367631 1 34377433162
34377433162 1 34377498698
34377433162 1 34377498701
34377433165 1 34377498698
34377433165 1 34377498701
34377498698 1 34377564237
34377498701 1 34377564237
34377564237 2 34377629773
34394013770 2 34394079309
34394013773 4 34394079309
34394013773 1 38705823832
34394079306 2 34394079311
34394079306 1 34394144845
34394079309 2 34377367626
34394079309 1 34394144842
34394079309 8 34394144845
34394079311 2 34377367626
34394079311 1 34394144842
34394144842 1 34394210378
34394144842 3 34394210381
34394144845 1 30099243084
34394144845 1 34394210378
34394144845 10 34394210381
34394144845 2 34394210382
34394144845 1 34394210383
34394144845 1 34394275918
34394144845 1 34410987598
34394144845 1 34410987600
34394144847 1 34394210383
34394144847 1 34410987600
34394210378 3 34394275917
34394210381 14 34394275917
34394210381 5 34394275918
34394210382 2 34394275918
34394210383 1 34394275917
34394210383 1 34394275921
34394275916 3 34394341454
34394275917 3 34394341452
34394275917 9 34394341453
34394275917 2 34394341454
34394275917 1 34394406990
34394275917 1 34394406992
34394275918 9 34394341454
34394275918 2 34394341456
34394275919 1 34394406992
34394275920 1 34394341454
34394275920 2 34394341456
34394275921 1 34394341459
34394275923 1 34394341459
34394341452 1 34394406988
34394341452 5 34394406990
34394341453 1 34394406988
34394341453 5 34394406989
34394341453 4 34394406990
34394341453 1 34394406992
34394341454 1 34394406988
34394341454 16 34394406990
34394341454 3 34394406992
34394341456 5 34394406992
34394341459 1 34412822662
34394406988 2 34394406990
34394406988 1 34396307578
34394406988 1 34396307581
34394406990 2 34394406992
34394406990 1 34396045434
34394406990 4 34396176506
34394406990 7 34396307578
34394406990 5 34396307581
34394406990 1 34412822650
34394406992 1 34394406993
34394406992 1 34396045437
34394406992 1 34396045440
34394406992 2 34396176509
34394406993 1 34396045440
34396045434 1 34396176506
34396045437 1 34396176509
34396176506 13 34396307578
34396176506 1 34396307581
34396176509 1 34396307578
34396176509 2 34396307581
34396176509 1 34396307584
34396176512 1 34396307584
34396307578 2 34396307581
34410135928 1 34426978915
34410135928 1 34426978916
34410135929 1 34426978916
34410135959 1 34426978966
34410135959 1 34426978967
34410135959 1 34426979018
34410135959 1 34426979019
34410135960 1 34426978915
34410135960 1 34426978966
34410135960 2 34426978967
34410135960 1 34426979018
34410135960 1 34426979019
34410135961 1 12919177247
34410135961 2 34426978969
34410135991 2 30133060252
34410135991 1 30133060292
34410135991 1 34426979018
34410135992 1 30133060292
34410135992 1 34410790989
34410135992 1 34426979018
34410135992 1 34426979019
34410135992 1 34427568212
34410135993 1 34426978969
34410790989 1 34410856524
34410790989 3 34410856525
34410790989 1 34410856526
34410790989 1 34410856527
34410790991 1 34410856526
34410790991 1 34410856527
34410856524 1 34410922062
34410856525 4 34410922062
34410856526 2 34410922062
34410856527 1 34410922065
34410856527 1 34410922070
34410856528 1 34410922062
34410856529 1 34428027670
34410856534 1 38722994929
34410922061 1 34410987598
34410922062 6 34410987598
34410922062 1 34428027669
34410922064 2 34410987598
34410922065 1 34410987601
34410922070 1 38707396751
34410922072 1 38707396751
34410987596 1 34411053134
34410987598 1 30117593207
34410987598 6 34411053134
34410987598 2 34411053136
34410987598 1 34412560506
34410987600 2 34411053136
34410987600 1 34411053137
34410987601 1 34411053137
34410987601 1 34411053139
34410987603 1 34411053139
34411053134 3 34411118670
34411053134 1 34411118672
34411053134 1 34412560506
34411053134 2 34412691581
34411053136 1 34412691581
34411053136 1 34412691584
34411053137 1 34411118675
34411053139 1 34412691587
34411118670 1 34412691578
34411118670 3 34412822650
34411118670 1 34412822653
34411118672 1 34412691581
34412560506 2 34412691578
34412691578 1 30117855352
34412691578 4 34412822650
34412691578 2 34412822653
34412691581 3 34412822653
34412691581 1 34412822656
34412691584 1 34412822659
34412691587 1 34412822662
34412822650 1 34396045437
34412822650 1 34396176506
34412822650 1 34412953720
34412822650 6 34412953722
34412822650 2 34412953723
34412822650 2 34412953725
34412822650 1 34413084794
34412822653 6 34412953725
34412822656 1 34412953728
34412822659 1 34412953731
34412822662 1 34412953734
34412822662 1 38707921033
34412953720 1 34413084792
34412953722 3 34413084792
34412953722 2 34413084794
34412953722 1 34413084795
34412953722 1 34413084797
34412953723 2 34413084795
34412953725 1 34413084795
34412953725 3 34413084797
34412953725 2 34413084798
34412953728 1 34413084801
34412953734 1 34413084808
34413084792 1 34413084794
34413084794 1 34413084795
34426913111 1 34426978862
34426913144 1 34426978863
34426978862 1 34443821895
34426978863 1 34443821894
34426978863 1 34443821895
34426978915 2 34443821972
34426978916 1 34443821975
34426978966 1 34427044832
34426978966 1 34427044833
34426978967 1 34427044758
34426978967 1 34427044834
34426978969 1 34427044837
34426978969 1 38722012136
34426978970 1 38722012136
34426979018 1 30133060252
34426979018 1 34427044912
34426979018 1 34428027510
34426979019 1 34427044912
34426979019 1 34427044914
34426979019 1 34428027512
34426979020 1 34428027512
34427044832 1 30149837388
34427044833 1 30149837389
34427044834 1 34444804645
34427044837 1 34444804687
34427044838 1 34444804687
34427044912 1 34444804687
34427044914 1 34428027512
34427568212 1 34428027592
34428027510 1 34444870571
34428027512 1 34444870573
34428027592 1 38723060822
34428027629 1 34428093521
34428027669 1 30134239349
34428027670 1 34428093578
34428027671 1 34428093578
34428027709 1 30134239349
34428093469 1 34444936711
34428093521 1 34429206657
34428093578 1 34429206654
34429206654 1 34429337724
34429206657 1 38724501585
34429337724 1 34429534279
34429665350 1 34429665352
34429665351 1 34429665352
34443821894 1 34444804606
34443821895 1 34444804647
34443821972 1 34443821973
34443821972 1 34461581821
34443821975 1 38739771944
34444804606 1 34461647561
34444804645 1 30166680263
34444804646 1 30166680263
34444804647 1 34461647565
34444804687 1 34444870457
34444804687 1 34444870460
34444804728 1 34444870515
34444870401 1 34461713380
34444870457 1 34444870458
34444870460 1 34461713460
34444870512 1 34444936474
34444870513 1 34444936474
34444870515 1 34444936473
34444870568 1 34444936631
34444870571 1 34444936477
34444870573 1 34444936553
34444870573 1 38739903854
34444870624 1 34444936631
34444870629 1 34444936553
34444936473 1 30150035212
34444936474 1 30150035212
34444936474 1 34445002517
34444936477 1 34445002520
34444936553 1 30150035515
34444936631 1 30150035515
34444936634 1 34445002618
34444936711 1 34445002822
34445002517 1 38740035794
34445002520 1 38740035795
34445002618 1 30150101309
34445002817 1 34446049353
34445002822 1 34446049353
34445068608 1 38741016657
34445068608 1 43019272349
34461581821 1 34461647504
34461581822 1 34461647504
34461647504 1 30183523060
34461647561 1 30166746001
34461647565 1 38756680681
34461713226 1 30183588728
34461713454 1 34461779325
34461713460 1 34461779322
34461713460 1 38756746626
34461779325 1 34461779427
34495594574 1 38790692945
38705103259 1 38721946268
38705823832 1 38722994888
38705889369 1 43017962310
38705889371 1 43017962310
38707396751 1 38724305041
38707921033 1 38708052105
38721946268 1 38722012139
38721946269 1 38722012139
38722012136 1 38739771946
38722012139 1 38739771946
38722994849 1 34444870573
38722994888 1 38722994928
38722994889 1 38722994929
38722994890 1 38723060710
38722994928 1 34428093469
38722994929 1 34428093469
38722994929 1 38723060824
38722994930 1 38723060824
38723060710 1 34444936634
38723060822 1 38724173970
38723060824 1 38723126877
38723126877 1 43035918494
38724173970 1 43019468891
38724305041 1 38724436113
38724436113 1 38724567184
38724501585 1 34429665357
38724567184 1 38724763731
38724763731 1 38724894804
38739771944 1 38739837702
38739771946 1 38739837702
38739771946 1 43051582162
38739837702 1 34461713460
38739837702 1 38756680759
38739837703 1 34461713460
38739903854 1 38739969921
38739969921 1 38740035919
38740035794 1 43035983962
38740035795 1 38740102090
38741016657 1 38741016659
38756549122 1 38756614807
38756614807 1 34461713226
38756680681 1 38756746529
38756680759 1 38756746732
38756746626 1 38756812295
38756746732 1 38756812538
38756812295 1 43051845548
38756812415 1 43051845548
38756812538 1 43051845852
43000856683 1 17264935530
43017962310 1 43018028181
43017962310 1 43019141285
43018028181 1 43034871314
43019141285 1 69599238
43019468891 1 43019599966
43019599966 1 43019599968
43019599967 1 43019599968
43034739246 1 43051582165
43034739247 1 43051582165
43034739327 1 43034805118
43034805118 1 43034871082
43034871082 1 43034937126
43034871314 1 43034937326
43034871315 1 43034937326
43034871317 1 43034871318
43034937126 1 43035003103
43034937231 1 43035003225
43035003103 1 43035069393
43035003225 1 43035069547
43035003226 1 43035069547
43035918494 1 43036115039
43035983962 1 43035983964
43051582165 1 43051647983
43051647983 1 38756746427
43051647984 1 38756746427
43051846162 1 43051846163
47312929487 1 47312995312
47312929488 1 47312995312
47312995312 1 85198206
47329772472 1 47329838459
47329838459 1 43034937231
47329838537 1 47329838538
47346747264 1 43051846162
47346747384 1 43051846162
