101843347 1 101909154
101909154 1 47329838225
101909155 1 47329838225
102040784 1 102106653
118751783 1 4413784788
135397657 1 135463307
135463138 1 135528683
135463193 1 43085201794
135463307 1 118751783
135528683 1 47380234544
152174714 1 4430430439
152174754 1 135463138
152174755 1 152174756
152174794 1 135463193
168099850 1 152174755
168099850 1 30249713735
201654276 1 25956581482
201654276 1 30266622026
201654276 1 30266622029
201654278 1 25956581482
4396942100 1 102040784
4396942101 1 102040784
4412604892 1 101843347
4413587782 1 4413653503
4413653449 1 4413719240
4413653503 1 4396942100
4413653504 1 4396942100
4413719240 1 4413785093
4413784788 1 4413850575
4413785093 1 102106414
4413785094 1 102106414
4413850575 1 4413916379
4429316362 1 4412604892
4429381878 1 4413587782
4429381879 1 4413587782
4430364999 1 4413653449
4430365000 1 4413653449
4430430440 1 4430495909
4430430441 1 4430495909
4430495909 1 135593992
4446027908 1 4429316362
4446027909 1 4429316362
4446093477 1 4429381878
4447142055 1 4430430440
4447142095 1 4430430440
4463067155 1 4463067157
4463067155 1 30249713730
4463067155 1 30249713732
4496556052 1 30249648202
4496556052 1 38807273610
4496687118 1 25922502754
4496687118 1 30249779272
4496687121 1 25922502754
8724349100 1 4430364999
8724349178 1 4430364999
8741060619 1 8741126159
8741060724 1 8724349100
8741126159 1 4447142055
8757772327 1 8741060619
8757772358 1 4446093477
8757772360 1 8741060724
8757968916 1 8774811665
8757968916 1 8774811668
8757968916 1 25939804261
8774811665 1 30249844802
8774811665 1 30249844804
13003851147 1 13003851148
13036093468 1 30249582666
13036093468 1 30249582669
13036093468 1 34511913109
17265199146 1 12971212833
17265199147 1 12971212833
17298686607 1 17298752133
17298686608 1 17298752133
17298752497 1 13003851147
17298752498 1 13003851147
17315266817 1 17315332455
17315332455 1 17315398051
17315397899 1 13020496010
17315398051 1 13003784826
21576745550 1 21576811471
21576811471 1 21576877507
21576877507 1 17265199146
21576877508 1 17265199146
21593522596 1 21593588373
21593522597 1 21593588373
21593588294 1 21593588295
21593588373 1 21593654110
21593588374 1 21593654110
21593588377 1 21593654216
21593588378 1 21593654216
21593654110 1 17298752497
21593654216 1 17298752621
21593654217 1 17298752621
21593719807 1 21577008850
21593719808 1 21577008850
21610234117 1 21610299756
21610234157 1 21593522596
21610299642 1 17315397899
21610299756 1 21610365432
21610299813 2 21593588294
21610299814 1 21593588294
21610365202 1 21610365281
21610365280 1 21610430718
21610365281 1 21610430718
21610365358 1 21610365359
21610365432 1 17298686607
21610365433 1 17298686607
21610365436 1 21610365437
21610430718 1 21610496175
21625962524 1 21627011252
21625962573 1 21626028145
21626028145 1 17315266817
21626028146 1 17315266817
21627011252 1 21610299642
21627076750 1 21627142181
21627076750 1 21627142182
21627732012 1 17332895784
21642674225 1 21625962573
25888424318 1 21576745550
25888424319 1 21576745550
25888424320 1 25888490011
25888489951 1 21593588376
25888489952 1 21593588377
25888490011 1 30166745996
25888555601 1 25888621316
25888621109 1 25888621110
25888621213 1 21593719807
25888621218 1 25888686749
25888621219 1 25888686749
25888621316 1 25888686985
25888621317 1 25888686985
25888686630 1 25888752306
25888686985 1 21593785459
25888686986 1 21593785459
25888752306 1 25888752307
25888752766 1 25888752767
25904152763 2 25904218469
25904218311 1 21610234157
25904218313 1 25905201454
25904218315 1 25905201455
25904218392 1 25888424320
25904218393 1 25888424320
25904218393 1 25905201496
25904218469 1 25888424318
25905201375 1 25905266942
25905201377 1 25905267001
25905201416 1 25905267055
25905201454 2 21610299813
25905201455 1 21610299813
25905201455 1 25888489951
25905201456 1 25888489951
25905201496 1 25888489952
25905266942 1 25905266999
25905266945 1 25905332503
25905266946 1 25905332503
25905266946 1 25905332504
25905266998 1 21610365202
25905266999 1 21610365202
25905267001 1 21610365358
25905267055 1 21610365357
25905267058 1 21610365436
25905267115 1 25888555601
25905332503 1 25905398021
25905332504 1 25905398023
25905332581 1 25888621213
25905332582 1 25888621213
25905398021 1 21610496184
25905398023 1 25905463483
25905398332 1 25888686630
25905463483 1 25905528914
25920864340 1 25920929979
25920864372 2 25904152763
25920929873 1 25920995448
25920929875 1 25920995373
25920929875 1 25920995451
25920929925 1 25904218311
25920929927 1 25904218313
25920929928 1 25904218315
25920929979 1 25904218392
25920929980 1 25904218393
25920929981 1 25904218393
25920995373 1 25905201375
25920995376 1 25905201416
25920995448 1 21610234117
25920995449 1 21610234117
25920995451 1 25905201454
25921978433 1 25922043937
25921978433 1 25922371678
25921978473 1 25922044106
25921978511 1 17315659843
25921978511 1 17315659846
25921978511 1 17332437065
25921978511 2 21627076750
25921978512 1 25922044104
25921978593 1 25905266945
25921978593 1 25905266946
25922043937 1 17332895784
25922044106 1 25905332581
25922371688 1 25922502757
25922371690 1 21627732020
25922371690 1 25922502754
25922633833 1 30217732203
25922699318 1 25922699320
25922699318 1 25922830389
25937575994 1 30232805442
25937575994 1 30232805444
25937575994 1 30249582658
25937575994 1 30249582660
25937575994 2 30251548784
25937575995 1 30251548784
25937641490 1 21625962524
25937641523 1 25920929873
25937641524 2 25920929875
25937641555 1 25920929925
25937641556 1 25920929927
25939279978 1 25922633833
25939411041 1 25922764898
25939411050 1 25939542118
25939542118 1 25939673190
25939542122 1 25939673194
25939673190 1 25939804261
25939673191 1 25939804262
25939673194 1 25939804263
25939673194 1 25939804266
25954353178 2 25954615359
25954353178 3 25954615362
25954353178 1 25954615364
25954353178 3 30251548781
25954353179 1 135397657
25954353179 1 25954353194
25954353179 1 30249582658
25954353179 1 30249582660
25954353194 1 25954615359
25954353194 5 25954615362
25954353194 1 25954615364
25954353194 1 30251417706
25954353194 3 30251548781
25954353194 1 30251548784
25954615354 1 25954615359
25954615354 1 25954680892
25954615354 1 25954680895
25954615356 2 25954615359
25954615356 2 25954615362
25954615356 2 25954680895
25954615356 3 25954680898
25954615356 1 25954680900
25954615359 1 25954615362
25954615359 11 25954615364
25954615359 2 25954680895
25954615359 13 25954680898
25954615359 10 25954680900
25954615359 2 25954746434
25954615359 1 30251548781
25954615359 1 34546516096
25954615362 13 25954615364
25954615362 11 25954680898
25954615362 5 25954680900
25954615362 11 30249648194
25954615362 11 30249648196
25954615362 3 30251548778
25954615362 7 30251548781
25954615362 4 30251548784
25954615362 1 34546516096
25954615364 2 30251548778
25954615364 6 30251548781
25954615364 4 30251548784
25954680892 1 25954746431
25954680892 1 25954746434
25954680895 6 25954680900
25954680895 1 25954746431
25954680895 9 25954746434
25954680895 5 25954746436
25954680895 1 30249713730
25954680895 1 30249713732
25954680898 14 25954746434
25954680898 2 25954746436
25954680898 3 30249713730
25954680898 4 30249713732
25954680898 1 30251548781
25954746428 1 25954811967
25954746428 1 25954811970
25954746431 2 25954811970
25954746434 20 25954811970
25954746434 5 25954811972
25954746434 6 30249779266
25954746434 5 30249779268
25954746434 1 30251548778
25954811967 1 25954877506
25954811970 7 25954877506
25954811970 4 25954877507
25954811970 1 25954877508
25954811970 4 25954877509
25954811970 1 25954943043
25954811970 1 25954943045
25954811970 9 30249844802
25954811970 1 30249844803
25954811970 4 30249844804
25954811970 1 30249844805
25954877506 1 25954943043
25954877506 1 25954943045
25954877506 5 30249910338
25954877506 2 30249910339
25954877506 1 30249910340
25954877506 3 30249910341
25954877506 1 30249910342
25954877507 1 25954943043
25954877507 1 25954943045
25954877507 1 30249910339
25954877507 3 30249910341
25954943043 1 30249975875
25954943043 3 30249975877
25956319335 1 25956319338
25956319335 1 25956450407
25956319338 1 25956450410
25956319338 1 25956581479
25956319338 1 25956581482
25956450407 3 25956450410
25956450407 7 25956581479
25956450407 1 25956581482
25956450410 7 25956581482
25956581479 1 25956581482
25971392578 1 25971392580
25971392578 1 30266425410
25971392578 1 30266425412
25971458106 1 25954746428
25971458106 1 25954746431
25971458106 1 25971458111
25971458108 1 25954746434
25971458108 1 25954746436
25971458108 1 25971458114
25971458108 1 30251417715
25971458111 1 30251417715
25971458111 1 30251548781
25971458114 1 30251548781
30166745996 1 30166811916
30166811916 1 30166877923
30166877562 1 21544435790
30183522826 1 30183588623
30183522904 1 30183588623
30183588623 1 30183654295
30183588624 1 30183654294
30183588824 1 30183588825
30183654294 1 25888752766
30183654295 1 30183720073
30183654296 1 30183720073
30200168674 1 30200234301
30200168675 1 30200234301
30200168714 1 25905267058
30200168715 1 30200168755
30200168716 1 30200168756
30200168716 1 30200234357
30200168717 1 30200234360
30200168754 1 25905267115
30200168755 1 30200234357
30200168756 1 30200234357
30200234192 1 30200299808
30200234301 1 30200299884
30200234301 1 30200299959
30200234357 1 30200300037
30200234357 1 30200300038
30200234358 1 30200300037
30200234358 1 30200300038
30200234360 1 30183522826
30200299652 1 30200365122
30200299808 1 30200365329
30200299809 1 30200365432
30200299884 1 30200299963
30200299959 1 25905398332
30200299960 1 25905398332
30200299962 1 30200365535
30200299963 1 30200365535
30200300037 1 25888621109
30200300038 1 25888621218
30200365122 1 25905659962
30200365123 1 25905659962
30200365329 1 30200430790
30200365432 1 30200430911
30200365434 1 30200430793
30200365535 1 34495398335
30200430790 1 25905529078
30200430910 1 25905529078
30200430911 1 30200496376
30200430912 1 30200496376
30215831638 1 30215897227
30215831669 1 25920929980
30215897121 1 25920995376
30215897121 1 25921978593
30215897121 1 30215962673
30215897121 1 30215962675
30215897122 1 30215962675
30215897122 1 30217470070
30215897123 1 30215962674
30215897124 1 25922502757
30215897124 1 30215962677
30215897125 1 30215962679
30215897173 2 30215962673
30215897174 1 30215962673
30215897175 1 30215962754
30215897176 1 30215962754
30215897177 2 34510930054
30215897227 1 30199185694
30215897227 1 30215962831
30215897228 1 30215962834
30215897279 1 30199185694
30215962673 1 25921978593
30215962673 1 30200168674
30215962674 1 25905201377
30215962674 1 30200168674
30215962677 1 30200168675
30215962679 1 30200168716
30215962754 1 30200168714
30215962831 1 30200168754
30215962834 1 30200168715
30216945811 1 25922371688
30216945811 1 30217011294
30216945811 1 30217011349
30216945811 1 30217338997
30216945812 1 34511978705
30216945853 1 30200234192
30217011294 1 34512633927
30217011349 1 25922830389
30217338997 1 30217470070
30217338997 1 30217470073
30217928766 1 30217928767
30232543275 1 25920864372
30232543275 1 25956581479
30232543275 1 25956581482
30232543275 1 30232543291
30232543275 1 30232805442
30232543275 1 30232805444
30232543275 1 30249582658
30232543275 5 30249582660
30232543275 3 30249582663
30232543275 1 30251548778
30232543275 2 30251548787
30232543276 1 30215831638
30232543276 2 30232543292
30232543276 1 30232805450
30232543276 1 30249582663
30232543276 3 30249582666
30232543276 1 30249582669
30232543276 1 30251548784
30232543276 1 30251548791
30232543276 1 34510798967
30232543290 3 25956581482
30232543290 1 30232805442
30232543290 2 30232805444
30232543290 1 30232870980
30232543290 1 30249582660
30232543290 1 30251417719
30232543290 1 30251548787
30232543290 1 30251548791
30232543291 4 25956581479
30232543291 1 25956581482
30232543291 1 30232543292
30232543291 1 30232805442
30232543291 8 30232805444
30232543291 16 30232805447
30232543291 7 30232805450
30232543291 1 30232805453
30232543291 4 30249582660
30232543291 12 30249582663
30232543291 6 30249582666
30232543291 1 30249582669
30232543291 1 30251417712
30232543291 1 30251417719
30232543291 3 30251548778
30232543291 8 30251548781
30232543291 5 30251548784
30232543291 11 30251548787
30232543291 8 30251548791
30232543291 3 34546516090
30232543292 1 30215831639
30232543292 3 30232805450
30232543292 1 30232805453
30232543292 1 30249582666
30232543292 1 30249582669
30232543292 1 30251286643
30232543292 2 30251548781
30232543292 2 30251548784
30232543292 2 30251548787
30232543292 3 30251548791
30232543306 1 30251548781
30232543307 1 25956581479
30232543307 1 30232805444
30232543307 1 30232805447
30232543307 1 30251548778
30232608788 1 17332437065
30232608789 2 30215897121
30232608790 1 152174794
30232608790 1 30215897123
30232608790 1 30215897124
30232608791 1 30215897125
30232608820 1 25920929928
30232608821 1 25920929928
30232608821 2 30215897121
30232608821 1 30215897122
30232608821 1 30215897173
30232608822 1 30215897124
30232608822 1 30215897175
30232608823 2 30215897177
30232608823 1 34510864473
30232608854 1 30215897227
30232608854 1 30215897228
30232608855 1 34510864526
30232805442 3 30232870978
30232805442 4 30232870980
30232805444 7 30232870980
30232805444 3 30232870983
30232805444 1 30249648196
30232805444 1 30251548778
30232805447 1 30232805450
30232805447 10 30232870983
30232805447 6 30232870986
30232805447 4 30249648199
30232805447 2 30249648202
30232805447 1 30251548784
30232805447 1 30251548791
30232805450 7 30232870986
30232805450 2 30232870989
30232805450 3 30249648202
30232805450 1 30249648205
30232805450 1 30251548784
30232805450 2 30251548787
30232805450 1 30251548791
30232805450 1 34546516090
30232805453 1 30232870989
30232805453 1 30251548787
30232870978 1 30232936516
30232870978 1 30249713730
30232870978 2 30249713732
30232870980 7 30232936516
30232870980 1 30232936519
30232870980 1 30249713732
30232870983 8 30232936519
30232870983 1 30232936522
30232870983 2 30249713735
30232870983 2 30249713738
30232870986 8 30232936522
30232870986 1 30232936525
30232870989 1 30232936525
30232936516 3 30233002053
30232936516 6 30233002054
30232936516 3 30233002056
30232936516 3 30249779270
30232936516 3 30249779272
30232936519 2 30233002056
30232936519 4 30233002057
30232936519 3 30249779272
30232936519 2 30249779273
30232936519 1 30249779275
30232936522 3 30233002059
30232936522 4 30233002060
30232936522 4 30249779275
30232936522 3 30249779276
30232936525 1 30249779276
30232936525 1 30249779278
30233002053 2 30233067589
30233002053 1 30233067590
30233002053 1 30249844805
30233002053 1 30249844806
30233002054 2 30233067590
30233002054 2 30233067592
30233002054 1 30249844806
30233002054 1 30249844808
30233002056 2 30233067592
30233002056 1 30233067593
30233002057 2 30233067593
30233002057 1 30249910345
30233002059 1 30233067595
30233002059 1 30233067596
30233002059 2 30249844811
30233002059 2 30249844812
30233002060 1 30249844812
30233067589 1 30233133125
30233067589 1 30249910342
30233067590 1 30249910342
30233067590 2 30249910344
30233067592 2 30233133128
30233067592 1 30233133129
30233067592 1 30249910345
30233067592 1 34546516090
30233067593 1 30233133129
30233067593 1 30249910345
30233067593 1 34546516090
30233067595 1 30249910347
30233067595 1 30249910348
30233133125 1 30249975877
30233133128 1 30249975880
30233133128 1 30249975881
30233133129 1 30249975881
30234378349 1 30234509421
30234378352 1 30234509421
30234378352 1 30234509423
30234378355 1 30234509424
30234509421 1 30234640492
30234509421 1 30234640493
30234509421 1 30234640495
30234509421 1 30251417709
30234509424 1 30234640495
30234509424 1 30234640496
30234509427 1 30234509431
30234509427 1 30234640496
30234509427 2 30234640499
30234509427 1 30234640503
30234509431 2 30234640503
30234640492 1 25939804267
30234640493 1 30234771564
30234640493 1 30234771565
30234640495 1 30234771566
30234640495 1 30234771569
30234640496 1 30234771565
30234640496 2 30234771568
30234640499 1 30234771571
30234640503 3 30234771575
30249320458 1 25937641490
30249320458 1 30249582658
30249320458 1 30249582660
30249320458 1 30251548778
30249320459 1 152174754
30249320459 1 30232608788
30249320459 1 30232608789
30249320459 2 30232608790
30249320459 1 30232608791
30249320459 1 30249582660
30249320459 3 30249582663
30249320459 2 30249582666
30249320459 1 30251548778
30249320459 1 30251548781
30249320459 1 30251548791
30249320459 1 34527576087
30249320459 1 34546516090
30249320460 2 30232608790
30249320460 1 30249320476
30249320460 1 34527576087
30249320460 1 34527576090
30249320474 1 135397657
30249320474 1 8757772358
30249320474 1 8757772360
30249320474 1 25956581482
30249320474 4 30249582658
30249320474 6 30249582660
30249320474 2 30249582663
30249320474 1 30251417719
30249320474 2 30251548784
30249320474 1 30251548787
30249320475 1 8757772358
30249320475 1 8757772360
30249320475 1 21642674225
30249320475 1 25937641523
30249320475 1 25937641524
30249320475 1 25956581482
30249320475 1 30232608789
30249320475 1 30232608820
30249320475 2 30232608821
30249320475 1 30232608822
30249320475 2 30232608823
30249320475 1 30232608855
30249320475 1 30249582658
30249320475 18 30249582660
30249320475 25 30249582663
30249320475 14 30249582666
30249320475 4 30249582669
30249320475 1 30251417715
30249320475 1 30251417719
30249320475 3 30251548778
30249320475 5 30251548781
30249320475 5 30251548784
30249320475 9 30251548787
30249320475 8 30251548791
30249320475 1 30251548794
30249320475 1 34527576119
30249320475 1 34527576121
30249320475 2 34546516090
30249320475 1 38822543452
30249320476 1 30232608789
30249320476 1 30232608821
30249320476 2 30232608823
30249320476 1 30234771568
30249320476 2 30249582663
30249320476 7 30249582666
30249320476 5 30249582669
30249320476 1 30251417715
30249320476 1 30251548781
30249320476 1 30251548787
30249320476 3 30251548791
30249320476 1 34527576119
30249320476 1 34527576120
30249320476 2 34546516090
30249320476 1 38822543452
30249320490 1 4446027908
30249320490 1 25920864372
30249320490 1 25937641556
30249320490 1 30232608821
30249320490 1 30249320491
30249320490 3 30249320506
30249320490 4 30249582658
30249320490 4 30249582660
30249320490 1 30251548778
30249320490 2 30251548781
30249320490 2 30251548787
30249320491 1 4446027908
30249320491 1 8757772327
30249320491 1 25920864340
30249320491 1 25920864372
30249320491 1 25937641524
30249320491 1 25937641555
30249320491 1 25937641556
30249320491 1 25939804263
30249320491 1 25956581479
30249320491 3 25956581482
30249320491 1 30215831638
30249320491 1 30215831669
30249320491 1 30232608821
30249320491 1 30232608822
30249320491 2 30232608854
30249320491 1 30234771565
30249320491 1 30234771571
30249320491 1 30234771575
30249320491 2 30249320492
30249320491 2 30249320506
30249320491 24 30249582660
30249320491 49 30249582663
30249320491 33 30249582666
30249320491 8 30249582669
30249320491 1 30251417706
30249320491 1 30251417709
30249320491 1 30251417712
30249320491 1 30251417715
30249320491 7 30251548778
30249320491 7 30251548781
30249320491 8 30251548784
30249320491 15 30251548787
30249320491 7 30251548791
30249320491 2 30251548794
30249320491 1 34510798967
30249320491 8 34546516090
30249320492 1 30232608854
30249320492 1 30234771571
30249320492 6 30249582666
30249320492 6 30249582669
30249320492 1 30251548781
30249320492 1 30251548784
30249320492 4 30251548787
30249320492 4 30251548791
30249320492 1 30251548794
30249320492 1 34510864476
30249320492 2 34546516090
30249320506 1 25939804263
30249320507 1 30215831639
30249320507 1 30215831669
30249320507 1 30249582663
30249320507 1 30249582666
30249320507 1 30251548791
30249320507 1 34546516090
30249582658 1 25954615364
30249582658 3 25956581479
30249582658 9 25956581482
30249582658 59 30249582660
30249582658 98 30249582663
30249582658 128 30249648194
30249582658 212 30249648196
30249582658 64 30249648199
30249582658 7 30251548778
30249582658 12 30251548781
30249582658 8 30251548784
30249582658 1 30251548787
30249582660 7 25956581479
30249582660 12 25956581482
30249582660 1 30216945853
30249582660 172 30249582663
30249582660 112 30249582666
30249582660 241 30249648196
30249582660 293 30249648199
30249582660 81 30249648202
30249582660 1 30251417706
30249582660 1 30251417709
30249582660 25 30251548778
30249582660 42 30251548781
30249582660 35 30251548784
30249582660 16 30251548787
30249582660 1 30251548791
30249582663 1 17315659843
30249582663 1 25921978512
30249582663 2 25956581479
30249582663 1 25956581482
30249582663 1 30216945812
30249582663 1 30216945853
30249582663 167 30249582666
30249582663 110 30249582669
30249582663 2 30249648196
30249582663 190 30249648199
30249582663 262 30249648202
30249582663 81 30249648205
30249582663 1 30251417706
30249582663 2 30251417709
30249582663 2 30251417715
30249582663 19 30251548778
30249582663 37 30251548781
30249582663 49 30251548784
30249582663 28 30251548787
30249582663 21 30251548791
30249582663 1 30251548794
30249582663 2 30266359882
30249582663 6 34546516090
30249582663 1 34546516093
30249582666 1 17315659843
30249582666 1 25921978512
30249582666 1 30234771571
30249582666 152 30249582669
30249582666 4 30249582671
30249582666 2 30249648199
30249582666 146 30249648202
30249582666 120 30249648205
30249582666 2 30249648207
30249582666 1 30251417709
30249582666 2 30251417715
30249582666 1 30251548778
30249582666 12 30251548781
30249582666 29 30251548784
30249582666 31 30251548787
30249582666 41 30251548791
30249582666 2 30251548794
30249582666 1 34544549967
30249582666 14 34546516090
30249582666 1 34546516093
30249582666 1 38806880408
30249582669 1 30234771571
30249582669 4 30249582671
30249582669 1 30249648202
30249582669 1 30249648205
30249582669 1 30251548781
30249582669 5 30251548784
30249582669 21 30251548787
30249582669 20 30251548791
30249582669 1 30251548794
30249582669 1 34544549967
30249582669 8 34546516090
30249648194 45 30249648199
30249648194 130 30249713730
30249648194 184 30249713732
30249648194 27 30249713735
30249648194 1 30251548794
30249648196 58 30249648202
30249648196 4 30249713730
30249648196 278 30249713732
30249648196 245 30249713735
30249648196 32 30249713738
30249648196 1 30249779271
30249648196 1 30249779272
30249648196 1 30251548794
30249648196 1 30266425418
30249648199 55 30249648205
30249648199 1 30249713732
30249648199 243 30249713735
30249648199 216 30249713738
30249648199 32 30249713741
30249648199 1 30249779273
30249648199 1 30249779275
30249648199 1 30251548791
30249648202 1 30249648205
30249648202 2 30249648207
30249648202 2 30249713735
30249648202 205 30249713738
30249648202 131 30249713741
30249648202 1 30249779274
30249648202 2 30251548791
30249648202 1 34512568441
30249648205 2 30249713738
30249648205 4 30249713741
30249648205 1 30251548791
30249713730 14 30249713735
30249713730 103 30249779266
30249713730 143 30249779268
30249713730 6 30249779269
30249713730 4 30249779271
30249713732 1 30249713735
30249713732 9 30249713738
30249713732 1 30249779266
30249713732 262 30249779268
30249713732 7 30249779269
30249713732 16 30249779270
30249713732 169 30249779271
30249713732 7 30249779272
30249713732 3 30249779274
30249713732 3 30249844806
30249713732 1 30249844808
30249713732 1 30251548778
30249713735 1 25939804267
30249713735 10 30249713741
30249713735 1 30249779270
30249713735 238 30249779271
30249713735 18 30249779272
30249713735 25 30249779273
30249713735 151 30249779274
30249713735 6 30249779275
30249713735 3 30249779277
30249713735 2 30249844806
30249713735 1 30249844807
30249713735 7 30249844808
30249713735 8 30249844809
30249713735 1 30249844810
30249713735 3 30249844811
30249713738 1 25939804267
30249713738 2 30249779271
30249713738 4 30249779273
30249713738 212 30249779274
30249713738 17 30249779275
30249713738 14 30249779276
30249713738 107 30249779277
30249713738 1 30249844810
30249713738 9 30249844811
30249713738 8 30249844812
30249713738 1 30251548781
30249713741 3 30249779274
30249713741 3 30249779276
30249713741 9 30249779277
30249713741 2 30249779278
30249713741 1 30251548781
30249779266 69 30249844802
30249779266 90 30249844804
30249779266 14 30249844805
30249779266 3 30249844806
30249779266 1 30249910340
30249779266 2 30249910341
30249779266 2 30249910342
30249779266 1 30251548778
30249779268 1 25921978473
30249779268 1 30249844802
30249779268 215 30249844804
30249779268 15 30249844805
30249779268 44 30249844806
30249779268 107 30249844807
30249779268 28 30249844808
30249779268 2 30249910340
30249779268 1 30249910341
30249779268 8 30249910342
30249779268 4 30249910344
30249779269 11 30249844805
30249779269 5 30249844806
30249779270 1 30249844805
30249779270 11 30249844806
30249779270 8 30249844808
30249779270 1 30251548781
30249779271 1 30234771565
30249779271 1 30249844806
30249779271 205 30249844807
30249779271 29 30249844808
30249779271 35 30249844809
30249779271 95 30249844810
30249779271 8 30249844811
30249779271 1 30249910343
30249779271 3 30249910344
30249779271 6 30249910345
30249779271 3 30249910347
30249779271 1 30251548784
30249779272 1 30249844806
30249779272 20 30249844808
30249779272 15 30249844809
30249779272 1 30249910344
30249779272 1 30251548781
30249779273 1 30249844808
30249779273 11 30249844809
30249779273 10 30249844811
30249779274 2 30249844807
30249779274 8 30249844809
30249779274 195 30249844810
30249779274 29 30249844811
30249779274 29 30249844812
30249779274 80 30249844813
30249779274 1 30249844814
30249779274 1 30249910345
30249779274 2 30249910347
30249779274 3 30249910348
30249779275 16 30249844811
30249779275 9 30249844812
30249779276 1 30249844811
30249779276 8 30249844812
30249779276 1 30249844814
30249779277 2 30249844810
30249779277 11 30249844812
30249779277 8 30249844813
30249779277 6 30249844814
30249779278 1 30249844812
30249844802 42 30249910338
30249844802 5 30249910339
30249844802 47 30249910340
30249844802 16 30249910341
30249844802 3 30249910342
30249844802 4 30249975877
30249844803 1 30249910341
30249844804 126 30249910340
30249844804 40 30249910341
30249844804 69 30249910342
30249844804 49 30249910343
30249844804 30 30249910344
30249844804 2 30249975877
30249844804 5 30249975878
30249844804 2 30249975879
30249844804 2 30249975880
30249844804 1 30251548778
30249844805 40 30249910341
30249844805 13 30249910342
30249844806 44 30249910342
30249844806 24 30249910344
30249844807 1 25956581479
30249844807 2 30249844810
30249844807 4 30249910340
30249844807 7 30249910342
30249844807 126 30249910343
30249844807 49 30249910344
30249844807 53 30249910345
30249844807 56 30249910346
30249844807 9 30249910347
30249844807 1 30249975877
30249844807 5 30249975880
30249844807 11 30249975881
30249844807 2 30249975883
30249844807 1 30251548778
30249844807 1 43102371997
30249844808 9 30249910342
30249844808 52 30249910344
30249844808 29 30249910345
30249844808 1 38806880331
30249844809 1 30249910344
30249844809 32 30249910345
30249844809 19 30249910347
30249844810 1 30249910343
30249844810 10 30249910345
30249844810 133 30249910346
30249844810 49 30249910347
30249844810 45 30249910348
30249844810 46 30249910349
30249844810 2 30249910350
30249844810 4 30249975883
30249844810 3 30249975884
30249844810 1 30249975886
30249844811 2 30249910345
30249844811 44 30249910347
30249844811 26 30249910348
30249844812 4 30249910347
30249844812 42 30249910348
30249844812 9 30249910350
30249844813 12 30249910348
30249844813 7 30249910349
30249844813 11 30249910350
30249910338 23 30249975874
30249910338 8 30249975875
30249910338 22 30249975876
30249910338 14 30249975877
30249910339 4 30249975875
30249910339 7 30249975877
30249910340 80 30249975876
30249910340 31 30249975877
30249910340 54 30249975878
30249910340 21 30249975879
30249910340 20 30249975880
30249910341 1 30234771564
30249910341 85 30249975877
30249910341 40 30249975878
30249910341 1 30251548778
30249910342 1 30234771564
30249910342 5 30249975877
30249910342 99 30249975878
30249910342 50 30249975880
30249910343 4 30249975878
30249910343 83 30249975879
30249910343 31 30249975880
30249910343 37 30249975881
30249910343 25 30249975882
30249910343 5 30249975883
30249910344 1 30249975878
30249910344 81 30249975880
30249910344 47 30249975881
30249910345 3 30249975880
30249910345 73 30249975881
30249910345 28 30249975883
30249910346 11 30249975881
30249910346 83 30249975882
30249910346 37 30249975883
30249910346 40 30249975884
30249910346 16 30249975885
30249910346 1 30249975886
30249910347 3 30249975881
30249910347 86 30249975883
30249910347 33 30249975884
30249910348 6 30249975883
30249910348 86 30249975884
30249910348 18 30249975886
30249910349 14 30249975884
30249910349 6 30249975885
30249910349 13 30249975886
30249910350 1 30249975884
30249910350 2 30249975886
30249975880 1 30251548778
30249975880 1 30251548784
30249975881 1 30251548781
30249975881 1 30251548787
30249975881 1 43119018137
30249975883 1 30251548781
30249975883 1 34512306307
30251286637 1 30234640493
30251286637 1 30251286640
30251286637 6 30251417709
30251286640 3 30251286643
30251286640 1 30251417709
30251286640 5 30251417712
30251286640 2 30251417715
30251286640 1 30251548787
30251286643 1 30251286647
30251286643 6 30251417715
30251286647 7 30251417719
30251286650 1 34546385018
30251417706 3 25956581482
30251417706 8 30251417709
30251417706 24 30251548778
30251417706 3 30251548781
30251417709 7 30251417712
30251417709 5 30251548778
30251417709 47 30251548781
30251417709 4 30251548784
30251417712 10 30251417715
30251417712 3 30251548781
30251417712 44 30251548784
30251417712 12 30251548787
30251417715 1 30234771571
30251417715 9 30251417719
30251417715 1 30251548784
30251417715 54 30251548787
30251417715 10 30251548791
30251417719 3 30251417722
30251417719 2 30251548787
30251417719 43 30251548791
30251417719 3 30251548794
30251417719 2 34546516090
30251417722 3 30251548794
30251417722 2 34546516090
30251548778 6 30251548781
30251548781 6 30251548784
30251548784 10 30251548787
30251548787 4 30251548791
30251548791 3 30251548794
30266359874 1 30249648194
30266359874 2 30249648196
30266359874 1 30249648199
30266359874 10 30266359879
30266359874 4 30266425410
30266359874 8 30266425412
30266359874 4 30266425415
30266359876 5 30249648199
30266359876 5 30249648202
30266359876 1 30249648205
30266359876 11 30266359879
30266359876 14 30266359882
30266359876 4 30266425412
30266359876 9 30266425415
30266359876 6 30266425418
30266359879 1 30249648202
30266359879 1 30249648205
30266359879 1 30251548791
30266359879 13 30266359882
30266359879 10 30266359885
30266359879 3 30266425415
30266359879 11 30266425418
30266359879 8 30266425421
30266359882 1 30249648202
30266359882 1 30251548791
30266359882 11 30266359885
30266425410 1 30249713730
30266425410 1 30249713732
30266425410 6 30266425415
30266425410 5 30266490946
30266425410 10 30266490948
30266425410 5 30266490951
30266425412 4 30249713735
30266425412 4 30249713738
30266425412 1 30266425415
30266425412 7 30266425418
30266425412 3 30266490948
30266425412 6 30266490951
30266425412 3 30266490954
30266425415 1 30249713735
30266425415 1 30249713738
30266425415 2 30266425418
30266425415 7 30266425421
30266425415 5 30266490951
30266425415 9 30266490954
30266425415 4 30266490957
30266425418 1 30266425421
30266425418 2 30266490954
30266425418 2 30266490957
30266490946 4 30249779266
30266490946 4 30249779268
30266490946 4 30266490951
30266490946 3 30266556482
30266490946 5 30266556484
30266490946 2 30266556487
30266490948 1 30266490954
30266490948 5 30266556484
30266490948 5 30266556487
30266490951 5 30249779271
30266490951 6 30249779274
30266490951 1 30249779277
30266490951 4 30266490957
30266490951 4 30266556487
30266490951 6 30266556490
30266490951 2 30266556493
30266490954 2 30266556490
30266490954 2 30266556493
30266556482 1 30249844802
30266556482 2 30249844804
30266556482 1 30266622018
30266556482 1 30266622020
30266556484 2 30249844804
30266556484 1 30249844807
30266556484 5 30266622020
30266556484 4 30266622023
30266556487 1 30249844807
30266556487 2 30249844810
30266556487 1 30266622020
30266556487 3 30266622023
30266556487 2 30266622026
30266556490 2 30249844810
30266556490 2 30266622026
30266556490 2 30266622029
30266622018 1 30249910338
30266622018 1 30249910340
30266622020 6 30249910340
30266622020 1 30249910343
30266622023 2 30249910343
30266622023 2 30249910346
30266622023 1 30266622029
30266622026 1 30249910346
30266622026 1 30249910349
30266622026 1 30266687562
30266622026 1 30266687565
30266687559 1 25939804262
30266687559 1 30249975876
30266687562 1 25939804262
30266687562 1 30249975882
30266687562 1 30249975885
34478358920 1 38773391910
34478424556 1 34478490286
34478490127 1 34478555923
34478490202 1 30183588624
34478490205 1 34478556128
34478490281 1 30183588824
34478490286 1 38773523434
34478556128 1 21544435790
34494152918 1 34495136055
34494153075 1 34478358920
34494153076 1 34478358920
34495135975 1 34495201602
34495135976 1 34495201659
34495136013 1 34495201658
34495136014 1 34495201657
34495136014 1 34495201658
34495136014 1 34495201659
34495136055 1 34478424556
34495136056 1 34495201715
34495201544 1 30200299809
34495201602 1 34495267185
34495201657 1 34495201713
34495201658 1 34495201714
34495201659 1 34478490205
34495201659 1 34495267346
34495201660 1 34478490127
34495201660 1 34478490205
34495201713 1 34478490202
34495201714 1 34478490202
34495201715 1 34478490281
34495266953 1 34495332833
34495266953 1 34512306307
34495266954 1 34495332833
34495266955 1 34495332532
34495267033 1 34495332532
34495267185 1 30200365434
34495267346 1 38773523130
34495332532 1 34495594566
34495332833 1 34495332834
34495397977 1 34495594566
34495398335 1 34495463845
34510798967 1 34510864579
34510798968 1 34510864579
34510864473 1 34510930054
34510864474 1 34510930054
34510864476 1 34510929980
34510864476 1 34510930057
34510864478 1 34510930138
34510864526 1 34494152918
34510864579 1 34494153075
34510929980 1 34495135975
34510930054 1 30200168717
34510930054 1 34495136013
34510930054 1 34495136014
34510930055 1 34495136014
34510930057 1 34495136014
34510930138 1 34495136056
34510995542 1 30249648202
34510995542 1 34495135976
34511912989 1 30217797701
34511912989 1 34512306301
34511912990 1 30217797701
34511913070 1 34511978539
34511913070 1 38807273610
34511913109 1 34511978648
34511913110 1 34511978648
34511913149 1 34495201544
34511978539 1 34511978595
34511978648 1 30200299652
34511978653 1 34495266955
34511978705 1 34495267032
34512306301 1 34512437371
34512437371 1 34512568441
34527510588 2 30232805450
34527510588 3 30232805453
34527510588 1 30249582666
34527510588 1 30249582669
34527510588 1 30251417715
34527510588 1 30251417719
34527510588 1 30251548784
34527510588 1 30251548787
34527576087 1 34511913149
34527576088 1 34511913149
34527576090 1 38805831722
34527576119 1 34510864422
34527576120 1 34510864422
34527576120 1 34510864476
34527576121 1 34510864476
34527576121 1 34510864478
34544287756 2 30251548791
34544287756 2 34544549965
34544287756 2 34544549967
34544287772 2 30251548787
34544287772 1 30251548791
34544287772 2 34544549965
34544287772 1 34544549967
34544287788 2 30234771575
34544287788 6 30249582666
34544287788 6 30249582669
34544287788 1 30251417715
34544287788 1 30251548781
34544287788 1 30251548784
34544287788 6 30251548787
34544287788 3 30251548791
34544287788 1 34544549962
34544287788 8 34544549965
34544287788 3 34544549967
34544549962 6 30249648202
34544549962 7 30249648205
34544549962 3 30251548787
34544549962 3 30251548791
34544549962 1 30251548794
34544549962 1 34544549965
34544549962 21 34544549967
34544549962 10 34544615498
34544549962 23 34544615501
34544549962 6 34544615503
34544549965 8 30251548787
34544549965 9 30251548791
34544549965 1 30251548794
34544549965 25 34544549967
34544549965 1 34544549970
34544549965 28 34544615501
34544549965 12 34544615503
34544549965 1 38806880408
34544549967 5 30251548787
34544549967 7 30251548791
34544549967 1 34544549970
34544615498 3 30249713738
34544615498 3 30249713741
34544615498 7 34544615503
34544615498 9 34544681034
34544615498 13 34544681037
34544615501 2 30249713741
34544615501 31 34544681037
34544615501 8 34544681039
34544615501 1 34544746573
34544615503 1 34544681037
34544681034 2 30249779274
34544681034 3 30249779277
34544681034 1 34544681039
34544681034 3 34544746570
34544681034 7 34544746573
34544681037 4 30249779277
34544681037 1 30249779278
34544681037 1 30249844812
34544681037 1 30249844813
34544681037 1 30249844814
34544681037 1 34544746572
34544681037 26 34544746573
34544681037 2 34544746574
34544681037 1 34544812108
34544681037 1 34544812109
34544681037 1 34544812110
34544746570 1 30249844813
34544746570 1 34544812106
34544746570 2 34544812109
34544746572 1 30249844812
34544746572 1 30249844814
34544746573 2 30249844812
34544746573 4 30249844813
34544746573 2 30249844814
34544746573 1 30249910348
34544746573 1 30249910350
34544746573 1 34544812108
34544746573 22 34544812109
34544746573 2 34544812110
34544746574 1 34544812110
34544746578 1 30234771566
34544746578 1 34544812111
34544746581 1 30234771566
34544812106 1 30249910349
34544812108 1 30249910348
34544812108 1 30249910350
34544812108 1 34544877644
34544812108 1 34544877646
34544812109 4 30249910348
34544812109 4 30249910349
34544812109 6 30249910350
34544812109 2 30249975884
34544812109 2 30249975886
34544812109 6 34544877644
34544812109 7 34544877645
34544812109 5 34544877646
34544812110 1 34544877644
34544812110 2 34544877646
34544812111 1 30249910345
34544812111 1 30249910348
34544812111 1 30249910350
34544877644 7 30249975884
34544877644 7 30249975886
34544877645 7 30249975884
34544877645 7 30249975886
34544877646 1 30249975886
34546385018 16 34546516090
34546385018 3 34546516093
34546385021 1 34546385024
34546385021 1 34546516096
34561327178 1 34561327183
34561327178 1 34561392717
34561327178 1 34561392719
34561327181 1 34561327183
34561392714 1 34544681037
34561392714 1 34544681039
34561392714 1 34561392719
34561458253 1 25956581476
34561458253 1 30266556487
34561458253 1 30266556490
34561458255 1 25956581476
34561458255 1 34561458261
34561458255 1 34561523789
34561458255 1 34561523791
34561458258 1 30251548784
34561458261 1 30251548784
34561523789 1 34561589322
34561523789 1 34561589325
34561589322 1 30249910346
38773391910 1 38756680605
38773391966 1 38756680605
38773523434 1 38773589270
38773589270 1 43051845392
38790103312 1 34495201660
38790103313 1 34495201660
38790234180 1 43119018137
38805831722 1 38805897279
38805897279 1 38790103312
38805897280 1 38790103312
38806880331 1 38806945953
38806880408 1 34511978653
38806880409 1 34511978653
38822543452 1 43100799179
38839713879 1 30249844811
38839713879 1 30249844812
38839713879 1 34544812111
38839779421 1 30249910343
43016781951 1 43083956415
43016781951 1 43117707367
43033559168 1 43083956415
43067113584 1 43083956416
43067113584 1 43117903975
43068293519 1 101909097
43083956415 1 43100799182
43083956416 1 47378989315
43084087681 1 43068293519
43085201794 1 43085201872
43100668000 1 43100733599
43100668000 1 43117838436
43100668000 1 43117838438
43100733599 1 43100799130
43100799130 1 43100864666
43100799179 1 43084087681
43100799182 1 43100864588
43100864588 1 30234771569
43100864666 1 30217732203
43102371997 1 43102568535
43117707367 1 43117772900
43117707367 1 43117772902
43117772900 1 43134615648
43117838436 1 38839713879
43117838436 1 38839713882
43117838438 1 152174714
43117838438 1 30249779270
43117903975 1 38839779421
43117903975 1 38839779424
43134484581 1 30249648202
43134484581 1 43134484586
43134484586 1 25922371678
43134615648 1 38839713879
43151261800 1 25922371678
47378989315 1 47379054903
47379054903 1 25922764898
47380037912 1 25922961464
47380037912 1 25939411041
47380169016 1 47380234544
47380234544 1 43085332713
47396815088 1 25939279978
47396815088 1 30217928766
