118882913 1 118882914
135463306 1 4396942256
201850886 1 25939804262
201850886 1 34561654869
201850886 1 34561654871
4430364919 1 4430430608
4430364920 1 4430430608
4430561704 1 118882913
8725463290 1 4430561704
8742109275 1 8742174845
8742174845 1 8725463290
8742174846 1 8725463290
13038190624 1 13038190625
13052936220 1 4430364919
13052936220 1 30266425412
13052936223 1 4430364919
17315397822 1 21610430612
17332043873 1 17332109448
17332109448 1 17315397822
21610430612 1 21610496177
21610496177 1 21610561613
21644443728 1 13038190624
21644443728 1 17349607493
21644443728 1 17349607496
25939673194 1 25939804262
25971392575 3 25971392580
25971392575 3 25971458114
25971392575 3 25971458116
25971392578 3 25971392580
25971458111 6 25971458116
25971458111 6 25971523650
25971458111 6 25971523652
25971458114 6 25971458116
25971458114 4 25971523650
25971458114 4 25971523652
25971523647 9 25971523652
25971523647 9 25971589186
25971523647 9 25971589188
25971523650 3 25971523652
25971523650 2 25971589186
25971523650 2 25971589188
25971523650 3 30266556482
25971523650 3 30266556484
25971589178 1 25971589180
25971589178 1 25971654719
25971589178 1 25971654722
25971589183 5 25971589188
25971589183 5 25971654722
25971589183 5 25971654724
25971589186 4 25971654722
25971589186 4 25971654724
25971589186 2 30266622018
25971589186 2 30266622020
25971654719 1 25971654724
25971654719 1 25971720258
25971654719 1 25971720260
25971654719 1 30266687556
25971654719 1 30266687559
25971654722 5 25971720258
25971654722 4 25971720260
25971654722 3 30266687554
25971654722 3 30266687556
25971720258 1 25971785796
25971720258 6 30266753090
25971720258 4 30266753092
30134370415 1 30117724269
30234378359 1 30218059837
30234378359 1 30234509426
30249582658 1 30249582660
30249582658 6 30249582663
30249582658 1 30249648194
30249582658 5 30249648196
30249582658 4 30249648199
30249582658 1 30266425410
30249582658 2 30266425412
30249582658 1 30266425415
30249582660 6 30249582663
30249582660 11 30249582666
30249582660 1 30249648196
30249582660 7 30249648199
30249582660 6 30249648202
30249582660 4 30266425415
30249582660 4 30266425418
30249582663 11 30249582666
30249582663 7 30249582669
30249582663 1 30249648199
30249582663 5 30249648202
30249582663 3 30249648205
30249582663 2 30266425418
30249582663 3 30266425421
30249582666 6 30249582669
30249582666 1 30249582671
30249582666 1 30249648202
30249582666 1 30249648205
30249582669 1 30249582671
30249648194 4 30249648199
30249648194 1 30249713730
30249648194 4 30249713732
30249648194 3 30249713735
30249648194 1 30266490946
30249648194 1 30266490948
30249648196 4 30249648202
30249648196 2 30249713732
30249648196 4 30249713735
30249648196 2 30249713738
30249648196 1 30266490951
30249648196 1 30266490954
30249648199 2 30249648205
30249648199 3 30249713735
30249648199 3 30249713738
30249648199 2 30266490951
30249648199 2 30266490954
30249648202 1 30249713738
30249648202 1 30249713741
30249648202 1 30266490954
30249648202 1 30266490957
30249713730 1 30249713735
30249713730 1 30249779266
30249713730 2 30249779268
30249713732 2 30249713738
30249713732 1 30249779266
30249713732 5 30249779268
30249713732 4 30249779271
30249713732 1 30266556484
30249713732 1 30266556487
30249713735 2 30249779271
30249713735 2 30249779274
30249713735 1 30266556487
30249713735 1 30266556490
30249713738 1 30249779274
30249713738 1 30249779277
30249779266 1 30249844802
30249779266 2 30249844804
30249779268 3 30249844804
30249779268 3 30249844807
30249779268 1 30266622023
30249779271 2 30266622023
30249779271 2 30266622026
30249779274 1 30249844810
30249779274 1 30249844813
30249844802 1 30249910338
30249844802 1 30249910340
30249844804 2 30249910340
30249844804 2 30249910343
30249844804 2 30266687556
30249844807 1 30266687559
30249844810 1 30266687565
30249910338 1 30266753090
30249910340 2 30266753092
30249910340 2 30266753095
30266359874 5 30266359876
30266359874 40 30266359879
30266359874 11 30266425410
30266359874 47 30266425412
30266359874 36 30266425415
30266359876 44 30266359879
30266359876 30 30266359882
30266359876 3 30266425412
30266359876 33 30266425415
30266359876 30 30266425418
30266359879 32 30266359882
30266359879 35 30266359885
30266359879 2 30266425412
30266359879 6 30266425415
30266359879 41 30266425418
30266359879 37 30266425421
30266359882 38 30266359885
30266359882 2 30266359887
30266359882 4 30266425418
30266359882 6 30266425421
30266359882 2 30266425423
30266359885 2 30266359887
30266425410 12 30266425412
30266425410 96 30266425415
30266425410 37 30266490946
30266425410 120 30266490948
30266425410 85 30266490951
30266425412 67 30266425415
30266425412 113 30266425418
30266425412 37 30266490948
30266425412 123 30266490951
30266425412 91 30266490954
30266425415 87 30266425418
30266425415 91 30266425421
30266425415 1 30266490948
30266425415 23 30266490951
30266425415 109 30266490954
30266425415 85 30266490957
30266425418 61 30266425421
30266425418 5 30266425423
30266425418 18 30266490954
30266425418 18 30266490957
30266425418 2 30266490959
30266425421 1 17332043873
30266425421 3 30266425423
30266425421 3 30266490954
30266425421 3 30266490957
30266490946 6 30266490948
30266490946 129 30266490951
30266490946 83 30266556482
30266490946 173 30266556484
30266490946 90 30266556487
30266490948 48 30266490951
30266490948 139 30266490954
30266490948 1 30266556482
30266490948 70 30266556484
30266490948 173 30266556487
30266490948 112 30266556490
30266490951 57 30266490954
30266490951 131 30266490957
30266490951 65 30266556487
30266490951 165 30266556490
30266490951 102 30266556493
30266490954 70 30266490957
30266490954 7 30266490959
30266490954 1 30266556487
30266490954 50 30266556490
30266490954 50 30266556493
30266490954 1 30266556495
30266490957 3 30266490959
30266556482 1 30266556484
30266556482 78 30266556487
30266556482 99 30266622018
30266556482 163 30266622020
30266556482 51 30266622023
30266556482 1 30266687556
30266556484 7 30266556487
30266556484 90 30266556490
30266556484 2 30266622018
30266556484 113 30266622020
30266556484 169 30266622023
30266556484 59 30266622026
30266556487 1 8742109275
30266556487 12 30266556490
30266556487 85 30266556493
30266556487 1 30266622020
30266556487 117 30266622023
30266556487 177 30266622026
30266556487 58 30266622029
30266556490 18 30266556493
30266556490 2 30266556495
30266556490 2 30266622023
30266556490 87 30266622026
30266556490 85 30266622029
30266556493 3 30266622026
30266556493 3 30266622029
30266622018 26 30266622023
30266622018 94 30266687554
30266622018 127 30266687556
30266622018 15 30266687559
30266622020 35 30266622026
30266622020 1 30266687554
30266622020 143 30266687556
30266622020 149 30266687559
30266622020 17 30266687562
30266622020 1 30266753095
30266622023 1 21627535440
30266622023 1 30266622026
30266622023 34 30266622029
30266622023 1 30266687556
30266622023 142 30266687559
30266622023 159 30266687562
30266622023 21 30266687565
30266622026 1 21627535440
30266622026 2 30266687559
30266622026 117 30266687562
30266622026 102 30266687565
30266622026 1 30266753098
30266622029 1 30266687562
30266622029 1 30266687565
30266687554 1 30266687556
30266687554 6 30266687559
30266687554 87 30266753090
30266687554 104 30266753092
30266687554 2 30266753095
30266687556 3 30266687559
30266687556 2 30266687562
30266687556 154 30266753092
30266687556 118 30266753095
30266687556 2 30266753098
30266687559 2 30266687562
30266687559 9 30266687565
30266687559 163 30266753095
30266687559 125 30266753098
30266687559 3 30266753101
30266687562 2 30266753095
30266687562 144 30266753098
30266687562 102 30266753101
30266687565 1 30266753098
30266687565 1 30266753101
30266753090 1 30266753095
30266753092 1 30266753098
30266753092 1 34512830591
30266753095 1 34512830591
30266753098 1 30234509426
30266753098 1 30266753103
30266753101 1 30234509426
30283464775 2 30266753095
30283464775 2 30266753098
30283464775 2 30283464781
30283464778 1 30266753098
30283464778 1 30266753101
30283464778 3 30283464781
34513027144 1 34513027145
34529476734 1 34512830591
34529476734 1 34513027144
34544615503 1 17332043873
34561327178 3 34561327183
34561327178 3 34561392717
34561327178 3 34561392719
34561327181 3 34561327183
34561327186 1 34561327191
34561327186 1 34561392722
34561327186 1 34561392725
34561327189 1 34561327191
34561392714 3 30266490957
34561392714 3 30266490959
34561392714 1 34561392717
34561392714 7 34561392719
34561392714 5 34561458253
34561392714 5 34561458255
34561392717 4 34561392719
34561392719 1 34561392725
34561392719 1 34561458253
34561392719 1 34561458255
34561458250 4 30266556490
34561458250 5 30266556493
34561458250 1 30266556495
34561458250 6 34561458255
34561458250 1 34561523789
34561458250 1 34561523791
34561523786 2 34561523791
34561523786 1 34561589322
34561523786 2 34561589325
34561523786 1 34561589327
34561523789 1 34561523791
34561589322 1 30266687562
34561589322 1 30266687565
34561589322 2 34561589327
34561589322 1 34561654858
34561589322 2 34561654861
34561589322 1 34561654863
34561589325 1 34561589327
34561654858 1 30266753098
34561654858 2 30266753101
34561654858 1 34561654863
34561654866 1 30249975885
34561654866 1 30266753098
34561654866 1 34561654871
34578432074 1 30266753101
34578432074 1 30266753103
34578432074 1 34578432079
34578432077 1 34578432079
38773523335 1 38773523336
38773589033 1 30117724269
38839713885 1 30266622023
38839713885 1 30266622026
43068490331 1 30134370415
43068490332 1 30134370415
43085136148 1 43085201946
43085201715 1 43068490331
43085201716 1 43068490331
43085201946 1 38773523335
43085201947 1 38773523335
43101847591 1 43101913198
43101847710 1 43085136148
43101913198 1 43085201715
43101913254 1 43085201715
43117838435 1 38839713885
43117838435 1 47396815088
43117838436 1 47396815088
43117838439 1 30266556484
43117838439 1 43101847710
43117969513 1 30266687562
43117969513 1 43101847591
43118035044 1 17349607493
43118035044 1 30266753098
47396815088 1 135463306
