34537473 1 51380231
51380231 1 69730313
69730313 1 69861380
69861380 1 70057985
69861383 1 70057985
70057985 1 70057988
4363256615 1 4364435482
4363256616 1 4364435482
4364435482 1 4381409290
4381409290 1 4381409292
8641183765 1 4363256615
8691975494 1 8708883384
12953191133 1 12970034121
12953191134 1 12970034121
12970034121 1 12970099879
12970034122 1 12970099879
12970099879 1 8691975494
12970099880 1 8691975494
17214406698 1 17231249449
17231249449 1 17232822337
17232822337 1 17232953410
17232953410 1 17249861699
17249861699 1 17250058278
17250058278 1 17250058280
21492596791 1 21509439540
21492596794 1 21509439540
21509439540 1 21509505074
21509505074 1 17216438340
25787498556 1 21492596791
25787498559 1 21492596791
25806241895 1 25806372967
25839403114 1 25839534182
25839534182 1 25839665250
25839665250 1 25839861816
25839861816 1 25839992887
30082269263 1 34377302090
30082400324 1 30082400330
30082400327 1 25787498556
30082400330 1 25787498556
30082465866 3 30082465871
30082465866 1 30082531402
30082465866 1 30082531405
30082465869 5 30082531402
30082465869 1 30099308618
30082465871 4 30082531402
30082465871 1 30082531405
30082531396 1 30099374146
30082531399 1 30099374146
30082531402 5 30082596938
30082531405 6 30082596938
30082596938 12 30082662474
30082596938 1 30082662477
30082596941 12 30082662474
30082596941 2 30082662477
30082662474 16 30082662477
30099177543 1 30116020296
30099177546 1 30116020296
30099243082 2 30099308618
30099243085 1 30099308618
30099308618 1 30099374154
30099308618 1 30099374157
30099308621 1 30099374154
30099308621 1 30099374157
30099374146 1 25806241895
30099374148 1 25806241895
30099374154 1 30099439690
30099374157 1 30099439690
30099374157 1 30099439693
30099439690 1 30099439693
30116020296 1 30117462122
30117462122 1 25839403114
34377236554 1 30082269263
34377236554 26 34377236559
34377236557 45 34377236562
34377236557 29 34377302090
34377236557 5 34377302093
34377236557 1 34394079306
34377236559 49 34377236565
34377236559 26 34377302090
34377236559 43 34377302093
34377236559 10 34377302095
34377236559 1 34394079306
34377236559 3 34394079309
34377236562 24 34377236567
34377236562 39 34377302093
34377236562 43 34377302095
34377236562 14 34377302098
34377236562 3 34377302101
34377236562 3 34394079309
34377236562 6 34394079311
34377236562 2 34394079314
34377236565 2 34377236570
34377236565 31 34377302095
34377236565 35 34377302098
34377236565 4 34377302101
34377236565 6 34394079311
34377236565 3 34394079314
34377236567 25 34377302098
34377236567 3 34377302101
34377236567 1 34394079314
34377236570 1 34377302098
34377236570 1 34377302101
34377302090 59 34377302095
34377302090 2 34377367626
34377302090 1 34394144845
34377302093 1 30082400324
34377302093 1 30099177543
34377302093 1 34377302095
34377302093 100 34377302098
34377302093 63 34377367626
34377302093 15 34377367629
34377302093 2 34394144845
34377302093 1 42984079461
34377302095 107 34377302101
34377302095 61 34377367626
34377302095 99 34377367629
34377302095 29 34377367631
34377302095 2 34394144845
34377302095 1 34394144847
34377302098 1 34377302101
34377302098 66 34377302103
34377302098 86 34377367629
34377302098 126 34377367631
34377302098 34 34377367634
34377302098 1 34377367637
34377302098 1 34394144845
34377302098 3 34394144847
34377302098 1 34394144850
34377302098 1 42984079461
34377302101 1 34377302106
34377302101 99 34377367631
34377302101 95 34377367634
34377302101 7 34377367637
34377302101 2 34394144847
34377302101 2 34394144850
34377302101 2 38672334933
34377302103 63 34377367634
34377302103 6 34377367637
34377302103 1 34394144850
34377302103 3 38672334933
34377302106 1 38672334933
34377367626 1 30099243082
34377367626 91 34377367631
34377367626 1 34377433162
34377367629 5 30082465866
34377367629 1 30099243082
34377367629 119 34377367634
34377367629 75 34377433162
34377367629 49 34377433165
34377367629 3 34377433167
34377367629 1 34394210381
34377367631 5 30082465866
34377367631 139 34377367637
34377367631 72 34377433162
34377367631 141 34377433165
34377367631 63 34377433167
34377367631 1 34377433170
34377367631 2 34394210381
34377367631 4 34394210383
34377367631 1 34410987600
34377367634 1 8641183765
34377367634 1 17214406698
34377367634 1 34377367637
34377367634 91 34377367639
34377367634 94 34377433165
34377367634 158 34377433167
34377367634 78 34377433170
34377367634 1 34377433173
34377367634 4 34394210383
34377367634 1 34394210386
34377367634 1 34410987600
34377367637 1 17214406698
34377367637 1 34377367639
34377367637 1 34377433165
34377367637 100 34377433167
34377367637 151 34377433170
34377367637 22 34377433173
34377367637 1 34394210386
34377367637 2 34394210389
34377367637 3 38672400469
34377367639 75 34377433170
34377367639 21 34377433173
34377367639 2 34394210389
34377367639 3 38672400469
34377433162 1 30082465871
34377433162 72 34377433167
34377433162 9 34377498698
34377433162 4 34377498701
34377433165 1 30082531396
34377433165 80 34377433170
34377433165 49 34377498698
34377433165 104 34377498701
34377433165 7 34377498703
34377433165 1 34394275919
34377433167 1 34537473
34377433167 1 30082531396
34377433167 90 34377433173
34377433167 42 34377498698
34377433167 162 34377498701
34377433167 114 34377498703
34377433167 2 34377498706
34377433167 2 34394275919
34377433167 1 34394275922
34377433170 1 34537473
34377433170 1 34377433173
34377433170 67 34377433175
34377433170 62 34377498701
34377433170 169 34377498703
34377433170 115 34377498706
34377433170 6 34377498709
34377433170 1 34394275919
34377433170 2 34394275922
34377433173 1 34377433178
34377433173 64 34377498703
34377433173 164 34377498706
34377433173 39 34377498709
34377433173 1 34394275922
34377433173 1 34394275925
34377433173 3 38672466005
34377433175 50 34377498706
34377433175 34 34377498709
34377433175 1 34394275925
34377433175 2 38672466005
34377433178 1 34377498709
34377498698 5 30082596938
34377498698 1 30082596941
34377498698 35 34377498703
34377498698 2 34377564234
34377498698 8 34377564237
34377498701 7 30082596938
34377498701 1 30082596941
34377498701 1 34377498703
34377498701 37 34377498706
34377498701 18 34377564234
34377498701 141 34377564237
34377498701 13 34377564239
34377498701 1 34377629773
34377498701 1 34394341455
34377498703 1 12953191133
34377498703 1 30082596938
34377498703 1 34377498706
34377498703 44 34377498709
34377498703 16 34377564234
34377498703 143 34377564237
34377498703 146 34377564239
34377498703 15 34377564242
34377498703 1 34394341455
34377498706 33 34377498711
34377498706 19 34377564237
34377498706 147 34377564239
34377498706 152 34377564242
34377498706 14 34377564245
34377498706 1 34377629781
34377498709 26 34377564239
34377498709 151 34377564242
34377498709 60 34377564245
34377498709 1 34377629781
34377498709 7 38672531541
34377498711 18 34377564242
34377498711 39 34377564245
34377498711 6 38672531541
34377564234 2 30082662474
34377564234 1 30082662477
34377564234 13 34377564239
34377564234 3 34377629770
34377564237 4 30082662474
34377564237 1 30082662477
34377564237 1 34377564239
34377564237 8 34377564242
34377564237 8 34377629770
34377564237 136 34377629773
34377564237 20 34377629775
34377564237 1 34394406989
34377564239 1 30082662474
34377564239 5 34377564242
34377564239 13 34377564245
34377564239 5 34377629770
34377564239 106 34377629773
34377564239 164 34377629775
34377564239 9 34377629778
34377564239 2 34394406991
34377564239 2 34394406994
34377564242 1 34377564245
34377564242 8 34377564247
34377564242 3 34377629773
34377564242 119 34377629775
34377564242 161 34377629778
34377564242 17 34377629781
34377564242 1 34394406991
34377564242 2 34394406994
34377564245 1 34377629775
34377564245 118 34377629778
34377564245 81 34377629781
34377564245 1 34394406997
34377564245 2 38672597077
34377564245 1 38672597085
34377564245 1 38689374293
34377564247 30 34377629781
34377564247 2 38672597077
34377564247 1 38672597085
34377629770 8 34377629773
34377629773 85 34377629775
34377629773 1 34377629778
34377629775 103 34377629778
34377629775 1 34377629781
34377629775 1 43019141275
34377629778 94 34377629781
34377629778 1 43019141275
34377629781 17 34377629783
34394079306 1 34394079311
34394079309 1 34394079314
34394079309 1 34394144842
34394079309 2 34394144845
34394079311 5 34394079317
34394079311 1 34394144842
34394079311 3 34394144845
34394079311 1 34394144847
34394079314 1 34394079319
34394079314 1 34394144845
34394079314 3 34394144847
34394079314 5 34394144850
34394079317 2 34394144847
34394079317 6 34394144850
34394079319 1 34394144850
34394144842 1 30099243082
34394144845 1 30099243082
34394144845 2 34394144850
34394144845 4 34394210381
34394144847 2 34394144853
34394144847 4 34394210381
34394144847 5 34394210383
34394144850 1 34394144855
34394144850 1 34394210381
34394144850 6 34394210383
34394144850 8 34394210386
34394144853 1 34394210383
34394144853 9 34394210386
34394144855 1 34394210386
34394210381 5 34394275917
34394210381 1 34394275919
34394210383 5 34394275917
34394210383 11 34394275919
34394210386 10 34394275919
34394210386 9 34394275922
34394210386 1 34394275925
34394210389 8 34394275922
34394210389 3 34394275925
34394210391 2 34394275925
34394275917 4 34394341453
34394275917 1 34394341455
34394275919 3 34394341453
34394275919 13 34394341455
34394275919 1 34394341458
34394275922 9 34394341455
34394275922 10 34394341458
34394275922 2 34394341461
34394275925 7 34394341458
34394275925 6 34394341461
34394341453 4 34394406989
34394341455 3 34394406989
34394341455 9 34394406991
34394341455 1 34394406992
34394341455 4 34394406994
34394341458 4 34394406991
34394341458 14 34394406994
34394341461 5 34394406994
34394341461 6 34394406997
34394406989 2 34394406991
34394406991 4 34394406994
34394406992 1 34396307578
34394406994 3 34394406997
34410987600 1 34428027710
34428027710 1 34429206657
34429206657 1 34429337735
34429337735 1 38724501585
38672334933 3 38672400469
38672334935 3 38672400469
38672400469 6 38672466005
38672400471 7 38672466005
38672466005 9 38672531541
38672466007 10 38672531541
38672531541 16 38672597077
38672531543 16 38672597077
38672597077 18 38672597079
38672597085 1 38672597088
38689374293 1 38689374295
42984079461 1 43000922217
43000922217 1 43019141285
43019141285 1 43019272355
43019272355 1 43019403425
47329970647 1 43019141275
