17825796 1 34668553
17825798 1 34668553
34668553 1 8626503714
53084168 1 53215241
53215241 1 53346308
68355117 1 68421149
68355118 1 68421149
68421149 1 86245383
68421150 1 86245383
69599234 1 69730311
70057985 1 70189060
85198210 1 85264280
85198288 1 86245379
85264280 1 85330276
86245383 1 86441985
86441985 1 86441987
86441986 1 86441988
86441987 1 86441988
4346085387 1 4363256492
4346085389 1 4363256492
4346282000 1 25838093031
4362797072 1 4363256494
4363256492 1 4363322357
4363256493 1 4363256533
4363256493 1 4363322357
4363256494 1 4363322358
4363256532 1 68355117
4363256533 1 68355117
4363322357 1 85198210
4363322358 1 85198210
4363322358 1 85198288
4363322359 1 85198288
4380033551 1 4396876512
4396876512 1 4396942256
4396876513 1 4396942256
4396942256 1 102040678
4396942257 1 102040678
4397140225 1 4397140377
4397140376 1 4397140377
8640332167 1 8657175163
8657175163 1 8657240937
8657240937 1 4380033551
8691975598 1 8692041506
8692041026 1 8692041147
8692041506 1 4397140225
8692041507 1 4397140225
8725725229 1 8742633507
12952142415 1 12952208245
12952208245 1 12969968189
12953191135 1 17248224261
12969968189 1 12970033953
12970033953 1 12970099802
12970099802 1 8691975598
12970100041 1 12986943000
12986943000 1 8692041026
17247043884 1 17263886772
17247109765 1 17247175623
17247175623 1 17264935488
17247764521 1 17248158392
17248158392 1 17248224263
17248158513 1 17248224262
17248224261 1 17265067342
17248224262 1 12970100041
17248224263 1 17265067421
17248224318 1 12970100041
17263886772 1 17280729586
17264935488 1 17265001255
17264935489 1 17265001255
17265001255 1 17265067188
17265001256 1 17265067188
17265067188 1 21560100393
17265067342 1 17265133300
17265067421 1 21560100800
17280729586 1 25922502760
17280729664 1 25922502760
17298489721 1 17315332513
17298489721 1 25922371682
17315397977 1 17315398056
17315398055 1 17315398056
21525889075 1 21543125691
21526020149 1 21526085683
21526020150 1 21526085683
21526085683 1 21544304717
21543125691 1 21543191563
21543191563 1 21560034802
21544304717 1 21544435790
21544435790 1 21544566863
21544566863 1 21544763438
21544763438 1 21544894511
21559968558 1 21576811546
21559968670 1 21576811467
21560034489 1 17265133091
21560034802 1 25856245818
21560100393 1 21576943546
21560100495 1 21576943546
21560100800 1 21560166811
21560100808 1 25855068105
21560100910 1 17266311210
21560166694 1 17266180137
21560166695 1 17266180137
21560166811 1 25856114743
21576811467 1 21576811546
21576877409 1 21576877410
21576877512 1 21576943304
21576877513 1 21576943304
21593522653 1 17315397977
21593654116 1 21593719559
21593654218 1 21593719559
21593719559 1 21593719680
21593719679 1 21593719680
21593719926 1 21593719927
21593785305 1 21593785306
25804144698 1 21526020149
25804144700 1 21526020149
25837110231 1 25854870087
25837110309 1 25854870087
25838093031 1 21543191509
25838093032 1 21559968670
25838093072 1 21559968670
25838158810 1 25855002025
25838158811 1 25855001788
25838158811 1 25855002025
25838158866 1 25855002025
25839272035 1 21544435801
25853821428 1 25870664350
25854870009 1 25871712905
25854870009 1 25871712961
25854870087 1 21559968558
25854870087 1 25854935855
25854870088 1 25854935855
25854870088 1 25854935857
25854870089 1 25854935857
25854935855 1 21560034489
25854935857 1 25855001711
25854936026 1 25855001788
25855001711 1 21576877512
25855001791 1 21576877409
25855001794 1 25855067702
25855001949 1 25855068005
25855002025 1 21560100910
25855002025 1 25855068107
25855002026 1 25855068107
25855067702 1 25855133633
25855067803 1 25855133633
25855067807 1 25855133759
25855067808 1 25855133759
25855068005 1 21560166694
25855068006 1 21560166694
25855068107 1 21561147441
25855133633 1 21560232846
25855133640 1 25871977069
25855133759 1 25855200154
25855133760 1 25871976916
25855200154 1 25855200155
25870664350 1 25888424358
25871647224 1 8725725229
25871647224 1 25871712905
25871712905 1 25871778615
25871712961 1 21576811395
25871778615 1 21593654116
25871778698 1 25888621623
25871778776 1 25871844406
25871844406 1 21593719926
25871844509 1 21593719926
25871844814 1 25871844815
25871910376 1 25871976155
25871910377 1 25871976155
25871976916 1 25871976917
25888424358 1 21593522653
25888424359 1 21593522653
25888555678 1 25888555679
25888555757 1 25888621211
25888621623 1 25888687226
25888687226 1 21593785305
25922371682 1 25922502760
30099046474 5 30099112010
30099046474 1 30115889226
30099046477 1 17247764521
30099046477 5 30099112010
30099046477 1 30115889226
30099112010 1 30099112015
30099112010 7 30099177546
30099112010 1 30099177549
30099112013 8 30099177546
30099112013 3 30099177549
30099112015 1 30099177546
30099177546 1 30099243079
30099177546 7 30099243082
30099177546 1 30099243083
30099177546 1 30099243084
30099177546 2 30099243085
30099177546 1 30099308619
30099177549 1 30099243079
30099177549 6 30099243082
30099177549 2 30099243083
30099177549 3 30099243084
30099177549 3 30099243085
30099177549 1 30099308619
30099177549 2 30099308620
30099243079 1 30099308615
30099243082 1 30099308615
30099243082 7 30099308618
30099243082 1 30099308619
30099243082 1 30099308620
30099243083 2 30116085835
30099243084 3 30099308620
30099243084 2 30116085835
30099243085 7 30099308618
30099243085 2 30099308620
30099243085 2 30099308621
30099243086 2 30099308620
30099308615 1 30099374151
30099308618 5 30099374154
30099308618 3 30099374157
30099308619 2 30099374155
30099308620 3 30099374155
30099308620 6 30099374156
30099308621 5 30099374154
30099308621 3 30099374156
30099308621 3 30099374157
30099308622 2 30099374156
30099374151 1 30099439688
30099374154 2 30099439690
30099374154 1 30099439691
30099374154 1 30099439692
30099374154 1 30099439693
30099374155 3 30099439691
30099374156 3 30099439691
30099374156 22 30099439692
30099374157 2 30099439690
30099374157 1 30099439691
30099374157 4 30099439692
30099374157 4 30099439693
30099374158 17 30099439692
30099439690 1 30099439693
30099439691 2 30099439692
30099439691 1 30101078131
30099439691 3 30101209203
30099439692 5 30099439694
30099439692 1 30101078135
30099439692 1 30101209200
30099439692 4 30101209203
30099439692 13 30101209207
30099439692 8 30101340279
30099439692 1 30117986410
30099439694 5 30101209207
30099439694 5 30101340279
30101078131 1 30101209203
30101078135 1 30101209207
30101209203 6 30101340275
30101209203 1 30118117491
30101209207 1 30101340275
30101209207 20 30101340279
30101209210 5 30101340279
30101209210 1 30101340282
30101340279 7 30101340282
30115168630 2 30132011615
30115168661 1 30132011665
30115168662 1 4363256493
30115168662 1 30132011614
30115168663 1 30132011616
30115168693 1 30132011717
30115168693 1 30132600901
30115168694 1 30132011718
30115168694 1 30132600901
30115168694 1 30133060212
30115823689 1 30132666443
30115823690 2 30115889226
30115823690 1 30115889227
30115823691 1 30132666443
30115823692 1 30115889228
30115823693 1 30115889226
30115823693 1 30115889227
30115823693 1 30115889229
30115823694 1 30115889228
30115889226 1 30115954761
30115889226 1 30115954763
30115889226 1 30116020299
30115889227 1 30115954763
30115889228 1 30115954763
30115889228 1 30133060411
30115889229 1 30115954763
30115889229 1 30115954764
30115889229 1 30115954765
30115954761 1 30116020297
30115954761 1 30133060370
30115954763 1 30116020297
30115954763 2 30116020299
30115954763 1 30117462131
30115954764 2 30116020299
30115954764 1 30116020300
30115954765 2 30116020300
30115954766 1 30116020300
30116020296 1 30117462125
30116020297 1 30117462125
30116020299 1 30116085835
30116020299 1 30116085836
30116020299 1 30117593207
30116020300 7 30116085836
30116020300 2 30117593203
30116020300 2 30117593207
30116020302 5 30116085836
30116020302 1 30117593203
30116020302 1 30117593207
30116085835 2 30116151371
30116085835 1 30117724272
30116085836 2 30116151371
30116085836 5 30116151372
30116085836 1 30117593207
30116085836 1 30117724279
30116085838 2 30116151372
30116151371 2 30117855344
30116151371 1 30117855347
30116151372 1 30117724279
30116151372 4 30117855347
30116151372 3 30117855351
30116151374 1 30117855347
30116151374 1 30117855351
30117462125 1 30134370418
30117462128 1 30134370418
30117462131 1 30134370419
30117462138 1 30117593207
30117593203 2 30117724275
30117593207 1 30117724275
30117593207 2 30117724279
30117593207 1 34412691578
30117593210 1 30117724279
30117724272 1 30117855341
30117724275 1 30117855343
30117724275 1 30117855344
30117724275 1 30117855346
30117724279 1 30117855346
30117724279 1 30117855347
30117724279 3 30117855351
30117724279 1 30117855354
30117724279 1 30117986423
30117724282 1 30117855354
30117724282 1 30117986423
30117855341 1 30117986413
30117855343 1 30117986415
30117855344 1 30117986413
30117855344 1 30117986415
30117855344 2 30117986416
30117855346 2 30117986418
30117855347 4 30117986419
30117855347 1 30117986421
30117855351 3 30117986419
30117855351 2 30117986421
30117855351 8 30117986423
30117855354 4 30117986423
30117855354 1 34412953722
30117986410 1 25823150186
30117986413 1 30118117484
30117986415 1 30118117486
30117986415 1 30118117487
30117986416 1 30118117485
30117986416 1 30118117488
30117986418 1 30118117489
30117986418 1 30118117492
30117986419 1 30118117488
30117986419 2 30118117491
30117986419 1 30118117493
30117986421 2 30118117490
30117986423 1 30118117491
30117986423 5 30118117493
30117986423 5 30118117495
30117986423 2 30118117496
30117986426 1 30118117495
30117986426 1 30118117496
30117986426 1 30118117498
30118117485 1 30118117487
30118117488 1 30118117491
30118117489 1 30118117492
30118117490 1 30118117493
30118117491 1 30118117493
30118117493 1 30118117495
30118117493 2 30118117496
30118117495 1 30118117496
30131945813 1 25853821428
30132011614 1 30148854589
30132011615 1 30148854669
30132011615 1 30148854671
30132011616 1 30132077533
30132011616 1 30148854670
30132011616 1 30148854671
30132011617 1 30148854594
30132011665 1 25837110231
30132011669 1 30148854671
30132011717 1 25837110309
30132011718 1 30132077607
30132077533 1 30149837386
30132077535 1 30149837388
30132077607 1 25854870088
30132077613 1 30149837428
30132666443 1 30133060372
30133060212 1 34444870568
30133060250 1 25838158810
30133060250 1 30149903267
30133060252 1 34444870568
30133060289 1 25838158866
30133060290 1 25838158866
30133060330 1 25854936026
30133060331 1 25854936026
30133060370 1 25839272035
30133060372 1 30134239349
30133060411 1 30134239344
30133060412 1 30134239344
30133126222 1 30149969327
30133126223 1 30149969327
30134239349 1 30134370422
30134370418 1 30134501493
30134370419 1 30134501490
30134370422 1 30134501497
30134501490 1 30134632561
30134501493 1 34429796425
30134501497 1 34429665351
30134632561 1 30134960192
30134960192 1 30134960193
30148854589 1 8742633507
30148854594 1 30166614523
30148854669 1 25854870009
30148854670 1 30149837306
30148854671 1 30149837347
30148854671 1 30149837348
30148854672 1 30149837347
30149837306 1 30166680260
30149837347 1 30166680260
30149837348 1 30149903103
30149837348 1 34444870400
30149837349 1 30149903103
30149837386 1 30149903156
30149837387 1 30149903156
30149837388 2 30149903158
30149837428 1 30149903214
30149837428 1 30149903270
30149903103 2 30166746154
30149903156 1 25855001794
30149903158 1 30149969013
30149903158 1 30149969093
30149903159 1 30149969017
30149903160 1 30149969017
30149903214 1 30149969171
30149903267 1 25855001949
30149903268 1 25855001949
30149903270 1 30149969247
30149903323 1 25855001791
30149903324 1 25855001791
30149969013 1 25871844814
30149969014 1 25871844814
30149969017 1 30166812219
30149969093 1 30150035104
30149969171 1 25855067807
30149969247 1 21560100808
30149969327 1 30150035308
30149969328 1 30150035308
30150035104 1 25855133640
30150035308 1 25855133760
30166614523 1 30166680148
30166614524 1 30166680149
30166680148 1 25888555757
30166680149 1 25888555678
30166680260 1 25871778698
30166680260 1 25871778776
30166746154 1 25871844716
30166746154 1 30166811913
30166811913 1 25871910376
30166812022 1 34461779319
30166812219 1 25871910736
30166812220 1 25871910736
30166943320 1 30166943321
30183522823 1 30183522824
34377302090 2 34377302095
34377302093 1 34377302098
34377302093 2 34377367626
34377302095 2 34377302101
34377302095 2 34377367626
34377302095 1 34377367631
34377302098 2 34377302103
34377302098 2 34377367631
34377302098 2 34377367634
34377302101 5 34377367634
34377302103 2 34377367634
34377367626 4 34377367631
34377367629 2 34377433162
34377367629 4 34377433165
34377367631 2 34377433162
34377367631 4 34377433165
34377367631 2 34377433167
34377367634 3 34377367639
34377367634 2 34377433167
34377367634 4 34377433170
34377367637 7 34377433170
34377367639 3 34377433170
34377433162 3 34377498698
34377433165 3 34377498698
34377433165 5 34377498701
34377433165 1 34377498703
34377433167 5 34377498701
34377433167 5 34377498703
34377433167 1 34377498706
34377433170 4 34377498703
34377433170 7 34377498706
34377433170 3 34377498709
34377433173 6 34377498706
34377433173 3 34377498709
34377498698 3 34377564237
34377498701 8 34377564237
34377498703 3 34377564237
34377498703 6 34377564239
34377498706 4 34377564239
34377498706 8 34377564242
34377498706 1 34377564245
34377498709 8 34377564242
34377498709 3 34377564245
34377564237 8 34377629773
34377564237 1 34377629775
34377564239 3 34377629773
34377564239 6 34377629775
34377564239 2 34377629778
34377564239 1 34394406991
34377564242 2 34377629775
34377564242 9 34377629778
34377564242 2 34377629781
34377564245 5 34377629778
34377564245 5 34377629781
34377564247 1 34377629781
34377629773 1 34377629775
34377629775 2 34377629778
34377629778 5 34377629781
34393292972 1 34394013775
34393292972 1 34410135991
34393292972 3 34410790989
34393292972 2 34410790991
34393292972 2 34410790994
34393292973 1 34394013778
34393292973 2 34410790997
34393292988 4 30099046474
34393292988 2 30115168630
34393292988 2 30115823690
34393292988 1 30115823693
34393292988 1 30131945813
34393292988 4 34393293005
34393292988 2 34394013770
34393292988 40 34394013773
34393292988 55 34394013775
34393292988 3 34394013778
34393292988 1 34410135929
34393292988 1 34410135962
34393292988 3 34410135991
34393292988 2 34410135992
34393292988 20 34410790989
34393292988 17 34410790991
34393292988 5 34410790994
34393292988 1 34426913145
34393292988 1 38705103227
34393292989 1 17247043884
34393292989 18 34394013775
34393292989 34 34394013778
34393292989 20 34394013781
34393292989 1 34410135927
34393292989 2 34410135929
34393292989 1 34410135960
34393292989 1 34410135993
34393292989 7 34410790991
34393292989 24 34410790994
34393292989 10 34410790997
34393292989 1 38688260302
34393292989 2 38705103227
34393292989 1 38705758293
34393292989 1 38721880443
34393292989 1 43051516421
34393293004 2 30099046474
34393293004 1 30115168661
34393293004 1 30115168663
34393293004 1 30115168693
34393293004 1 30115823689
34393293004 1 30115823690
34393293004 1 34393293005
34393293004 1 34394013770
34393293004 23 34394013773
34393293004 19 34394013775
34393293004 2 34410135960
34393293004 1 34410135962
34393293004 1 34410790991
34393293005 1 8640332167
34393293005 1 30115168662
34393293005 1 30115823692
34393293005 17 34394013775
34393293005 18 34394013778
34393293005 7 34394013781
34393293005 1 34410135959
34393293005 7 34410135960
34393293005 1 34410135962
34393293005 3 34410790994
34393293005 2 38688981077
34393293005 1 38705103258
34393293005 2 38705103259
34393293005 1 38705103260
34393293005 1 38705103291
34393293005 1 38705758295
34393293020 1 30099046474
34393293020 1 30115168662
34393293020 1 30115168693
34393293020 1 30115168694
34393293020 1 30115823690
34393293020 1 30133060250
34393293020 4 34394013773
34393293020 2 34394013775
34393293020 1 34410135991
34393293020 1 34410135993
34393293021 1 21525889075
34393293021 1 30115168694
34393293021 1 30133060250
34393293021 3 34394013778
34393293021 1 34410135992
34393293021 3 34410135993
34393293021 1 38705103260
34393293021 1 38705103292
34394013770 1 17247764521
34394013770 2 30099112010
34394013770 1 30099112013
34394013770 63 34394013775
34394013770 2 34394079306
34394013770 7 34394079309
34394013773 1 4346085387
34394013773 1 25804144698
34394013773 4 30099112010
34394013773 2 30099112013
34394013773 1 30115889229
34394013773 2 34377302090
34394013773 128 34394013778
34394013773 40 34394079306
34394013773 234 34394079309
34394013773 27 34394079311
34394013773 1 34394144845
34394013773 1 34410856525
34394013773 1 34410856527
34394013773 1 38689046618
34394013775 1 4346085387
34394013775 1 25804144698
34394013775 2 30099112010
34394013775 1 30115889229
34394013775 2 34377302090
34394013775 1 34377302093
34394013775 113 34394013781
34394013775 38 34394079306
34394013775 296 34394079309
34394013775 257 34394079311
34394013775 32 34394079314
34394013775 1 34394079317
34394013775 1 34394144845
34394013775 1 34394144847
34394013775 1 34410856525
34394013775 4 34410856527
34394013775 1 34410856532
34394013775 1 38689046618
34394013778 1 34377302093
34394013778 2 34377302095
34394013778 1 34377302098
34394013778 84 34394013783
34394013778 90 34394079309
34394013778 277 34394079311
34394013778 273 34394079314
34394013778 22 34394079317
34394013778 1 34394144853
34394013778 1 34410856527
34394013778 3 34410856530
34394013778 1 38672269402
34394013778 1 38689046613
34394013778 1 38689046618
34394013778 1 38705823833
34394013778 1 38722601051
34394013781 2 34377302095
34394013781 3 34377302098
34394013781 72 34394079311
34394013781 275 34394079314
34394013781 112 34394079317
34394013781 2 34394144853
34394013781 2 34410856530
34394013781 1 34410856533
34394013781 1 38672269402
34394013781 5 38689046613
34394013781 1 38689046618
34394013783 1 30133060289
34394013783 2 34377302098
34394013783 60 34394079314
34394013783 64 34394079317
34394013783 1 34394144853
34394013783 5 38689046613
34394079306 2 30099177546
34394079306 29 34394079311
34394079306 4 34394144842
34394079306 5 34394144845
34394079309 5 30099177546
34394079309 3 30099177549
34394079309 1 30115954765
34394079309 1 34377302098
34394079309 2 34377367626
34394079309 2 34377367629
34394079309 60 34394079314
34394079309 14 34394144842
34394079309 234 34394144845
34394079309 34 34394144847
34394079309 1 34394210381
34394079309 1 34394210383
34394079309 4 34410922061
34394079309 1 38705889368
34394079311 3 30099177546
34394079311 1 30115954761
34394079311 2 34377367626
34394079311 2 34377367629
34394079311 1 34377367631
34394079311 40 34394079317
34394079311 10 34394144842
34394079311 226 34394144845
34394079311 322 34394144847
34394079311 22 34394144850
34394079311 2 34394210383
34394079311 1 34410922061
34394079311 6 34410922063
34394079311 1 34410987604
34394079311 1 38705889368
34394079314 1 34377367634
34394079314 1 34394079317
34394079314 35 34394079319
34394079314 31 34394144845
34394079314 242 34394144847
34394079314 303 34394144850
34394079314 26 34394144853
34394079314 1 34394210383
34394079314 2 34394210386
34394079314 1 34394210389
34394079314 5 34410922066
34394079314 1 34410922072
34394079314 1 34410987604
34394079317 2 34377367634
34394079317 20 34394144847
34394079317 234 34394144850
34394079317 137 34394144853
34394079317 2 34394210386
34394079317 1 34394210389
34394079317 1 34410922069
34394079317 1 34410922072
34394079317 7 38689112149
34394079317 1 38689112151
34394079319 2 34377367634
34394079319 22 34394144850
34394079319 47 34394144853
34394079319 5 38689112149
34394079319 1 38689112151
34394144842 2 30099243082
34394144842 1 34377433162
34394144842 5 34394144847
34394144842 6 34394210381
34394144845 3 30099243082
34394144845 1 30116020296
34394144845 1 30116020300
34394144845 1 34377433162
34394144845 2 34377433165
34394144845 10 34394144850
34394144845 1 34394210378
34394144845 1 34394210380
34394144845 211 34394210381
34394144845 8 34394210382
34394144845 38 34394210383
34394144845 3 34394210384
34394144845 1 34394275917
34394144845 3 34394275918
34394144845 2 34394275920
34394144845 1 34410987606
34394144847 1 30116020296
34394144847 2 34377433165
34394144847 2 34377433167
34394144847 11 34394144853
34394144847 1 34394210378
34394144847 159 34394210381
34394144847 1 34394210382
34394144847 308 34394210383
34394144847 14 34394210384
34394144847 16 34394210385
34394144847 22 34394210386
34394144847 1 34394275917
34394144847 1 34394275918
34394144847 1 34394275919
34394144847 5 34394275920
34394144847 5 34394275921
34394144847 2 34394275923
34394144847 4 34410987600
34394144847 1 34410987603
34394144847 1 34410987606
34394144850 3 34377433167
34394144850 1 34377433170
34394144850 1 34394144853
34394144850 7 34394144855
34394144850 4 34394210381
34394144850 174 34394210383
34394144850 3 34394210385
34394144850 277 34394210386
34394144850 12 34394210387
34394144850 5 34394210388
34394144850 35 34394210389
34394144850 3 34394275921
34394144850 1 34394275922
34394144850 10 34394275923
34394144850 3 34394275924
34394144850 3 34410987603
34394144850 1 34410987604
34394144853 1 34377433167
34394144853 2 34377433170
34394144853 2 34394210383
34394144853 165 34394210386
34394144853 12 34394210388
34394144853 150 34394210389
34394144853 6 34394210390
34394144853 1 34394210391
34394144853 1 34394275922
34394144853 3 34394275924
34394144853 3 34394275926
34394144853 1 34410987604
34394144853 8 38689177685
34394144853 1 38689177686
34394144853 1 38689243222
34394144853 1 38705954907
34394144855 1 34377433170
34394144855 2 34394210386
34394144855 24 34394210389
34394144855 1 34394210391
34394144855 4 38689177685
34394144855 1 38689177687
34394210378 1 30099308618
34394210380 1 34394275916
34394210381 1 30099308618
34394210381 1 30099308621
34394210381 2 30099374156
34394210381 4 34394275916
34394210381 156 34394275917
34394210381 26 34394275918
34394210381 20 34394275919
34394210381 5 34394275920
34394210381 3 34394341454
34394210381 2 34394341456
34394210382 2 34394275916
34394210382 6 34394275918
34394210382 1 34411053134
34394210383 1 4346282000
34394210383 1 12953191135
34394210383 1 30133060330
34394210383 1 34377498703
34394210383 2 34394210386
34394210383 93 34394275917
34394210383 5 34394275918
34394210383 230 34394275919
34394210383 41 34394275920
34394210383 25 34394275921
34394210383 26 34394275922
34394210383 1 34394275923
34394210383 1 34394341454
34394210383 2 34394341455
34394210383 6 34394341456
34394210383 2 34394341457
34394210383 1 43019272342
34394210384 5 34394275918
34394210384 11 34394275920
34394210384 1 34394275921
34394210384 1 34411053134
34394210384 1 34411118672
34394210385 11 34394275920
34394210385 10 34394275921
34394210385 1 34394275923
34394210385 3 34411053137
34394210386 1 4346282000
34394210386 1 30133126222
34394210386 1 34377498703
34394210386 2 34377498706
34394210386 104 34394275919
34394210386 10 34394275921
34394210386 211 34394275922
34394210386 32 34394275923
34394210386 18 34394275924
34394210386 26 34394275925
34394210386 1 34394275926
34394210386 2 34394341458
34394210386 6 34394341459
34394210386 2 34394341460
34394210386 1 34394406996
34394210387 1 30133126222
34394210387 1 34394210388
34394210387 5 34394275921
34394210387 11 34394275923
34394210387 3 34411053137
34394210387 1 34411053139
34394210388 9 34394275923
34394210388 9 34394275924
34394210388 1 34394275926
34394210388 1 34411053139
34394210388 1 34411053140
34394210388 1 34411053142
34394210389 1 30149903323
34394210389 2 34377498706
34394210389 102 34394275922
34394210389 24 34394275924
34394210389 120 34394275925
34394210389 16 34394275926
34394210389 1 34394341459
34394210389 1 34394341460
34394210389 6 34394341462
34394210389 7 38689243221
34394210389 2 38689308758
34394210389 3 38689308760
34394210390 7 34394275924
34394210390 6 34394275926
34394210390 1 34394341462
34394210390 2 34411053140
34394210390 1 34411053142
34394210391 10 34394275925
34394210391 5 38689243221
34394210392 3 34394275926
34394275916 5 30099374156
34394275916 1 34394341452
34394275917 4 30099374156
34394275917 4 30099374157
34394275917 1 34377564237
34394275917 1 34394275919
34394275917 3 34394341452
34394275917 89 34394341453
34394275917 30 34394341454
34394275917 9 34394341455
34394275917 7 34394341456
34394275917 2 34394406988
34394275917 7 34394406990
34394275918 8 30099374156
34394275918 1 34394341452
34394275918 30 34394341454
34394275918 3 34394341456
34394275918 1 34411118672
34394275919 1 34377564237
34394275919 2 34377564239
34394275919 48 34394341453
34394275919 6 34394341454
34394275919 140 34394341455
34394275919 36 34394341456
34394275919 39 34394341457
34394275919 14 34394341458
34394275919 2 34394341459
34394275919 1 34394406990
34394275919 1 34394406991
34394275919 5 34394406992
34394275919 5 34394406993
34394275919 1 34394406995
34394275920 20 34394341454
34394275920 59 34394341456
34394275920 6 34394341457
34394275920 2 34411118672
34394275921 30 34394341456
34394275921 47 34394341457
34394275921 4 34394341459
34394275921 1 34411118672
34394275921 1 34411118673
34394275921 1 38689308762
34394275922 1 34377564239
34394275922 43 34394341455
34394275922 19 34394341457
34394275922 140 34394341458
34394275922 41 34394341459
34394275922 14 34394341460
34394275922 12 34394341461
34394275922 5 34394406993
34394275922 6 34394406995
34394275922 3 34394406996
34394275923 23 34394341457
34394275923 47 34394341459
34394275923 7 34394341460
34394275923 1 34411118675
34394275924 1 34394275926
34394275924 22 34394341459
34394275924 46 34394341460
34394275924 7 34394341462
34394275925 1 34377564245
34394275925 55 34394341458
34394275925 1 34394341459
34394275925 31 34394341460
34394275925 76 34394341461
34394275925 24 34394341462
34394275925 3 34394406996
34394275925 1 34394406998
34394275925 3 38689308757
34394275925 1 38689308758
34394275926 1 34394341457
34394275926 22 34394341460
34394275926 30 34394341462
34394275926 1 38689308758
34394275926 1 38689308760
34394275927 1 34377564245
34394275927 2 34394341461
34394275927 2 38689308757
34394275928 10 34394341462
34394275928 1 38689308758
34394275928 1 38689308760
34394341452 4 30099439692
34394341453 2 30099439692
34394341453 2 30099439693
34394341453 2 34394341455
34394341453 5 34394406988
34394341453 41 34394406989
34394341453 27 34394406990
34394341453 2 34394406991
34394341453 2 34394406992
34394341454 6 30099439692
34394341454 1 34394406988
34394341454 50 34394406990
34394341454 11 34394406992
34394341455 1 17248158513
34394341455 1 34394341458
34394341455 20 34394406989
34394341455 7 34394406990
34394341455 74 34394406991
34394341455 37 34394406992
34394341455 20 34394406993
34394341455 6 34394406994
34394341456 32 34394406990
34394341456 97 34394406992
34394341456 12 34394406993
34394341456 2 34411184208
34394341457 1 30099439692
34394341457 42 34394406992
34394341457 88 34394406993
34394341457 17 34394406995
34394341457 1 34412822653
34394341458 2 34394341461
34394341458 19 34394406991
34394341458 8 34394406993
34394341458 77 34394406994
34394341458 36 34394406995
34394341458 13 34394406996
34394341458 7 34394406997
34394341458 1 34394406998
34394341459 37 34394406993
34394341459 95 34394406995
34394341459 13 34394406996
34394341459 1 34411184211
34394341460 33 34394406995
34394341460 71 34394406996
34394341460 23 34394406998
34394341460 1 34396176515
34394341460 1 34396307584
34394341460 1 34411184212
34394341460 1 38689374299
34394341461 1 34377629781
34394341461 20 34394406994
34394341461 22 34394406996
34394341461 39 34394406997
34394341461 17 34394406998
34394341461 3 38689374294
34394341462 1 25838093032
34394341462 27 34394406996
34394341462 67 34394406998
34394341462 2 34394407000
34394341462 1 34396307584
34394341462 4 38689374294
34394341462 9 38689374296
34394341462 1 38707527817
34394341464 10 34394406998
34394341464 1 34394407000
34394341464 4 38689374294
34394341464 7 38689374296
34394406988 8 34394406990
34394406989 9 34394406991
34394406990 8 30101209207
34394406990 1 30101209210
34394406990 2 30101340279
34394406990 2 30101340282
34394406990 28 34394406992
34394406990 2 34396045434
34394406990 17 34396176506
34394406990 1 34396176509
34394406990 14 34396307578
34394406990 2 34396307581
34394406990 1 43019141274
34394406991 10 34394406994
34394406992 1 30101209210
34394406992 1 30101340279
34394406992 1 30101340282
34394406992 35 34394406993
34394406992 3 34396045437
34394406992 19 34396176506
34394406992 28 34396176509
34394406992 2 34396176512
34394406992 14 34396307578
34394406992 29 34396307581
34394406992 7 34396307584
34394406992 1 34412822650
34394406992 3 34412822653
34394406992 1 43019141274
34394406993 23 34394406995
34394406993 1 34396045437
34394406993 2 34396045440
34394406993 2 34396176506
34394406993 22 34396176509
34394406993 19 34396176512
34394406993 1 34396176515
34394406993 32 34396307581
34394406993 26 34396307584
34394406993 1 34396307587
34394406993 3 34412822656
34394406994 13 34394406997
34394406995 30 34394406996
34394406995 1 34396045437
34394406995 2 34396045440
34394406995 2 34396045443
34394406995 5 34396176509
34394406995 35 34396176512
34394406995 12 34396176515
34394406995 7 34396307581
34394406995 36 34396307584
34394406995 14 34396307587
34394406995 2 34396307590
34394406996 20 34394406998
34394406996 3 34396045443
34394406996 6 34396176512
34394406996 30 34396176515
34394406996 4 34396176518
34394406996 12 34396307584
34394406996 19 34396307587
34394406996 9 34396307590
34394406996 1 34412822659
34394406996 1 38691274886
34394406996 1 38691274889
34394406998 6 34394407000
34394406998 2 34396045443
34394406998 2 34396045446
34394406998 6 34396176515
34394406998 9 34396176518
34394406998 5 34396307587
34394406998 23 34396307590
34394406998 1 34412822662
34394406998 1 38691143814
34394406998 10 38691143817
34394406998 1 38691274886
34394406998 10 38691274889
34394407000 2 34396307590
34394407000 1 38691143814
34394407000 9 38691143817
34394407000 3 38691274889
34396045434 2 34396176506
34396045437 1 34396176506
34396045437 1 34396176509
34396045437 1 34412953722
34396045437 3 34412953725
34396045440 2 34396176512
34396045440 1 34396176515
34396045440 1 34412953725
34396045443 1 34396176512
34396045443 5 34396176515
34396045443 1 34396176518
34396045443 1 34412953731
34396045446 2 34396176518
34396045446 1 34412953731
34396176506 1 30118117498
34396176506 26 34396307578
34396176506 1 34396307581
34396176509 7 34396307578
34396176509 44 34396307581
34396176509 1 34396307584
34396176509 1 34413084794
34396176509 1 34413084797
34396176512 5 34396307581
34396176512 55 34396307584
34396176512 1 34396307587
34396176512 1 34413084800
34396176515 9 34396307584
34396176515 44 34396307587
34396176515 2 34396307590
34396176515 1 34413084800
34396176515 1 34413084803
34396176518 1 34396307587
34396176518 15 34396307590
34396176518 1 38691274889
34396176521 1 38691274889
34396307578 9 34396307581
34396307581 14 34396307584
34396307584 14 34396307587
34396307587 4 34396307590
34410070205 1 34410790991
34410070205 2 34410790994
34410135927 1 30132011616
34410135929 1 34426978917
34410135929 1 34426978969
34410135959 1 30132011669
34410135960 1 4362797072
34410135960 1 30132011617
34410135960 1 34426978965
34410135960 2 34426978966
34410135960 4 34426978967
34410135961 1 34426978967
34410135962 1 38721946266
34410135962 1 38721946319
34410135991 3 34410790989
34410135991 1 34410790990
34410135991 1 34426978965
34410135992 2 34410790989
34410135992 1 34410790991
34410135992 1 34426979019
34410135993 1 34410790997
34410135993 1 34426978967
34410135993 1 34426978969
34410135993 1 34426979019
34410135993 1 34426979021
34410790989 1 30115889229
34410790989 15 34410856525
34410790989 6 34410856526
34410790989 4 34410856527
34410790989 1 34410987598
34410790990 1 34410856526
34410790991 6 34410856525
34410790991 18 34410856527
34410790991 3 34410856528
34410790991 2 34410856530
34410790991 2 34410922063
34410790991 1 34410987598
34410790994 2 34410856527
34410790994 23 34410856530
34410790994 1 34410856531
34410790994 3 34410856532
34410790994 2 34410856533
34410790994 1 34410922063
34410790997 5 34410856530
34410790997 1 34410856532
34410790997 12 34410856533
34410790997 1 34410856534
34410790997 1 34410922070
34410790997 1 38689046613
34410790997 1 38705823829
34410856525 1 34410922060
34410856525 8 34410922061
34410856525 4 34410922062
34410856525 1 34410922063
34410856525 2 34410987598
34410856526 5 34410922062
34410856526 2 34410922064
34410856527 2 34410922061
34410856527 1 34410922062
34410856527 11 34410922063
34410856527 6 34410922064
34410856527 5 34410922065
34410856527 1 34410922066
34410856527 1 34410987601
34410856528 3 34410922062
34410856528 3 34410922064
34410856529 2 34410922064
34410856530 1 34410922063
34410856530 2 34410922065
34410856530 12 34410922066
34410856530 9 34410922067
34410856530 4 34410922068
34410856530 1 34410987601
34410856531 1 34410922067
34410856532 2 34410922067
34410856532 1 34410922068
34410856532 1 34410922070
34410856532 1 34428027671
34410856533 2 34410922066
34410856533 5 34410922068
34410856533 2 34410922069
34410856533 6 34410922070
34410856533 1 34410987606
34410856533 1 38705889368
34410856534 1 34410922068
34410856534 1 34410922070
34410922060 1 30116020300
34410922061 1 30116020300
34410922061 2 34410987596
34410922061 8 34410987598
34410922061 1 34410987600
34410922062 4 30116020300
34410922062 1 30117462138
34410922062 5 34410987598
34410922062 1 34412560509
34410922063 1 34410987598
34410922063 12 34410987600
34410922063 6 34410987601
34410922063 1 34410987603
34410922064 1 30117462138
34410922064 3 34410987598
34410922064 6 34410987600
34410922064 1 34411053136
34410922064 1 34412429437
34410922065 4 34410987600
34410922065 4 34410987601
34410922065 2 34410987603
34410922066 2 34410987601
34410922066 10 34410987603
34410922066 5 34410987604
34410922067 3 34410987601
34410922067 12 34410987603
34410922067 1 34410987604
34410922068 8 34410987603
34410922068 7 34410987604
34410922068 1 34410987606
34410922068 1 34412429440
34410922069 1 34410987604
34410922069 1 34410987606
34410922069 1 38705954902
34410922070 3 34410987604
34410922070 8 34410987606
34410922070 1 38705954904
34410922072 5 34410987606
34410922072 1 38705954904
34410922072 1 38705954905
34410987596 1 30116085836
34410987596 1 34411053132
34410987598 2 30116085836
34410987598 2 34411053132
34410987598 12 34411053134
34410987598 2 34411053136
34410987600 9 34411053134
34410987600 18 34411053136
34410987600 3 34411053137
34410987600 1 34412560509
34410987601 1 12953191135
34410987601 11 34411053136
34410987601 12 34411053137
34410987601 3 34411053139
34410987601 1 34411118673
34410987603 4 34411053137
34410987603 26 34411053139
34410987603 3 34411053140
34410987604 8 34411053139
34410987604 14 34411053140
34410987604 1 34411053142
34410987604 2 34412560515
34410987604 1 34412560518
34410987606 4 34411053140
34410987606 8 34411053142
34410987606 2 38706020440
34410987606 1 38707527817
34410987606 1 38724173961
34410987608 2 38706020440
34410987608 1 38724173961
34411053132 2 30116151372
34411053134 3 30116151372
34411053134 1 30117593210
34411053134 2 30117724279
34411053134 12 34411118670
34411053136 4 34411118670
34411053136 9 34411118672
34411053136 5 34411118673
34411053136 1 34411184208
34411053136 2 34412691578
34411053136 1 34412691581
34411053136 1 34412822650
34411053137 6 34411118672
34411053137 13 34411118673
34411053137 2 34411118675
34411053137 1 34411184208
34411053137 3 34412691584
34411053137 1 34412691587
34411053139 5 34411118673
34411053139 12 34411118675
34411053139 3 34411118676
34411053139 1 34412560512
34411053139 2 34412691581
34411053139 4 34412691584
34411053139 4 34412691587
34411053139 1 34412691590
34411053139 1 34412822656
34411053139 1 38689308762
34411053140 5 34411118675
34411053140 10 34411118676
34411053140 1 34411118678
34411053140 2 34412691584
34411053140 4 34412691587
34411053140 3 34412691590
34411053142 1 34411118676
34411053142 6 34411118678
34411053142 3 34412691587
34411053142 2 34412691590
34411118670 1 30117724279
34411118670 4 30117855351
34411118670 1 30117855354
34411118670 1 34411184208
34411118670 2 34412691578
34411118670 3 34412822650
34411118672 1 30117855351
34411118672 4 34411184208
34411118672 1 34412691578
34411118672 4 34412822650
34411118672 4 34412822653
34411118672 1 34412822656
34411118673 3 34411184209
34411118673 2 34412691584
34411118673 1 34412822650
34411118673 8 34412822653
34411118673 4 34412822656
34411118673 1 34412822659
34411118675 1 34411184211
34411118675 2 34412822653
34411118675 8 34412822656
34411118675 4 34412822659
34411118675 1 34412822662
34411118676 1 34411184212
34411118676 1 34412691587
34411118676 1 34412822656
34411118676 6 34412822659
34411118676 2 34412822662
34411118676 1 38707789961
34411118678 1 34411184214
34411118678 1 34412822659
34411118678 2 34412822662
34411118678 2 38707789961
34411118680 1 38707789961
34411184208 1 34412822650
34411184208 5 34412822653
34411184208 1 34412953725
34411184209 3 34412822656
34411184211 2 34412822656
34411184212 2 34412822659
34412429437 1 34412560512
34412429440 1 34412429443
34412429440 1 34412560512
34412560509 1 34412691581
34412560509 1 34412691584
34412560512 1 34412691584
34412560512 1 34412691585
34412560515 1 34412691584
34412560515 1 34412691587
34412560518 1 34412691590
34412691578 2 30117855354
34412691578 3 34412822650
34412691578 1 34412822651
34412691581 1 34412822650
34412691581 1 34412822651
34412691581 3 34412822653
34412691584 1 34412822653
34412691584 1 34412822654
34412691584 7 34412822656
34412691584 1 34412822657
34412691584 1 34412822659
34412691585 1 34412822660
34412691587 2 34412822656
34412691587 8 34412822659
34412691587 1 34412822660
34412691587 2 34412822662
34412691590 1 34412822659
34412691590 5 34412822662
34412691590 1 34412822664
34412691590 1 38707789958
34412822650 2 30117986426
34412822650 11 34412953722
34412822651 2 34412953723
34412822653 4 34412953722
34412822653 20 34412953725
34412822653 2 34412953728
34412822654 1 34412953729
34412822656 2 34396176512
34412822656 2 34412953725
34412822656 1 34412953726
34412822656 21 34412953728
34412822656 3 34412953729
34412822656 4 34412953731
34412822657 1 34412953726
34412822659 1 34412953728
34412822659 1 34412953729
34412822659 20 34412953731
34412822659 3 34412953734
34412822660 1 34412953733
34412822660 1 34412953735
34412822662 2 34412953731
34412822662 10 34412953734
34412822662 2 38707921033
34412822664 1 34412953735
34412953722 5 34413084792
34412953722 10 34413084794
34412953723 2 34413084796
34412953725 1 34413084794
34412953725 2 34413084795
34412953725 19 34413084797
34412953725 2 34413084798
34412953725 1 34413084800
34412953726 1 34413084798
34412953726 1 34413084799
34412953728 1 34396307584
34412953728 3 34413084797
34412953728 4 34413084798
34412953728 14 34413084800
34412953729 1 34413084798
34412953729 1 34413084799
34412953729 3 34413084801
34412953729 1 34413084802
34412953731 2 34396307587
34412953731 4 34413084801
34412953731 11 34413084803
34412953731 6 34413084804
34412953733 1 34413084805
34412953734 3 34413084804
34412953734 4 34413084806
34412953734 3 34413084808
34412953734 1 38708052102
34412953735 1 34412953736
34412953735 1 34413084807
34412953737 1 38708052102
34413084792 2 34413084794
34413084792 1 34413084795
34413084794 1 34413084797
34413084797 2 34413084800
34413084798 2 34413084801
34413084801 1 34413084803
34413084801 1 34413084804
34413084803 1 34413084806
34426913145 1 38721946163
34426913146 1 38721946163
34426978917 1 34427044759
34426978965 1 30132077535
34426978965 1 34427044755
34426978966 1 30132077535
34426978966 1 30132077613
34426978966 1 34427044754
34426978966 1 34427044755
34426978967 1 34427044756
34426978967 1 34427044832
34426978967 1 34427044833
34426978967 1 34427044910
34426978967 1 34443821970
34426978969 1 34427044838
34426978969 1 34443821896
34426979019 1 34427044913
34426979021 1 34427044915
34427044754 1 30149837348
34427044755 1 34444804606
34427044756 1 34444804645
34427044759 1 34444804687
34427044832 1 30149837348
34427044832 1 30149837388
34427044833 1 34444804685
34427044838 1 34444804728
34427044910 1 30149837428
34427044911 1 30149837428
34427044913 1 34444804687
34427044915 1 34444804687
34428027671 1 34429206657
34429206657 1 34429337724
34429337724 1 30134698051
34429468805 1 34429796423
34429468807 1 34429665357
34443821896 1 34461581782
34443821970 1 30166614524
34443821974 1 34461581782
34444804606 1 34461647508
34444804645 1 30149903103
34444804685 1 30149903159
34444804687 1 34444870458
34444804687 2 34444870459
34444804728 1 38739837813
34444870400 1 34461713457
34444870458 1 34444936316
34444870459 1 34444936319
34444870459 1 34444936322
34444870460 1 34444936322
34444870516 1 34444936398
34444870517 1 34444936398
34444870568 1 34444936474
34444936316 1 30166812222
34444936319 1 34461779525
34444936322 1 38756746727
34444936398 1 34444936475
34444936474 1 34445002516
34445002516 1 34445068496
34461581782 1 34478424664
34461647508 1 38773457663
34461713382 1 34461779223
34461713383 1 34461779223
34461713460 1 30166812022
34461713461 1 30166812022
34461779223 1 34461844865
34461779225 1 34461844989
34461779525 1 34461845342
34461844865 1 30166943320
34461844989 1 34461910776
34461845342 1 30166944233
34478424664 1 30183522823
34478424665 1 30183522823
34478556135 1 34478621479
34478621479 1 34478621480
38672269402 1 38672269408
38688260286 1 43000070558
38688260302 1 43000070558
38688981077 1 38689046613
38688981077 1 38689046615
38688981079 1 38689046613
38688981082 1 30133060289
38689046613 5 38689112149
38689046613 1 38689112154
38689046613 1 38705889365
38689046615 5 38689112149
38689046615 1 38689112151
38689046615 1 38689112154
38689046615 1 38705889365
38689046618 1 38689112151
38689046618 1 38705889375
38689046621 1 38705889375
38689112149 7 38689177685
38689112149 1 38689177686
38689112149 3 38689177687
38689112151 7 38689177685
38689112151 3 38689177687
38689112151 2 38689177690
38689112154 2 38689177690
38689112154 1 42967367776
38689112157 1 42967367776
38689177685 8 38689243221
38689177685 1 38689243223
38689177685 4 38689243224
38689177685 1 38689308760
38689177686 1 38689243222
38689177686 1 38689243224
38689177687 7 38689243221
38689177687 2 38689243223
38689177687 4 38689243224
38689177687 1 38689243226
38689177688 1 38689243222
38689177688 1 38689243224
38689177690 1 38689243226
38689177690 2 38689243227
38689243221 7 38689308757
38689243221 1 38689308758
38689243221 2 38689308759
38689243221 5 38689308760
38689243222 2 38689308760
38689243223 5 38689308757
38689243223 2 38689308759
38689243223 4 38689308760
38689243223 2 38689308761
38689243224 8 38689308760
38689243224 1 38689308761
38689243225 1 38689308760
38689243226 1 38689308762
38689243227 1 38689308763
38689243227 1 38689308764
38689243228 1 38689308764
38689308757 4 38689374293
38689308757 5 38689374294
38689308757 1 38689374295
38689308758 5 38689374296
38689308759 4 38689374293
38689308759 1 38689374295
38689308759 1 38689374296
38689308760 1 25838093032
38689308760 23 38689374296
38689308760 1 38689374297
38689308761 1 38689308763
38689308761 3 38689374297
38689308762 1 38689374301
38689308762 1 42984341608
38689308763 1 38689374299
38689308764 1 38707789964
38689308765 1 38689374301
38689374293 3 38689374295
38689374294 10 38689374296
38689374294 2 38691274889
38689374296 2 38689374297
38689374296 2 38691012745
38689374296 8 38691143817
38689374296 4 38691143820
38689374296 11 38691274889
38689374296 2 38691274892
38689374297 4 38691143820
38689374297 1 38691143823
38689374297 1 38691274892
38689374299 1 38691143817
38689374299 1 43002757273
38691012745 2 38691143817
38691143814 1 38691274886
38691143814 1 38691274889
38691143817 1 38691274886
38691143817 19 38691274889
38691143817 2 38691274892
38691143820 1 38691274889
38691143820 8 38691274892
38691143823 1 38691274895
38691274886 2 38691274889
38691274889 5 38691274892
38705103227 1 17247109765
38705103227 1 38721946216
38705103227 1 38721946217
38705103258 1 38721946267
38705103259 1 38721946267
38705103259 1 38721946268
38705103259 1 38721946320
38705103260 1 38721946218
38705103291 1 38722535518
38705103292 1 38721946322
38705758293 1 38705823831
38705758295 2 38705823831
38705823829 1 38705889368
38705823831 1 38705889368
38705823831 1 38705954907
38705823833 1 38722994970
38705889365 1 38705954904
38705889367 1 38705954904
38705889368 2 38705954904
38705889368 1 38705954905
38705889368 1 38722995011
38705889369 1 38705954905
38705889369 1 38722995011
38705889375 1 43002364057
38705889377 1 43002364057
38705954902 1 38706020440
38705954904 4 38706020440
38705954904 1 38706020441
38705954905 1 38706020441
38705954907 1 38706020443
38705954907 1 38724173964
38706020440 3 38706085976
38706020440 1 38706085977
38706020440 2 38707658889
38706020441 1 38706020443
38706020441 1 38706085977
38706020441 1 38707658892
38706020443 1 38707658899
38706020444 1 38707658899
38706085976 1 38706151513
38706085976 1 38707658889
38706085976 1 38707789961
38706085977 1 38706151513
38706085977 1 38707789967
38706151513 1 38707789964
38707527817 1 38707658892
38707527817 1 38724436109
38707527820 1 38707658892
38707658889 1 38707789961
38707658889 2 38707789964
38707658892 2 38707789967
38707658899 1 38707789971
38707789958 1 38707921033
38707789961 1 38707789964
38707789961 3 38707921033
38707789961 1 38707921035
38707789961 1 38707921036
38707789964 1 38691143820
38707789964 3 38707921036
38707789967 1 38707921039
38707789967 1 38707921041
38707789971 1 38707921046
38707789974 1 38707921046
38707921033 1 38708052104
38707921033 1 38708052105
38707921033 2 38708052107
38707921035 1 38708052107
38707921036 1 38708052107
38707921036 2 38708052108
38707921039 1 38708052113
38707921046 1 43003019414
38708052102 1 38708052105
38721880443 1 12952142415
38721946163 1 38738789120
38721946216 1 38738789275
38721946217 1 38738789277
38721946218 1 38738789279
38721946266 1 38722012214
38721946267 1 38722012136
38721946268 1 38722012138
38721946319 1 38722994851
38721946320 1 43017962188
38721946322 1 43016979516
38722012136 1 38739771985
38722012138 1 38739771946
38722012214 1 38739772026
38722535518 1 43017962229
38722535519 1 43017962229
38722601051 1 38722994890
38722994851 1 38739837930
38722994890 1 38723060768
38722994930 1 38723060768
38722994970 1 38723060881
38722994971 1 38723060881
38722995011 1 43019141276
38723060768 1 38739904014
38723060881 1 38724173975
38724173961 1 38724305032
38724173964 1 38724305032
38724173975 1 43019272344
38724305032 1 34429468805
38724305032 1 34429468807
38724305035 1 34429468805
38724305035 1 34429468807
38724436109 1 38724632661
38724436112 1 38724632661
38724436119 1 38724567189
38724567189 1 38724763733
38724763733 1 38724894804
38724894804 1 38724894805
38738789120 1 38756549083
38738789275 1 38739771945
38738789276 1 38739771945
38738789277 1 38739771946
38738789278 1 38739771946
38738789279 1 38739771907
38739771907 1 38756680525
38739771945 1 38756614918
38739771946 2 38739837703
38739771946 1 38756614918
38739771947 1 38739837703
38739771985 1 34444870516
38739772026 1 38739837816
38739837703 1 34461713460
38739837703 1 38756680758
38739837813 1 38739903776
38739837814 1 38739903776
38739837816 1 38739903781
38739837872 1 38739903781
38739837930 1 43034871235
38739903776 1 38739969921
38739903781 1 43034937226
38739904014 1 43035983959
38739904092 1 43035983959
38739969921 1 38740035917
38740035917 1 38740102242
38740036035 1 38740036036
38740036035 1 43019141274
38740036035 1 43019141275
38756549083 1 43068359267
38756614918 1 34461713382
38756680525 1 34478556135
38756680758 1 34461779225
38756746727 1 38756812533
38756812533 1 38756878398
42967367776 1 42967367781
42967367778 1 47262400616
42967367781 1 47262400616
42984341608 1 53084168
43000070558 1 43000070559
43002364057 1 43019272342
43002757273 1 43002888346
43002888346 1 43003019416
43016979516 1 43034739285
43017962188 1 43018028069
43017962229 1 43018028181
43018028069 1 69468162
43018028181 1 43019141283
43019141276 1 43019272358
43019141283 1 69599234
43019141286 1 69599234
43019272342 1 38724436119
43019272342 1 43019403424
43019272343 1 43019403424
43019272344 1 43019468889
43019403424 1 70057985
43034739285 1 43034805060
43034805060 1 43034870926
43034870926 1 43051714038
43034871235 1 43034937433
43034937226 1 43035003227
43034937433 1 47330951263
43035003227 1 86310915
43051516421 1 43051582107
43051516422 1 43051582107
43051582107 1 38756680527
43051714038 1 47346747142
43068359267 1 43068424892
47262400616 1 17825796
47262400618 1 17825796
47330951263 1 86441985
47346747142 1 102172754
