12987008332 1 12987008333
13003719610 1 12987008332
13003719611 1 12987008332
13086687263 1 13086687268
13086687263 1 34561720399
13086687263 1 34561720402
13086687265 1 34546516096
13086687268 1 34546516096
17298620993 1 13003719610
17315332456 1 17298620993
21610234074 1 17315332456
21610234075 1 17315332456
21642870838 1 21610234074
21642870838 1 34561392719
30249582666 2 30249582671
30249582666 1 34544615501
30249582666 1 34544615503
30249582666 1 34561392717
30249582666 1 34561392719
30249582669 2 30249582671
30266359879 1 30266359885
30266359879 1 30266425418
30266359879 1 30266425421
30266359882 3 30266359885
30266359882 2 30266425418
30266359882 2 30266425421
30266359885 1 30266425418
30266359885 1 30266425421
30266425415 1 30266425421
30266425415 1 30266490954
30266425415 1 30266490957
30266425418 3 30266425421
30266425418 2 30266425423
30266425418 4 30266490954
30266425418 8 30266490957
30266425418 4 30266490959
30266425418 1 34561458253
30266425418 1 34561458255
30266425421 3 30266425423
30266425421 1 30266490957
30266425421 1 30266490959
30266490951 2 30266490957
30266490951 1 30266556490
30266490951 1 30266556493
30266490951 1 34561523789
30266490951 1 34561523791
30266490954 4 30266490957
30266490954 6 30266490959
30266490954 9 30266556490
30266490954 9 30266556493
30266490954 2 30266556495
30266490954 1 34561458255
30266490954 2 34561523786
30266490954 4 34561523789
30266490954 1 34561523791
30266490957 1 30266490959
30266556490 2 30266556495
30266556490 8 30266622026
30266556490 10 30266622029
30266556490 3 30266622031
30266556490 1 34561589322
30266556490 2 34561589325
30266556493 1 30266556495
30266622026 3 30266622031
30266622026 3 30266687562
30266622026 5 30266687565
30266622026 4 34561654858
30266622026 6 34561654861
30266622026 1 34561654863
30266687562 1 34561720394
30266687562 3 34561720397
30266687565 1 34561720394
30266687565 2 34561720397
34478424612 1 38756680681
34495136055 1 34478424612
34510929978 1 34495136055
34510929978 1 34527772749
34527772749 1 34561392717
34527772749 1 34561392719
34544549962 6 34544549967
34544549962 6 34544615501
34544549962 6 34544615503
34544549965 8 34544549967
34544549965 13 34544549970
34544549965 3 34544615501
34544549965 10 34544615503
34544549965 7 34544615506
34544549965 1 34561392717
34544549965 5 34561392719
34544549965 4 34561392722
34544549967 12 34544549970
34544549967 7 34544549973
34544549967 8 34544615506
34544549967 8 34544615509
34544549970 12 34544549973
34544549970 3 34544549975
34544549970 4 34544615506
34544549970 8 34544615509
34544549970 4 34544615511
34544549973 4 34544549975
34544549973 1 34544615509
34544549973 1 34544615511
34544615498 7 34544615503
34544615498 1 34544681034
34544615498 6 34544681037
34544615498 4 34544681039
34544615498 1 34561458250
34544615498 1 34561458253
34544615498 1 34561458255
34544615501 6 34544615506
34544615501 4 34544681037
34544615501 6 34544681039
34544615501 2 34544681042
34544615501 1 34561458253
34544615501 3 34561458255
34544615501 2 34561458258
34544615503 7 34544615509
34544615503 2 34544681039
34544615503 3 34544681042
34544615503 3 34544681045
34544615503 1 34561458255
34544615503 4 34561458258
34544615503 3 34561458261
34544615506 5 34544615511
34544615506 5 34544681042
34544615506 8 34544681045
34544615506 3 34544681047
34544615506 1 34561458258
34544615506 2 34561458261
34544615506 1 34561458263
34544681034 2 34544681039
34544681034 1 34544746570
34544681034 3 34544746573
34544681034 2 34544746575
34544681037 6 34544746573
34544681037 6 34544746575
34544681039 1 34544681045
34544681039 3 34544746575
34544681039 3 34544746578
34544681039 2 34561523791
34544681039 2 34561523794
34544681042 2 34544681047
34544681042 6 34544746578
34544681042 7 34544746581
34544681042 1 34561523794
34544681042 1 34561523797
34544681045 1 34544746581
34544681045 1 34544746583
34544746570 1 34561589322
34544746570 1 34561589325
34544746573 5 34544812109
34544746573 3 34544812111
34544746573 2 34561589325
34544746573 2 34561589327
34544746575 1 34544812111
34544746575 1 34544812114
34544746575 1 34561589327
34544746575 1 34561589330
34544746575 1 34561654866
34544746578 3 34544812114
34544746578 3 34544812117
34544746578 3 34561589330
34544746578 3 34561589333
34544746581 1 34544812117
34544746581 1 34544812119
34544746581 1 34561589333
34544812109 2 34544877645
34544812109 2 34561654861
34544812109 2 34561654863
34544812109 1 34561720397
34544812111 1 34544877645
34544812111 2 34544877647
34544812111 1 34544877650
34544812114 1 34544877653
34544812114 2 34561654866
34544812114 1 34561654869
34544812117 1 34561654869
34544877645 3 34561720397
34544877647 1 34561720399
34544877647 1 34561720402
34544877653 1 34561720405
34546385024 1 34546516096
34561327178 18 34561327183
34561327178 18 34561392717
34561327178 18 34561392719
34561327181 24 34561327183
34561327181 31 34561327186
34561327181 11 34561392717
34561327181 41 34561392719
34561327181 29 34561392722
34561327183 37 34561327186
34561327183 24 34561327189
34561327183 3 34561392719
34561327183 28 34561392722
34561327183 29 34561392725
34561327186 28 34561327189
34561327186 19 34561327191
34561327186 2 34561392719
34561327186 5 34561392722
34561327186 23 34561392725
34561327186 20 34561392727
34561327189 21 34561327191
34561327189 2 34561327194
34561327189 4 34561392725
34561327189 4 34561392727
34561327191 2 34561327194
34561392714 1 34561392717
34561392714 51 34561392719
34561392714 2 34561458250
34561392714 49 34561458253
34561392714 50 34561458255
34561392717 37 34561392719
34561392717 117 34561392722
34561392717 40 34561458253
34561392717 136 34561458255
34561392717 98 34561458258
34561392719 85 34561392722
34561392719 86 34561392725
34561392719 21 34561458255
34561392719 88 34561458258
34561392719 68 34561458261
34561392722 67 34561392725
34561392722 61 34561392727
34561392722 24 34561458258
34561392722 76 34561458261
34561392722 55 34561458263
34561392725 42 34561392727
34561392725 6 34561458261
34561392725 6 34561458263
34561392727 1 34561458261
34561392727 1 34561458263
34561458250 1 34561458253
34561458250 74 34561458255
34561458250 11 34561523786
34561458250 73 34561523789
34561458250 68 34561523791
34561458253 34 34561458255
34561458253 129 34561458258
34561458253 86 34561523789
34561458253 179 34561523791
34561458253 92 34561523794
34561458255 47 34561458258
34561458255 134 34561458261
34561458255 2 34561523789
34561458255 71 34561523791
34561458255 170 34561523794
34561458255 104 34561523797
34561458258 76 34561458261
34561458258 101 34561458263
34561458258 2 34561523791
34561458258 58 34561523794
34561458258 140 34561523797
34561458258 88 34561523799
34561458261 44 34561458263
34561458261 8 34561523797
34561458261 8 34561523799
34561523786 1 30266556495
34561523786 56 34561523791
34561523786 11 34561589322
34561523786 69 34561589325
34561523786 51 34561589327
34561523789 11 34561523791
34561523789 79 34561523794
34561523789 137 34561589325
34561523789 183 34561589327
34561523789 46 34561589330
34561523791 16 34561523794
34561523791 93 34561523797
34561523791 3 34561589325
34561523791 111 34561589327
34561523791 190 34561589330
34561523791 76 34561589333
34561523794 19 34561523797
34561523794 83 34561523799
34561523794 1 34561589327
34561523794 99 34561589330
34561523794 164 34561589333
34561523794 67 34561589335
34561523797 11 34561523799
34561523797 1 34561589330
34561523797 23 34561589333
34561523797 23 34561589335
34561589322 45 34561589327
34561589322 11 34561654858
34561589322 58 34561654861
34561589322 30 34561654863
34561589325 2 34561589327
34561589325 32 34561589330
34561589325 158 34561654861
34561589325 164 34561654863
34561589325 13 34561654866
34561589327 3 34561589330
34561589327 49 34561589333
34561589327 1 34561654861
34561589327 142 34561654863
34561589327 163 34561654866
34561589327 26 34561654869
34561589330 52 34561589335
34561589330 2 34561654863
34561589330 146 34561654866
34561589330 170 34561654869
34561589330 23 34561654871
34561589330 1 34561720405
34561589333 1 34561589335
34561589333 4 34561654866
34561589333 49 34561654869
34561589333 29 34561654871
34561654858 11 34561654863
34561654858 10 34561720394
34561654858 26 34561720397
34561654858 2 34561720399
34561654861 6 34561654866
34561654861 174 34561720397
34561654861 145 34561720399
34561654861 5 34561720402
34561654863 1 34561654866
34561654863 11 34561654869
34561654863 158 34561720399
34561654863 129 34561720402
34561654863 4 34561720405
34561654866 2 34561654869
34561654866 9 34561654871
34561654866 3 34561720399
34561654866 154 34561720402
34561654866 149 34561720405
34561654866 2 34561720407
34561654869 83 34561720405
34561654869 27 34561720407
34561720394 1 34561720399
34561720397 1 34561720402
34561720399 1 34561720405
34578432074 1 34561720397
34578432074 1 34561720399
34578432074 1 34578432079
34578432077 1 34578432079
38839582805 1 34561458261
38839582805 1 34561458263
38839582805 1 38839582807
38856294485 1 34561392725
38856294485 1 34561392727
38856294485 3 38856294487
38856294485 2 38856360021
38856294485 2 38856360023
38856294487 1 38856360023
38856294487 1 38856360026
38856360021 1 34561458261
38856360021 1 34561458263
38856360021 4 38856360023
38856360021 6 38856360026
38856360021 9 38856425557
38856360021 11 38856425559
38856360021 2 38856425562
38856360023 5 38856360026
38856425557 2 34561523797
38856425557 2 34561523799
38856425557 3 38856425559
38856425557 3 38856425562
38856425557 13 38856491093
38856425557 13 38856491095
38856425559 1 38856425562
38856491093 5 34561589333
38856491093 5 34561589335
38856491093 2 38856491098
38856491093 10 38856556629
38856491093 10 38856556631
38856491095 2 38856491098
38856556629 6 34561654869
38856556629 6 34561654871
38856556629 1 38856556631
38856556629 5 38856622165
38856556629 5 38856622167
38856622165 5 34561720405
38856622165 3 34561720407
