135463196 1 135528764
135463197 1 135528764
135528764 1 135594291
135594090 1 4430823441
135594291 1 38790561873
135659530 1 4430823441
152174755 1 4430430550
169869313 1 170000387
4413719163 1 8691975285
4430364916 1 135463196
4430364916 1 34512437374
4430430550 1 4413719163
4446093370 1 4446158934
4446158934 1 34512437374
4462805060 1 4446093370
8691777944 1 8691843699
8691975285 1 12971212833
8707572119 1 8691777944
8708555161 1 8691843699
8708686466 1 8708686467
8724283612 1 8707572119
8725529008 1 8725529111
8725529110 1 8725529111
8742764580 1 4447993868
12971212833 1 17266311204
12971212835 1 17266311204
13020365044 1 13003653689
13020365210 1 8708686466
13020430751 1 8725529008
13020430752 1 8725529008
13020561804 1 13020561805
17266311204 1 17266311206
17266311205 1 17266311206
17298555462 1 17298621073
17298555462 1 34512568443
17298621073 1 21593653906
17315266776 1 17315332397
17315266777 1 17315332344
17315266815 1 13020365210
17315332343 1 17315397899
17315332344 1 17315397900
17315332397 1 13020430751
17315397899 1 17315463520
17315397900 1 21610430715
17315398056 1 17315463717
17315463520 1 21610496297
17315463717 1 13020561804
17330995273 1 17331060767
17331060767 1 17315266777
17331060768 1 17315266777
17332043872 1 13020365044
17332043952 1 17315332343
17332043992 1 17315332343
17332043993 1 17315332397
17347706893 1 17332043952
17347706925 1 17330995273
17347706926 1 17330995273
21528051790 1 21528182861
21544697938 1 21528051790
21561278516 1 21544632368
21576877205 1 21576877206
21593653906 1 25905659964
21593719325 1 25905659964
21593719325 1 25905659965
21593719445 1 21593719446
21610234116 1 21610299754
21610299754 1 17315398056
21610430715 1 21610496178
21610430925 1 21610496416
21610496297 1 21610561614
21610496303 1 21610561760
21610561760 1 21610561761
21627011213 1 13037469752
21627011213 1 21627076748
21627011214 1 21627076748
21627076748 1 17315397744
21643067448 1 34544812111
21643067448 1 34544812114
21643067448 1 38807404686
21644443725 1 17349607487
21659910196 1 17332043872
21659910196 1 34544877653
21659910199 1 17332043872
25856114742 1 21528182861
25856114742 1 21561278516
25871778854 1 25871778855
25871844508 1 21576943191
25871844509 1 21576943191
25888490011 1 25888555755
25888555602 1 25888621420
25888555755 1 21576877205
25888555756 1 21576877205
25888555758 1 25871844508
25888621216 1 21593719448
25888621217 1 21593719445
25888621218 1 25888621219
25888621321 1 30183588618
25888621420 1 25888687107
25888686992 1 25888752763
25888687107 1 21593785766
25904218316 1 25905201456
25905201377 1 25905267001
25905201417 1 25905267002
25905201456 1 25905267111
25905267001 1 25905332579
25905267002 1 25905332581
25905267002 1 25905332656
25905267111 1 21593588298
25905267112 1 21593588298
25905332579 1 21610430925
25905332580 1 21610430925
25905332581 1 25905398122
25905332656 1 25905332657
25905398122 1 21610496303
25905398228 1 25905398229
25939673185 1 25939804256
25956319329 1 25939673185
30150035105 1 21544697938
30150101069 1 30151082046
30151082046 1 30151082048
30166680206 1 25871778854
30166746155 1 30150035105
30183391578 1 25888490011
30183391660 1 30166680206
30183457252 1 25888555758
30183457255 1 30183522980
30183522822 1 25888621217
30183522823 1 25888621217
30183522825 1 25888621321
30183522825 1 30183588520
30183522825 1 30183588621
30183522826 1 30183588520
30183522901 1 30183588618
30183522903 1 30183588518
30183522903 1 30183588621
30183522980 1 30183588720
30183522981 1 30183588721
30183522981 1 30183588932
30183522983 1 30183588725
30183588518 1 30183588621
30183588519 1 30183654171
30183588520 1 30183654173
30183588618 1 25888686992
30183588621 1 30183654171
30183588621 1 30183654292
30183588720 1 25888687230
30183588721 1 25888687232
30183588722 1 25888687232
30183588725 1 30183654415
30183588726 1 30183654415
30183588932 1 34461844984
30183654056 1 25888752314
30183654057 1 25888752314
30183654171 1 25888752615
30183654173 1 25888752469
30183654292 1 25888752924
30183654301 1 30183720075
30183654415 1 30183720224
30183654658 1 30166943466
30199185617 1 30200168795
30199185619 1 30200168756
30199185695 1 30183391578
30199185697 1 30200168756
30200168674 1 25905267002
30200168675 1 30200234357
30200168677 1 30200168717
30200168714 1 30200234412
30200168715 1 30200234300
30200168715 1 30200234357
30200168715 1 30200234358
30200168715 1 30200234412
30200168716 2 30200234302
30200168716 1 30200234359
30200168717 2 30200234302
30200168717 1 30200234359
30200168754 1 30200234412
30200168756 1 30200234358
30200168756 1 30200234414
30200168795 1 30183457252
30200168796 1 30183457255
30200168797 1 30183457255
30200234300 1 25905332582
30200234300 1 25905332659
30200234301 1 25905332582
30200234302 1 30200299959
30200234302 1 30200299960
30200234303 1 30200299960
30200234357 1 30183522981
30200234357 1 30200300037
30200234358 1 30183522822
30200234358 1 30183522981
30200234358 1 30200299963
30200234359 1 30183522825
30200234412 1 25888555602
30200234414 1 25888555680
30200234414 1 30183522901
30200234415 1 25888555680
30200234415 1 30183522825
30200234415 1 30183522903
30200234415 1 30183522981
30200234416 1 30183522825
30200234416 1 30183522903
30200234416 1 30183522981
30200299653 1 30200365125
30200299730 1 30200299731
30200299885 1 30200365324
30200299886 1 30200365324
30200299886 1 30200365429
30200299887 1 30200365429
30200299959 1 30200299960
30200299960 1 25905398228
30200299961 1 25905398228
30200299963 1 30200365637
30200300037 1 25888621216
30200300042 1 25888621218
30200365125 1 30200627262
30200365126 1 30200627262
30200365324 1 21610692660
30200365331 1 25905659962
30200365332 1 25905659962
30200365429 1 25905463609
30200365430 1 25905463609
30200365637 1 34478621358
30200365638 1 30183654056
30200430796 1 30200496232
30200430915 1 25905659958
30200430915 1 30200430916
30215831638 1 30215897225
30215831638 1 30215897227
30215897122 1 30215962673
30215897124 1 30200168674
30215897174 1 30215962752
30215897175 1 30215962676
30215897176 2 30215962754
30215897177 1 30199185617
30215897177 1 30215962756
30215897225 1 25904218316
30215897226 1 25904218316
30215897227 1 30200168754
30215897228 1 30199185695
30215962673 1 25905201377
30215962676 1 30200168715
30215962679 1 30200168715
30215962680 1 30200168716
30215962752 1 25905201417
30215962754 1 30200168714
30215962754 1 30200168715
30215962755 1 30200168714
30215962756 1 30200168715
30216028232 1 30200168675
30216028232 1 34544615501
30216945852 1 34495201488
30216945853 1 34495201488
30216945891 1 30200234300
30216945892 1 30200234300
30232543276 1 30232543292
30232543276 1 30249582666
30232543276 1 30249582669
30232543291 1 30232805450
30232543291 1 34546385018
30232543291 1 34546516093
30232543292 1 30232805450
30232543292 1 30232805453
30232543292 1 34527772749
30232543292 1 34544549965
30232543292 1 34546385018
30232543292 1 34546516090
30232543292 1 34546516093
30232543292 1 34546516096
30232608790 1 30215897122
30232608791 1 30215897176
30232608822 1 30215897174
30232608822 1 30215897175
30232608823 1 30215897176
30232805450 1 30232870986
30232805450 1 30232870989
30232870986 1 30249713738
30232870989 1 30232936525
30232936525 1 30233002060
30232936525 1 30233002062
30233002060 1 34544812108
30233002060 1 34544812110
30234116215 1 21627994162
30234116215 1 30217470063
30234509434 1 30234640503
30234509434 1 30234640506
30234640503 1 30234640506
30234640503 3 30234771575
30249320475 1 30249320476
30249320475 3 30249582666
30249320475 1 30249582669
30249320475 1 34544549965
30249320475 1 34546385021
30249320475 1 34546516093
30249320476 1 34546516093
30249320491 1 30249320507
30249320491 8 30249582666
30249320491 5 30249582669
30249320491 1 34546253952
30249320491 4 34546516093
30249320492 2 30249582666
30249320492 2 30249582669
30249320492 2 34544549965
30249320492 1 34546253952
30249320492 1 34546385021
30249320492 1 34546385024
30249320492 2 34546516090
30249320492 2 34546516093
30249320507 1 34546516090
30249582663 3 30249582669
30249582663 4 30249648202
30249582663 4 30249648205
30249582663 1 34546516090
30249582666 16 30249582669
30249582666 1 30249582671
30249582666 32 30249648202
30249582666 28 30249648205
30249582666 1 30249648207
30249582666 5 34544615498
30249582666 10 34544615501
30249582666 1 34544615503
30249582666 7 34546516090
30249582666 8 34546516093
30249582666 1 34546516096
30249582669 6 34546516090
30249582669 6 34546516093
30249582669 1 34546516096
30249648196 1 30249648202
30249648196 1 30249713738
30249648199 2 30249648205
30249648199 1 30249713735
30249648199 3 30249713738
30249648199 2 30249713741
30249648199 1 34529607811
30249648199 1 34546516093
30249648202 1 30249648207
30249648202 21 30249713738
30249648202 23 30249713741
30249648202 1 34529607811
30249648202 2 34544681034
30249648202 7 34544681037
30249648202 1 34546516093
30249713735 1 30249779274
30249713735 1 30249779277
30249713738 1 30249713741
30249713738 18 30249779274
30249713738 2 30249779275
30249713738 2 30249779276
30249713738 19 30249779277
30249713738 2 34544746570
30249713738 2 34544746573
30249713741 3 30249779276
30249713741 2 30249779278
30249713741 1 34544746570
30249713741 1 34544746572
30249713741 4 34544746573
30249713741 1 34544746574
30249779274 8 30249844810
30249779274 5 30249844812
30249779274 14 30249844813
30249779274 3 30249844814
30249779274 1 34544812110
30249779275 2 30249844812
30249779276 3 30249844812
30249779276 3 30249844814
30249779277 2 30249844812
30249779277 1 30249844813
30249779277 2 30249844814
30249779277 3 34544812109
30249844810 4 30249910349
30249844810 5 34544877645
30249844810 1 34546516093
30249844812 7 30249910348
30249844812 6 30249910350
30249844812 1 34544877644
30249844812 6 34544877646
30249844813 4 30249910348
30249844813 4 30249910350
30249844813 3 34544877645
30249910348 4 34544943180
30249910348 11 34544943182
30249910349 3 34544943181
30249910349 1 34544943182
30251286647 1 30251286650
30251286647 1 30251417719
30251286650 1 30234640503
30251286650 1 30251417722
30251417719 2 30251417722
30251417719 7 30251548791
30251417719 1 30251548794
30251417722 3 30251548791
30251417722 6 30251548794
30251548791 3 30251548794
30266359874 1 30266359879
30266359874 1 30266425415
30266359874 1 30266425418
30266359876 1 30266359879
30266359879 1 30266359885
30266359879 1 30266425418
30266359879 1 30266425421
30266359882 1 30266359885
30266359882 1 30266359887
30266359882 1 30266425421
30266359882 1 30266425423
30266359885 1 30266359887
30266425412 1 30266425418
30266425412 1 30266490951
30266425412 1 30266490954
30266425415 1 30249713738
30266425415 1 30249713741
30266425415 2 30266425421
30266425415 1 34561458253
30266425415 1 34561458255
30266425418 1 30249713738
30266425418 1 30249713741
30266425418 2 30266425421
30266425418 1 30266425423
30266425418 1 34561458250
30266425418 1 34561458253
30266490951 1 30249779274
30266556484 1 30266622026
30266556484 1 30266622029
30266556484 1 34546516096
30266556487 1 34546516096
30266622026 1 34561654861
34461647504 1 30166746155
34461647507 1 34461713456
34461647508 1 34461713382
34461647508 1 34461713456
34461713381 1 34461779526
34461713382 1 38756746728
34461713456 1 30150035010
34461779526 1 30150101069
34461844984 1 34461911543
34478358918 1 34461647504
34478358919 1 34461647508
34478358960 1 34461647507
34478424496 1 30183522983
34478424499 1 34478424555
34478424554 1 34478490281
34478424555 1 34478490281
34478424557 1 34478490285
34478490128 1 34478555925
34478490281 1 34478556127
34478490282 1 34478556127
34478490285 1 34478556029
34478490285 1 38773523330
34478555925 1 30183654301
34478556029 1 34478621719
34478556127 1 30183654658
34478621358 1 34478686928
34478621719 1 30183720384
34494087363 1 34494153074
34494087415 1 30183391660
34494152917 4 34495136053
34494152918 1 34495136053
34494152994 1 30200168796
34494152997 1 34478358879
34494153074 1 34478358918
34494153074 1 34478358919
34494153075 1 34478358918
34494153075 1 34478358919
34495135975 1 34495201602
34495136013 1 30200234414
34495136014 1 34495201600
34495136014 1 34495201656
34495136014 1 34495201657
34495136015 1 34495201657
34495136016 1 34495201660
34495136016 1 38790168901
34495136053 3 30200234415
34495136053 1 34478424496
34495136054 1 34495201713
34495136054 1 34495201714
34495136055 1 34478424499
34495201488 1 34495267107
34495201490 1 30200299730
34495201545 1 30200299886
34495201546 1 34495267107
34495201549 1 38790234488
34495201600 1 30200299885
34495201601 1 30200299885
34495201602 1 34495267263
34495201603 1 34495267263
34495201604 1 34495267108
34495201605 1 34495267188
34495201656 1 30183522825
34495201657 1 30183522825
34495201657 1 30200300042
34495201660 1 34478490128
34495201713 1 30183522904
34495201714 1 34478490285
34495201715 1 34478490285
34495266956 1 38790299732
34495267034 1 38790299732
34495267107 1 34495332629
34495267107 1 34495332735
34495267108 1 30200365331
34495267187 1 30200365331
34495267188 1 34495332733
34495267189 1 34495332733
34495267263 1 30200365638
34495267264 1 30200365638
34495332629 1 30200430796
34495332733 1 25905659958
34495332734 1 25905659958
34495332735 1 34495398223
34495398223 1 38790431001
34510798936 1 34510864526
34510798936 1 34510864527
34510798967 1 34510864577
34510798968 1 34494087363
34510798968 1 34510864577
34510798968 1 34510864578
34510798968 1 34510864579
34510798969 1 34494087415
34510864421 1 30215962680
34510864422 1 30215962679
34510864422 1 30215962680
34510864422 1 30216945891
34510864423 1 34510929977
34510864424 1 34510929980
34510864424 1 34510929982
34510864424 1 34510930056
34510864424 1 34511913190
34510864425 2 34510929981
34510864425 1 34510929982
34510864426 1 34511913151
34510864474 1 30215962679
34510864474 1 34510930055
34510864475 1 34510930055
34510864476 1 34510930057
34510864476 1 34510930058
34510864477 1 34510929982
34510864477 2 34510930058
34510864477 1 34510930137
34510864526 1 34494152917
34510864526 1 34510930132
34510864527 3 34494152917
34510864528 1 34510930057
34510864529 1 34510930057
34510864577 1 30199185619
34510864578 1 30199185619
34510864578 1 34494152994
34510864579 1 34494152997
34510864580 1 34494153074
34510929977 1 30200168677
34510929980 1 34511913192
34510929981 1 34495135975
34510929981 1 38790103272
34510929982 1 38790103272
34510929982 2 38806880489
34510930055 1 30200168716
34510930055 1 34495136054
34510930056 1 34495136013
34510930057 2 34495136014
34510930058 3 34495136014
34510930058 1 34495136016
34510930058 1 34495136054
34510930059 1 34495136014
34510930132 1 30200168756
34510930137 1 34495136055
34511913109 1 34511978648
34511913110 1 34511978648
34511913111 1 34511978652
34511913151 1 34495201490
34511913151 1 34511978708
34511913151 1 38790496405
34511913190 1 34495201545
34511913190 1 34495201546
34511913191 1 34495201546
34511913192 1 34495201549
34511978648 1 30200299653
34511978649 1 30200299653
34511978652 1 34495266956
34511978708 1 38790234254
34512568443 1 34546253952
34527510573 1 34510798936
34527510573 1 34544549967
34527510573 2 34544549970
34527510573 1 34544549973
34527510573 1 34546516099
34527510573 1 34546516102
34527510588 4 30251548791
34527510588 3 30251548794
34527510588 7 34527772749
34527510588 9 34527772751
34527510588 3 34527772754
34527510588 7 34544549965
34527510588 12 34544549967
34527510588 5 34544549970
34527510588 1 34546385021
34527510588 5 34546516090
34527510588 5 34546516093
34527510588 1 34546516096
34527510588 5 34546516099
34527510588 1 34546516102
34527510589 4 34527772754
34527510589 6 34527772757
34527510589 1 34544549967
34527510589 5 34544549970
34527510589 6 34544549973
34527510589 1 34546385030
34527510589 3 34546516093
34527510589 6 34546516099
34527510589 7 34546516102
34527510589 3 38841483401
34527510604 1 34527772751
34527576087 1 30215897124
34527576087 1 34510864421
34527576088 1 8724283612
34527576088 1 34510864422
34527576088 1 34510864424
34527576088 1 38790496405
34527576089 3 34510864424
34527576089 2 34510864425
34527576089 1 34510864476
34527576089 1 34511913190
34527576090 1 34510864426
34527576120 1 8724283612
34527576120 2 30215897177
34527576120 1 34510864422
34527576120 1 34510864423
34527576120 1 34510864474
34527576120 1 34510864527
34527576121 1 34510864423
34527576121 1 34510864424
34527576121 1 34510864475
34527576121 2 34510864476
34527576121 4 34510864477
34527576122 1 34510864477
34527576151 1 30215897228
34527576152 1 34510864526
34527576152 1 34510864527
34527576153 1 34510864528
34527576153 1 34510864580
34527576154 1 38805831826
34527772749 4 34527838285
34527772749 2 34527838287
34527772749 3 34544615501
34527772749 1 34546516096
34527772751 4 34527838287
34527772751 1 34544615503
34527772751 1 34544615506
34527772751 1 34546516096
34527772754 6 34527838290
34527772754 3 34527838293
34527772754 2 34544615506
34527772754 2 34546516096
34527772757 5 34527838293
34527772757 2 34546516096
34527838285 3 34527903821
34527838285 1 34544681037
34527838287 6 34527903823
34527838290 4 34527903826
34527838290 1 34527903829
34527838290 2 34544681042
34527838290 1 34544681045
34527838293 5 34527903829
34527838293 1 34544681045
34527903821 2 34527969358
34527903821 1 34527969360
34527903821 1 34544746574
34527903821 1 34544746576
34527903823 4 34527969360
34527903823 5 34527969361
34527903823 1 34527969363
34527903823 1 34544746577
34527903823 1 34544746579
34527903826 3 34527969364
34527903826 1 34544746579
34527903826 1 34544746580
34527903829 2 34527969364
34527903829 4 34527969366
34527903829 1 34544746582
34527969358 2 34528034894
34527969360 2 34528034896
34527969360 2 34528034897
34527969361 1 34544812113
34527969364 2 34528034900
34527969364 2 34528034902
34527969364 2 34544812116
34527969364 1 34544812118
34527969366 1 34528034902
34527969366 1 34544812118
34528034894 2 34528100430
34528034896 2 34544877648
34528034897 1 34528100433
34528034897 1 34544877649
34528034900 1 34544877651
34528034900 2 34544877652
34528034900 1 34544877654
34528034902 1 34528100438
34528034902 1 34544877654
34528100430 2 34544943182
34528100433 1 34544943185
34528100438 2 34544943190
34529214589 1 30217601137
34529214589 1 30217601140
34529345667 1 34529476736
34529476736 1 34529607806
34529476736 1 34529607808
34529476739 1 34529607808
34529476739 2 34529607811
34529607802 1 34529738874
34529607805 1 34529738877
34529607806 1 34529738878
34529607808 1 34529607811
34529607808 1 34529738878
34529607808 2 34529738880
34529607811 2 34529738883
34529607814 1 34529738886
34544287756 1 17315266776
34544287756 1 30232608790
34544287756 1 30232608791
34544287756 1 34527576087
34544287756 1 34527576088
34544287756 3 34527576089
34544287756 1 34544549962
34544287756 1 34544549965
34544287756 1 38822543386
34544287756 2 38822543387
34544287757 1 17347706893
34544287757 1 30232608791
34544287757 1 34527576087
34544287757 2 34527576088
34544287757 5 34527576089
34544287757 2 38822543386
34544287757 2 38822543387
34544287772 1 30232608822
34544287772 1 30251417719
34544287772 1 30251548791
34544287772 2 34527576088
34544287772 1 34527576089
34544287772 1 34527576120
34544287772 2 34527576121
34544287772 1 34527576153
34544287772 1 34529738874
34544287772 2 34544287773
34544287772 1 34544549962
34544287772 9 34544549965
34544287772 18 34544549967
34544287772 10 34544549970
34544287772 1 34546385027
34544287772 3 34546516090
34544287772 7 34546516093
34544287772 2 34546516096
34544287772 1 34546516099
34544287772 1 34546516102
34544287773 1 30232608822
34544287773 1 30232608823
34544287773 2 30251548794
34544287773 1 34527576088
34544287773 1 34527576090
34544287773 6 34527576120
34544287773 5 34527576121
34544287773 1 34527576153
34544287773 1 34529738874
34544287773 2 34544549967
34544287773 12 34544549970
34544287773 11 34544549973
34544287773 1 34544549975
34544287773 1 34544615506
34544287773 4 34546516093
34544287773 3 34546516096
34544287773 4 34546516099
34544287773 2 34546516102
34544287773 1 38822543418
34544287773 1 38841483401
34544287788 1 4462805060
34544287788 1 17347706925
34544287788 1 21610234116
34544287788 1 30215831638
34544287788 1 30234771575
34544287788 2 30251548794
34544287788 2 34510798936
34544287788 2 34510798968
34544287788 3 34544287789
34544287788 2 34544287804
34544287788 27 34544549965
34544287788 48 34544549967
34544287788 27 34544549970
34544287788 1 34546253955
34544287788 1 34546385024
34544287788 1 34546385030
34544287788 9 34546516090
34544287788 19 34546516093
34544287788 9 34546516096
34544287788 8 34546516099
34544287788 4 34546516102
34544287788 1 38805766234
34544287788 1 38805766266
34544287789 1 17347706925
34544287789 1 21610234116
34544287789 1 30232608822
34544287789 1 34510798936
34544287789 1 34510798968
34544287789 1 34510798969
34544287789 1 34527576121
34544287789 1 34527576151
34544287789 2 34527576152
34544287789 1 34527576153
34544287789 1 34527576154
34544287789 1 34529738880
34544287789 1 34529738883
34544287789 1 34529738886
34544287789 28 34544549970
34544287789 29 34544549973
34544287789 1 34546253955
34544287789 1 34546385018
34544287789 1 34546385030
34544287789 2 34546516090
34544287789 5 34546516093
34544287789 4 34546516096
34544287789 8 34546516099
34544287789 8 34546516102
34544287789 2 38805766266
34544287789 1 38822543450
34544287789 3 38822543451
34544287789 1 38841352329
34544287789 5 38841483401
34544287804 1 30215831638
34544287804 1 34510798967
34544287804 1 34510798968
34544287804 1 34546516090
34544287804 1 34546516093
34544287804 1 34546516099
34544287804 1 38841352329
34544287805 1 34527576153
34544287805 1 34527576154
34544287805 1 34546516099
34544287805 1 34546516102
34544549962 4 34544549965
34544549962 45 34544549967
34544549962 9 34544615498
34544549962 59 34544615501
34544549962 35 34544615503
34544549962 1 34546385018
34544549962 5 34546516090
34544549962 4 34546516093
34544549965 1 17315266815
34544549965 1 30216945852
34544549965 1 30249582671
34544549965 13 30251548791
34544549965 3 30251548794
34544549965 111 34544549967
34544549965 109 34544549970
34544549965 210 34544615501
34544549965 274 34544615503
34544549965 70 34544615506
34544549965 2 34544681037
34544549965 2 34546385018
34544549965 2 34546385021
34544549965 26 34546516090
34544549965 23 34546516093
34544549965 23 34546516096
34544549965 4 34546516099
34544549967 1 30216945852
34544549967 17 30251548791
34544549967 3 30251548794
34544549967 1 34511913109
34544549967 170 34544549970
34544549967 108 34544549973
34544549967 3 34544615501
34544549967 206 34544615503
34544549967 269 34544615506
34544549967 87 34544615509
34544549967 1 34544681042
34544549967 1 34546385018
34544549967 2 34546385021
34544549967 1 34546385024
34544549967 27 34546516090
34544549967 51 34546516093
34544549967 40 34546516096
34544549967 19 34546516099
34544549967 6 34546516102
34544549967 2 38841483401
34544549967 1 43101847710
34544549970 1 13037469752
34544549970 3 30251548791
34544549970 1 30251548794
34544549970 174 34544549973
34544549970 68 34544549975
34544549970 3 34544615503
34544549970 222 34544615506
34544549970 246 34544615509
34544549970 41 34544615511
34544549970 1 34546385024
34544549970 1 34546385030
34544549970 8 34546516090
34544549970 41 34546516093
34544549970 34 34546516096
34544549970 40 34546516099
34544549970 33 34546516102
34544549970 1 38841483398
34544549970 10 38841483401
34544549973 1 13037469752
34544549973 1 34511913111
34544549973 77 34544549975
34544549973 1 34544615506
34544549973 49 34544615509
34544549973 17 34544615511
34544549973 9 34546516093
34544549973 24 34546516096
34544549973 37 34546516099
34544549973 29 34546516102
34544549973 1 38841352329
34544549973 3 38841483398
34544549973 11 38841483401
34544549975 9 34546516099
34544549975 2 34546516102
34544549975 2 38841483398
34544549975 2 38841483401
34544615498 28 34544615503
34544615498 6 34544681034
34544615498 41 34544681037
34544615498 18 34544681039
34544615501 3 34544615503
34544615501 46 34544615506
34544615501 231 34544681037
34544615501 222 34544681039
34544615501 23 34544681042
34544615503 1 34544615506
34544615503 58 34544615509
34544615503 259 34544681039
34544615503 220 34544681042
34544615503 29 34544681045
34544615506 32 34544615511
34544615506 4 34544681039
34544615506 264 34544681042
34544615506 218 34544681045
34544615506 20 34544681047
34544615506 1 34544746578
34544615506 2 34544746580
34544615506 1 34544746581
34544615506 1 34544746582
34544615509 4 34544681042
34544615509 88 34544681045
34544615509 14 34544681047
34544615509 1 34546516096
34544615511 1 34546516096
34544681034 10 34544681039
34544681034 8 34544746570
34544681034 17 34544746573
34544681034 1 34544746575
34544681037 6 34544681042
34544681037 211 34544746573
34544681037 18 34544746574
34544681037 152 34544746575
34544681037 10 34544746576
34544681037 1 34544746578
34544681037 1 34544812109
34544681037 4 34544812110
34544681037 6 34544812112
34544681037 1 34544812113
34544681039 17 34544681045
34544681039 1 34544746573
34544681039 1 34544746574
34544681039 255 34544746575
34544681039 10 34544746576
34544681039 19 34544746577
34544681039 165 34544746578
34544681039 8 34544746579
34544681039 5 34544746581
34544681039 1 34544812111
34544681039 4 34544812112
34544681039 5 34544812113
34544681039 1 34544812114
34544681042 1 34544681045
34544681042 8 34544681047
34544681042 1 34544746575
34544681042 3 34544746577
34544681042 255 34544746578
34544681042 10 34544746579
34544681042 14 34544746580
34544681042 168 34544746581
34544681042 3 34544746582
34544681042 4 34544746583
34544681042 7 34544812115
34544681042 9 34544812116
34544681042 1 34544812118
34544681045 3 34544746578
34544681045 7 34544746580
34544681045 104 34544746581
34544681045 19 34544746582
34544681045 12 34544746583
34544681045 6 34544746584
34544681045 1 34544812116
34544681045 2 34544812118
34544681045 1 34546516102
34544746570 12 34544812109
34544746572 1 34544812110
34544746573 2 34544812108
34544746573 152 34544812109
34544746573 35 34544812110
34544746573 95 34544812111
34544746573 25 34544812112
34544746573 12 34544877646
34544746573 5 34544877648
34544746574 17 34544812110
34544746574 8 34544812112
34544746574 1 34544877648
34544746575 1 34544812110
34544746575 205 34544812111
34544746575 28 34544812112
34544746575 42 34544812113
34544746575 93 34544812114
34544746575 7 34544812115
34544746575 1 34544877648
34544746575 5 34544877649
34544746575 1 34544877650
34544746576 7 34544812112
34544746576 5 34544812113
34544746577 1 34544812112
34544746577 17 34544812113
34544746577 8 34544812115
34544746578 1 30217470063
34544746578 9 34544812113
34544746578 220 34544812114
34544746578 31 34544812115
34544746578 38 34544812116
34544746578 112 34544812117
34544746578 7 34544812118
34544746578 2 34544877649
34544746578 8 34544877651
34544746578 4 34544877652
34544746578 2 34544877654
34544746579 1 34544746580
34544746579 9 34544812115
34544746579 5 34544812116
34544746580 12 34544812116
34544746580 8 34544812118
34544746580 1 34544877654
34544746581 1 30217470063
34544746581 2 34544812114
34544746581 23 34544812116
34544746581 99 34544812117
34544746581 39 34544812118
34544746581 5 34544812119
34544746581 6 34544812120
34544746581 6 34544877652
34544746581 9 34544877654
34544746581 1 34546516102
34544746582 1 34544812116
34544746582 15 34544812118
34544746582 3 34544812120
34544812108 3 34544877646
34544812109 1 34544877644
34544812109 105 34544877645
34544812109 44 34544877646
34544812109 55 34544877647
34544812109 30 34544877648
34544812109 2 34544943182
34544812109 2 34544943184
34544812110 48 34544877646
34544812110 26 34544877648
34544812111 136 34544877647
34544812111 36 34544877648
34544812111 61 34544877649
34544812111 50 34544877650
34544812111 17 34544877651
34544812111 4 34544943184
34544812111 6 34544943185
34544812111 3 34544943187
34544812111 1 34546516096
34544812112 1 30234771575
34544812112 1 34544877646
34544812112 45 34544877648
34544812112 23 34544877649
34544812112 1 34546516099
34544812113 1 30234771575
34544812113 5 34544877648
34544812113 43 34544877649
34544812113 20 34544877651
34544812113 1 34544943185
34544812113 1 34546385021
34544812113 1 34546516093
34544812113 1 34546516099
34544812114 8 34544877649
34544812114 148 34544877650
34544812114 56 34544877651
34544812114 53 34544877652
34544812114 61 34544877653
34544812114 5 34544877654
34544812114 6 34544943187
34544812114 7 34544943188
34544812114 1 34546516096
34544812114 1 43101847629
34544812115 2 34544877649
34544812115 30 34544877651
34544812115 23 34544877652
34544812115 1 34544943188
34544812116 2 34544877651
34544812116 53 34544877652
34544812116 27 34544877654
34544812116 1 34544943190
34544812116 1 34544943192
34544812117 20 34544877652
34544812117 71 34544877653
34544812117 41 34544877654
34544812117 12 34544877656
34544812117 6 34544943190
34544812117 3 34544943192
34544812117 1 43101847629
34544812118 3 34544877652
34544812118 33 34544877654
34544812118 4 34544877656
34544812118 1 34544943190
34544877644 2 34544943182
34544877645 1 8742764580
34544877645 5 34544943180
34544877645 70 34544943181
34544877645 27 34544943182
34544877645 30 34544943183
34544877645 21 34544943184
34544877646 1 34544943180
34544877646 97 34544943182
34544877646 37 34544943184
34544877647 1 8742764580
34544877647 1 30217601137
34544877647 66 34544943183
34544877647 35 34544943184
34544877647 56 34544943185
34544877647 27 34544943186
34544877647 14 34544943187
34544877648 4 34544943182
34544877648 84 34544943184
34544877648 43 34544943185
34544877649 1 34529738878
34544877649 1 34544943184
34544877649 82 34544943185
34544877649 36 34544943187
34544877649 1 34546516093
34544877650 1 34544943183
34544877650 4 34544943185
34544877650 87 34544943186
34544877650 41 34544943187
34544877650 28 34544943188
34544877650 27 34544943189
34544877650 7 34544943190
34544877651 3 34544943185
34544877651 81 34544943187
34544877651 41 34544943188
34544877652 1 17349607487
34544877652 4 34544943187
34544877652 100 34544943188
34544877652 41 34544943190
34544877653 21 34544943188
34544877653 47 34544943189
34544877653 42 34544943190
34544877653 12 34544943192
34544877654 1 17349607487
34544877654 2 34544943188
34544877654 73 34544943190
34544877654 20 34544943192
34544877656 2 34544943190
34544877656 2 34544943192
34544943184 1 170000387
34544943185 1 8759803941
34544943187 1 8759803941
34546253946 2 30251417722
34546253946 2 34546253949
34546253946 6 34546385018
34546253946 1 34546385021
34546253949 1 34529607808
34546253949 10 34546385021
34546253952 1 34529607805
34546253952 3 34546253955
34546253952 4 34546385024
34546253952 2 34546385027
34546253955 1 34529607811
34546253955 2 34546253958
34546253955 2 34546385024
34546253955 10 34546385027
34546253955 1 34546385030
34546253958 1 34529607814
34546253958 4 34546385030
34546253958 1 38841352326
34546253958 1 38841352329
34546385018 2 30251548794
34546385018 6 34546385021
34546385018 33 34546516090
34546385018 5 34546516093
34546385021 8 34546385024
34546385021 2 34546516090
34546385021 67 34546516093
34546385021 8 34546516096
34546385024 1 34529738880
34546385024 4 34546385027
34546385024 3 34546516093
34546385024 35 34546516096
34546385024 3 34546516099
34546385027 1 34529738883
34546385027 5 34546385030
34546385027 5 34546516096
34546385027 50 34546516099
34546385027 8 34546516102
34546385030 1 34546385033
34546385030 2 34546516099
34546385030 40 34546516102
34546385030 1 34546516105
34546385030 1 38841483398
34546385030 1 38841483401
34546516090 2 34546516093
34546516093 8 34546516096
34546516096 10 34546516099
34546516099 6 34546516102
34546516102 1 34546516105
34561327178 1 34544615501
34561327178 1 34544615503
34561327178 5 34561327183
34561327178 4 34561392717
34561327178 4 34561392719
34561327181 1 34544615501
34561327181 4 34544615503
34561327181 3 34544615506
34561327181 5 34561327183
34561327181 15 34561327186
34561327181 6 34561392717
34561327181 11 34561392719
34561327181 5 34561392722
34561327183 5 34544615506
34561327183 5 34544615509
34561327183 16 34561327186
34561327183 12 34561327189
34561327183 8 34561392722
34561327183 8 34561392725
34561327186 12 34561327189
34561327186 2 34561327191
34561327186 2 34561392725
34561327186 2 34561392727
34561327189 3 34561327191
34561327189 1 34561392725
34561327189 1 34561392727
34561392714 2 34544681037
34561392714 2 34544681039
34561392714 4 34561392719
34561392714 2 34561458253
34561392714 2 34561458255
34561392717 2 34544681037
34561392717 3 34544681039
34561392717 1 34544681042
34561392717 7 34561392722
34561392717 4 34561458253
34561392717 10 34561458255
34561392717 6 34561458258
34561392719 1 34544681042
34561392719 1 34544681045
34561392719 2 34561392722
34561392719 8 34561392725
34561392719 1 34561458255
34561392719 7 34561458258
34561392719 6 34561458261
34561392722 1 34544681045
34561392722 1 34544681047
34561392722 2 34561392725
34561392722 3 34561392727
34561392722 3 34561458258
34561392722 4 34561458261
34561392722 1 34561458263
34561458250 1 34544746570
34561458250 3 34544746573
34561458250 1 34544746575
34561458250 2 34561458255
34561458250 1 34561523791
34561458253 1 30234771575
34561458253 3 34544746573
34561458253 4 34544746575
34561458253 4 34561458258
34561458253 5 34561523789
34561458253 6 34561523791
34561458253 1 34561523794
34561458255 1 30234771575
34561458255 1 34544746578
34561458255 1 34544746581
34561458255 5 34561458261
34561458255 7 34561523791
34561458255 7 34561523794
34561458258 2 34544746578
34561458258 3 34544746581
34561458258 1 34544746583
34561458258 1 34561458261
34561458258 2 34561458263
34561458258 4 34561523794
34561458258 4 34561523797
34561523789 1 34544812109
34561523789 1 34544812111
34561523789 4 34561589325
34561523789 4 34561589327
34561523791 2 34544812114
34561523791 1 34561589325
34561523791 5 34561589327
34561523791 5 34561589330
34561523794 2 34544812114
34561523794 1 34544812117
34561523794 2 34561589330
34561523794 3 34561589333
34561589325 2 34544877645
34561589325 2 34544877647
34561589325 3 34561654861
34561589325 2 34561654863
34561589327 1 34544877647
34561589327 1 34544877650
34561589327 2 34561654863
34561589327 2 34561654866
34561589330 2 34544877650
34561589330 2 34544877653
34561589330 1 34544943186
34561654861 3 34544943181
34561654861 2 34544943183
34561654863 2 34544943183
34561654863 1 34544943186
34561654866 1 34544943186
34561654869 1 34544943186
34561654869 1 34544943189
38756614805 1 34461713381
38756746728 1 43035983964
38756878237 1 38756878238
38772343237 1 34478358960
38773326217 1 38756614805
38773523330 1 38773589149
38773589152 1 38756878237
38789054663 1 38789120376
38789054714 1 38772343237
38789120219 1 38790103352
38789120220 1 38790103352
38789120225 1 43085070652
38789120376 1 38773326217
38790103272 1 34495201604
38790103272 1 38790168902
38790103273 1 34495201604
38790103273 1 34495201605
38790103275 1 38790168905
38790103313 1 38790168903
38790103352 1 34478424557
38790103353 1 34478424557
38790168847 1 38790234336
38790168847 1 38790234415
38790168901 1 38790234569
38790168902 1 38790234490
38790168905 1 43085201868
38790234254 1 43085660251
38790234336 1 43085267037
38790234337 1 38790300138
38790234338 1 38790300138
38790234488 1 38790300041
38790234490 1 38790300146
38790299732 1 38790561877
38790561877 1 38790561879
38790561878 1 38790561879
38805766234 1 38805831826
38805766236 1 38805831829
38805766266 1 38789054663
38805766266 1 38789054714
38805766267 1 38789054663
38805831722 1 38805897357
38805831723 1 38805897282
38805831723 1 38805897357
38805831726 1 43100864660
38805831775 1 38805897280
38805831775 1 38805897358
38805831777 1 38805897363
38805831826 1 38789120219
38805831826 1 38805897358
38805831827 1 38789120219
38805831829 1 38789120225
38805831829 1 38805897440
38805831830 1 43084087600
38805897279 1 38806880489
38805897280 1 38790103273
38805897282 1 38790103275
38805897357 1 34495136016
38805897358 1 38790103272
38805897358 1 38790103313
38805897363 1 43085070653
38805897440 1 43085070612
38806880489 2 38790168847
38807404686 1 34512633933
38822477885 1 34527772757
38822477885 1 34529738880
38822477885 3 34546516096
38822477885 2 34546516099
38822477885 2 34546516102
38822477885 4 38822740053
38822477885 4 38822740055
38822477885 3 38839517269
38822477885 3 38839517271
38822477886 1 34546516096
38822477886 1 34546516099
38822477886 1 38822740055
38822543386 1 38805831722
38822543386 1 38805831723
38822543387 1 38805831726
38822543387 1 38805831777
38822543418 1 38805831775
38822543419 1 38805831775
38822543450 1 38805831775
38822543451 1 38805831775
38822543451 2 38805831829
38822543451 1 38805831830
38822543452 1 38805831830
38822740053 1 34527838293
38822740053 1 34546516099
38822740053 3 38822805589
38822740053 1 38822805591
38822740053 1 38839582805
38822740053 1 38839582807
38822740055 2 34546516099
38822740055 1 38822805591
38822740055 1 38839582807
38822805589 2 34544681045
38822805589 1 38822871125
38822805591 1 38822871127
38822871125 1 34544746582
38822871125 1 34544746584
38822871127 1 38822936664
38822936664 1 38823002200
38823002200 1 34528100438
38823002200 1 34528100440
38823002206 1 25939804256
38823002206 1 38839844952
38823002206 1 38839844953
38839255054 1 34529738883
38839255054 1 38839517271
38839255054 1 38839517274
38839255069 1 34544549973
38839255069 1 34544549975
38839255069 1 34546385024
38839255069 1 34546516093
38839255069 1 34546516096
38839255069 1 34546516099
38839255069 3 38839517269
38839255069 3 38839517271
38839255085 1 34529738880
38839255085 1 34529738883
38839255085 2 34544549973
38839255085 1 34544549975
38839255085 1 34546516096
38839255085 1 34546516099
38839255085 1 34546516102
38839255085 3 38839517269
38839255085 3 38839517271
38839255101 1 34546516096
38839517269 10 34544615509
38839517269 7 34544615511
38839517269 7 34546516099
38839517269 5 34546516102
38839517269 20 38839517271
38839517269 11 38839517274
38839517269 39 38839582805
38839517269 41 38839582807
38839517271 1 34529738877
38839517271 10 34546516099
38839517271 6 34546516102
38839517271 8 38839517274
38839517271 1 38839582805
38839517271 4 38839582807
38839517271 1 38839582810
38839517274 1 34529738877
38839517274 3 34546516099
38839582805 5 34544681045
38839582805 3 34544681047
38839582805 35 38839648341
38839582805 32 38839648343
38839582807 1 38839648341
38839582807 7 38839648343
38839648341 10 34544746581
38839648341 1 34544746582
38839648341 5 34544746583
38839648341 1 34544746584
38839648341 1 34544812118
38839648341 1 34544812120
38839648341 24 38839713877
38839648341 21 38839713879
38839648343 1 38839713877
38839648343 6 38839713879
38839648343 1 38839713880
38839713877 6 34544812117
38839713877 1 34544812119
38839713877 15 38839779413
38839713877 4 38839779414
38839713877 12 38839779415
38839713877 4 38839779416
38839713879 1 34529738878
38839713879 1 38839779413
38839713879 3 38839779415
38839713879 2 38839779416
38839713879 1 38839844952
38839713880 1 38839779414
38839713880 1 38839779416
38839713882 1 34529738878
38839779413 4 34544877653
38839779413 4 34544877654
38839779413 4 34544877656
38839779413 7 38839844949
38839779413 1 38839844950
38839779413 4 38839844951
38839779413 1 38839844952
38839779414 4 34544877654
38839779414 4 34544877656
38839779414 1 38839844950
38839779414 1 38839844952
38839779415 1 34544877654
38839779415 1 34544877656
38839779415 1 38839844950
38839779415 1 38839844952
38839779416 1 34544877654
38839779416 1 34544877656
38839779416 1 38839844952
38839844949 5 34544943189
38839844949 2 34544943190
38839844949 2 34544943192
38839844950 3 34544943190
38839844950 3 34544943192
38839844952 1 34544943181
38839844952 1 34544943190
38839844952 2 34544943192
38841221257 2 38841352329
38841352326 1 38841352329
38841352326 2 38841483401
38841352329 10 38841483401
38841352329 2 38841483404
38841483398 2 38841483401
38841483401 1 38841483404
38856360021 1 34561458261
38856360021 1 34561458263
38856360021 1 38856360026
38856360023 1 38856360026
38856360023 1 38856360029
38856360023 1 38856425559
38856360023 1 38856425562
38856360026 1 38856360029
38856425559 1 38856491093
38856425559 1 38856491095
38856491093 1 34561589335
38856491093 1 38856556629
38856556629 1 34561654869
43068359100 1 43068424891
43068359157 1 47363392267
43068359158 1 47363392267
43068490331 1 43068555976
43068490337 1 118882906
43068490533 1 38773589152
43068555976 1 43068621707
43084087600 1 43085070693
43085070612 1 43085136259
43085070652 1 43068359100
43085070653 1 43068359100
43085070653 2 43085136317
43085070693 1 43068359157
43085136148 1 43085201869
43085136259 1 43085201949
43085136317 1 118751857
43085136317 1 47363458044
43085201868 1 43068490331
43085201869 1 43068490533
43085201949 1 43068490337
43085201950 1 43068490337
43085267037 1 47380627553
43085332834 1 38790561873
43085529181 1 47380627553
43100864660 1 43085070653
43101847629 1 43101913196
43101847630 1 43101913196
43101847709 1 43085136148
43101847710 1 43101913311
43101913196 1 38790234337
43101913311 1 47380168861
43117838435 1 34544746578
43117838435 1 43101847709
43117838436 1 152174755
43117838436 1 34544746577
43117838436 1 34544746579
43117838438 1 152174755
47363392267 1 102040578
47363458044 1 102106293
47380168861 1 135594090
