4363322361 1 4380165588
4363322362 1 4380165588
4380231281 1 4397074078
8641052693 1 8658223832
8641052694 1 8658223832
8658223832 1 4363322361
8658223834 1 8658289605
8658289605 1 8675132734
8675132734 1 4380231281
12954501174 1 4364894226
21544435803 1 25839599672
30134370413 1 25839534182
34377236567 1 38672269397
34377302101 1 34394144853
34377302103 1 34394144853
34377433173 1 34377498709
34377433175 1 34377498709
34377498706 2 34377498711
34377498709 2 34377564242
34377498709 2 34377564245
34377498709 1 34394341461
34377498711 1 21544435795
34377498711 2 34377564242
34377498711 2 34377564245
34377498711 1 34394341461
34377564242 1 34377629775
34377564242 1 34377629778
34377564245 1 34377629775
34377564245 1 34377629778
34377564245 5 34377629781
34377564247 5 34377629781
34377629775 1 34377629781
34377629781 9 34377629783
34394144853 1 34394210389
34394144853 1 34410987606
34394144855 1 34394210389
34394210383 1 30134370413
34394210389 1 34394275925
34394210391 1 34394275925
34394275925 2 34394341461
34394275927 2 34394341461
34394341461 3 34394406997
34410987606 1 38707527817
34412691590 1 34412822664
34412822664 1 34412953732
34412953732 1 34413084805
38672203861 1 34377302101
38672203861 45 38672203866
38672203861 5 38672269397
38672203861 1 38688981082
38672203863 1 34377302101
38672203863 53 38672203869
38672203863 51 38672269397
38672203863 4 38672269399
38672203863 1 38672269402
38672203863 2 38689046613
38672203866 50 38672203872
38672203866 43 38672269397
38672203866 44 38672269399
38672203866 11 38672269402
38672203866 2 38689046613
38672203866 4 38689046615
38672203866 1 38689046618
38672203869 1 8641052693
38672203869 1 38672203872
38672203869 2 38672203874
38672203869 42 38672269399
38672203869 49 38672269402
38672203869 15 38672269405
38672203869 4 38689046615
38672203869 4 38689046618
38672203872 38 38672269402
38672203872 13 38672269405
38672203872 3 38689046618
38672203872 1 42967236701
38672203872 1 42984013917
38672203874 1 42967236701
38672203874 1 42984013917
38672269397 1 38672269399
38672269397 116 38672269402
38672269397 15 38672334933
38672269399 117 38672269405
38672269399 123 38672334933
38672269399 19 38672334935
38672269399 2 38672334938
38672269399 3 38689112151
38672269402 99 38672269408
38672269402 108 38672334933
38672269402 121 38672334935
38672269402 27 38672334938
38672269402 4 38689112151
38672269402 2 38689112154
38672269405 1 34394144853
38672269405 6 38672269410
38672269405 102 38672334935
38672269405 104 38672334938
38672269405 50 38672334941
38672269405 2 38672334944
38672269405 1 38689112151
38672269405 3 38689112154
38672269405 1 42967236706
38672269408 77 38672334938
38672269408 52 38672334941
38672269408 2 38672334944
38672269408 2 38689112154
38672269408 4 42967302237
38672269410 3 38672334941
38672269410 3 42967302237
38672334933 147 38672334938
38672334933 37 38672400469
38672334935 1 34377433173
38672334935 1 34394210383
38672334935 133 38672334941
38672334935 153 38672400469
38672334935 75 38672400471
38672334935 3 38672400474
38672334935 2 38689177687
38672334938 1 34377433173
38672334938 133 38672334944
38672334938 118 38672400469
38672334938 173 38672400471
38672334938 76 38672400474
38672334938 2 38672400477
38672334938 2 38689177687
38672334938 1 38689177690
38672334941 1 34394210383
38672334941 1 38672334944
38672334941 5 38672334946
38672334941 98 38672400471
38672334941 172 38672400474
38672334941 94 38672400477
38672334941 3 38689177690
38672334944 99 38672400474
38672334944 98 38672400477
38672334944 3 38689177690
38672334944 2 42967367773
38672334946 3 38672400477
38672334946 2 42967367773
38672400469 1 34377498706
38672400469 2 34377498709
38672400469 98 38672400474
38672400469 67 38672466005
38672400469 6 38672466007
38672400471 2 34377498706
38672400471 2 34377498709
38672400471 1 38672400474
38672400471 78 38672400477
38672400471 128 38672466005
38672400471 140 38672466007
38672400471 2 38672466010
38672400471 2 38689243223
38672400474 1 34377498706
38672400474 99 38672400480
38672400474 63 38672466005
38672400474 192 38672466007
38672400474 114 38672466010
38672400474 1 38672466013
38672400474 3 38689243223
38672400474 5 38689243226
38672400477 1 8658223834
38672400477 1 38672400480
38672400477 3 38672400482
38672400477 56 38672466007
38672400477 185 38672466010
38672400477 117 38672466013
38672400477 3 38672466016
38672400477 1 38672531549
38672400477 4 38689243226
38672400477 1 38689243229
38672400477 1 42967433309
38672400477 1 42967433312
38672400480 74 38672466010
38672400480 116 38672466013
38672400480 3 38672466016
38672400480 1 38672531549
38672400480 1 38689243229
38672400480 3 42967433309
38672400480 1 42967433312
38672400482 2 38672466013
38672400482 2 42967433309
38672466005 1 21544435795
38672466005 3 34377564245
38672466005 35 38672466010
38672466005 73 38672531541
38672466005 19 38672531543
38672466005 2 38672597079
38672466005 2 38689308757
38672466007 3 34377564245
38672466007 1 38672466010
38672466007 35 38672466013
38672466007 97 38672531541
38672466007 171 38672531543
38672466007 14 38672531546
38672466007 2 38672597079
38672466007 2 38689308757
38672466007 5 38689308759
38672466007 1 38689308762
38672466010 1 12937592878
38672466010 53 38672466016
38672466010 22 38672531541
38672466010 171 38672531543
38672466010 142 38672531546
38672466010 17 38672531549
38672466010 2 38689308759
38672466010 4 38689308762
38672466013 1 21544435803
38672466013 1 38672466018
38672466013 1 38672531541
38672466013 21 38672531543
38672466013 154 38672531546
38672466013 142 38672531549
38672466013 3 38672531552
38672466013 1 38672597085
38672466013 3 38689308762
38672466013 1 38689308765
38672466013 3 42967498848
38672466013 1 47312995367
38672466016 1 12937592878
38672466016 1 21544435803
38672466016 36 38672531546
38672466016 122 38672531549
38672466016 3 38672531552
38672466016 1 38672597085
38672466016 1 38689308765
38672466016 1 42967498845
38672466016 3 42967498848
38672466016 1 47312995367
38672466018 1 38672531549
38672531541 5 34377629781
38672531541 4 38672531546
38672531541 75 38672597077
38672531541 14 38672597079
38672531541 1 42984341600
38672531543 7 34377629781
38672531543 1 38672531546
38672531543 4 38672531549
38672531543 79 38672597077
38672531543 177 38672597079
38672531543 25 38672597082
38672531543 2 38689374295
38672531543 1 42984341600
38672531546 3 38672531549
38672531546 20 38672531552
38672531546 2 38672597077
38672531546 131 38672597079
38672531546 171 38672597082
38672531546 11 38672597085
38672531549 1 38672531552
38672531549 2 38672597079
38672531549 119 38672597082
38672531549 153 38672597085
38672531549 12 38672597088
38672531549 2 38689374301
38672531549 2 42967564384
38672531552 6 38672597082
38672531552 113 38672597085
38672531552 12 38672597088
38672531552 1 38689374301
38672531552 1 42967564384
38672597077 77 38672597079
38672597077 2 38672597082
38672597079 117 38672597082
38672597082 105 38672597085
38672597085 86 38672597088
38688981079 1 38689046613
38688981082 1 38689046613
38689046613 1 38689046618
38689046613 2 38689112149
38689046615 1 38672269405
38689046615 2 38689046621
38689046615 2 38689112149
38689046615 2 38689112151
38689046618 2 38689046624
38689046618 3 38689112151
38689046618 3 38689112154
38689046621 1 38689112151
38689046621 3 38689112154
38689046621 1 38689112157
38689046624 1 38689112154
38689046624 1 38689112157
38689112149 2 38689177685
38689112151 1 38689112157
38689112151 2 38689177685
38689112151 6 38689177687
38689112154 1 38672334944
38689112154 7 38689177687
38689112154 6 38689177690
38689112157 1 38689177687
38689112157 7 38689177690
38689112157 1 38689177693
38689112160 1 38689177693
38689177685 1 34394275925
38689177685 1 38689243221
38689177687 1 34394275925
38689177687 1 38689243221
38689177687 7 38689243223
38689177687 2 38689243226
38689177690 7 38689243223
38689177690 8 38689243226
38689177690 4 38689243229
38689177693 1 38689243223
38689177693 6 38689243226
38689177693 5 38689243229
38689177696 1 38689243229
38689243221 1 38689308757
38689243223 1 38689308757
38689243223 6 38689308759
38689243223 3 38689308762
38689243223 1 38706085976
38689243226 3 38689308759
38689243226 12 38689308762
38689243226 4 38689308765
38689243229 5 38689308762
38689243229 10 38689308765
38689243232 2 38689308765
38689308757 3 38689374293
38689308759 3 38689374293
38689308759 11 38689374295
38689308762 3 38689374295
38689308762 15 38689374298
38689308762 1 38689374300
38689308765 8 38689374298
38689308765 10 38689374301
38689308765 1 38691274895
38689308768 1 38689374301
38689374293 3 38689374295
38689374295 2 38689374298
38689374298 4 38689374301
38689374301 2 38689374304
38706085976 1 34412691590
38706085977 1 34412691590
38707527817 1 38724436110
38707527820 1 38724436110
42967236701 1 42967302237
42967236704 1 42967302237
42967236706 1 42967302237
42967302237 5 42967302242
42967302240 5 42967367773
42967302242 5 42967367773
42967367773 1 38672400482
42967367773 6 42967367778
42967367776 3 42967433309
42967367776 3 42967433312
42967367778 3 42967433309
42967367778 3 42967433312
42967433309 2 42967433314
42967433309 4 42967498848
42967433312 1 42967498845
42967433312 8 42967498848
42967433314 2 42967498845
42967433314 3 42967498848
42967498845 1 42967498850
42967498845 1 42967564384
42967498848 1 42967564381
42967498848 13 42967564384
42967498850 1 42967564381
42967498850 2 42967564384
42967564381 1 42967564384
42967564384 1 42967564386
42984013917 1 42984013922
42984013920 1 42984079453
42984013922 1 42984079453
42984079453 1 42984079458
42984079456 1 42984144992
42984079458 1 42984144992
42984144992 1 42984210528
42984210528 1 42984276064
42984276064 1 42984341600
42984341600 1 43002757282
43002757282 1 43002888357
43002888357 1 47297986726
47312995367 1 12954501174
