51118090 1 68289236
51314690 1 51380226
51380226 1 52953089
51380227 1 52953089
52690945 1 52822021
52822021 1 52953099
52953089 1 47297724584
52953099 1 53084174
53084174 1 4348182544
67240509 1 84083548
68289194 1 68355058
68289194 1 68355061
68289195 1 68355061
68289236 1 68355116
68355058 1 85198206
68355059 1 85198206
68355061 1 4380165510
68355116 1 68421148
68355117 1 68421148
68421148 1 86245379
84083548 1 85066249
85066249 1 101909209
85066289 1 85132052
85198206 1 85264275
85264275 1 47329970646
86245379 1 43036115038
101909209 1 101974953
101974953 1 47346681133
101975031 1 47346681133
102040574 1 102040575
102040681 1 102040682
102173068 1 102173069
4348182544 1 4348182545
4363256455 1 4380099465
4380099465 1 4380165278
4380165278 1 4380231176
4380165278 1 4397008289
4380165510 1 8675198987
4380165588 1 8675198987
4380231176 1 4397074317
4380231280 1 4380231382
4380231281 1 4380231382
4396810727 1 4396876457
4396876457 1 4396942179
4396942179 1 102040574
4396942260 1 102040681
4397008289 1 4397073956
4397073956 1 102172306
4397073957 1 102172306
4397074317 1 102173068
4397074318 1 102173068
8640332201 1 8657175166
8657109319 1 8657175059
8657109320 1 8657175061
8657175059 1 8674018075
8657175061 1 8674018001
8657175166 1 8657241019
8657241019 1 8675000849
8657764374 1 4363322418
8658223872 1 8658289716
8658289716 1 8658355754
8658355754 1 8675198994
8659402797 1 8659599382
8659599382 1 4364763154
8674018075 1 4396810727
8675000849 1 8675066595
8675066595 1 4396942260
8675066596 1 4396942260
8675132658 1 4380231280
8675132659 1 4380231280
8675198987 1 8676245530
12952731686 1 12953191094
12953191012 1 12970034008
12953191093 1 12953256960
12953191094 1 12953256962
12953256960 1 8675132892
12953256961 1 8675132892
12953256962 1 12953323054
12953323054 1 8659402797
12953323055 1 8659402797
12968985462 1 17264935447
12970034008 1 8675132658
17232822340 1 12954763324
17249337410 1 17266311211
17264935447 1 17265001198
17265001198 1 17281844248
17265001199 1 17281844248
17266311211 1 17266311213
17281844248 1 21576877508
21492596788 1 38722994930
21492596794 1 38722994930
21527527514 1 21544435798
21543125653 1 25854936023
21543125654 1 25854936023
21544435798 1 21544566868
21544566868 1 21544697938
21544697938 1 21544894510
21544894510 1 21545025583
25804210239 1 25821052989
25804406844 1 17232822340
25821052989 1 21527527514
25838093072 1 25838093073
25838093072 1 25838158918
25838158918 1 21543257662
25838158919 1 21543257662
25838224968 1 25856049250
25854936023 1 25855002024
25855002024 1 25855068213
25855068011 1 30150035308
25855068213 1 25856114749
25856049250 1 21561278514
25856114744 1 21561278514
25856114749 1 30151213120
25856245818 1 25856245819
25856245818 1 25856245821
25871844717 1 25871910373
25871910858 1 25871977073
25871976922 1 25871976923
25888621523 1 25888621524
30082662471 1 30082662474
30099112007 1 25804210239
30099112010 1 25804210239
30115954764 1 30133060372
30117855352 1 30117986424
30117986423 1 30118117496
30117986424 1 30118117494
30133060211 1 25871778849
30133060331 1 30133126220
30133060372 1 34428093576
30133126220 1 25838224968
30133126221 1 25838224968
30134501496 1 30134632566
30134632566 1 30134829123
30134632566 1 30134960191
30149837348 1 30149903102
30149837388 1 30149903159
30149837389 1 30149903159
30149903102 1 30166746153
30149903103 1 30166746153
30149903159 1 30149969094
30149903215 1 30149969094
30149903327 1 30149969250
30149903328 1 30149969250
30149969018 1 30166812222
30149969019 1 30166812222
30149969094 1 30150035004
30149969175 1 25855068011
30149969250 1 25855068010
30149969252 1 30150035412
30149969253 1 30150035314
30149969331 1 30149969409
30149969332 1 30150035517
30149969409 1 30150035517
30149969409 1 30151016558
30150035004 1 25871910858
30150035314 1 30150101303
30150035412 1 25856114744
30150035413 1 25856114744
30150035517 1 30151082047
30150101303 1 30150101423
30151016558 1 25856245818
30151016561 1 25856245818
30151082047 1 25856245818
30151082049 1 25856245818
30151213120 1 30151213121
30166614484 1 30166680149
30166614485 1 30166680149
30166680149 1 21593588300
30166680207 1 30166745919
30166680263 1 30166746074
30166745919 1 25888621523
30166746074 1 30166746075
30166746153 1 25871844717
30166811917 1 30166877675
30166811918 1 30166877675
30166811919 1 30166877681
30166811920 1 30166877681
30166812222 1 30166878037
30166812223 1 30166878037
30166877683 1 30166877684
30166878037 1 25871976922
30183588927 1 30183588928
30183654301 1 34478621598
30183719931 1 30183720084
30183720083 1 30183720084
34377302101 1 34377367637
34377367637 1 34377433173
34377367639 1 34377433173
34377433170 1 34377498703
34377433173 1 34377498703
34377433173 2 34377498709
34377433175 2 34377498709
34377498703 1 34377564237
34377498706 1 34377564237
34377498709 3 34377564245
34377498711 3 34377564245
34377564237 1 30082662471
34377564239 1 30082662471
34377564245 4 34377629781
34377564247 3 34377629781
34394013781 1 34394079314
34394013781 2 34394079317
34394013783 2 34394079317
34394079314 1 34394144850
34394079317 1 34394144850
34394079317 5 34394144853
34394079319 7 34394144853
34394144850 1 34410987603
34394144853 12 34394210389
34394144853 1 34394275925
34394144855 5 34394210389
34394144855 1 34394275925
34394210389 11 34394275925
34394210389 6 34394275926
34394210389 1 34394341460
34394210389 1 34394341461
34394210391 2 34394275925
34394275925 1 34394341460
34394275925 5 34394341461
34394275925 7 34394341462
34394275925 1 34394406996
34394275926 9 34394341462
34394275927 3 34394341461
34394275928 1 34394341459
34394275928 7 34394341462
34394341459 1 34394406990
34394341460 2 34394406996
34394341461 2 34394406996
34394341461 7 34394406997
34394341461 2 34394406998
34394341462 4 34394406996
34394341462 19 34394406998
34394341462 1 34411184214
34394341464 16 34394406998
34394341464 1 34411184214
34394406990 1 34394406992
34394406996 1 34394406998
34394406996 1 34396176512
34394406996 1 34396176515
34394406996 1 34396307584
34394406996 3 34396307587
34394406998 7 34394407000
34394406998 1 34396045446
34394406998 3 34396176515
34394406998 11 34396176518
34394406998 6 34396307587
34394406998 8 34396307590
34394407000 1 34396045446
34394407000 8 34396176518
34394407000 5 34396307590
34396045446 2 34396176518
34396176512 1 34396307584
34396176515 2 34396307587
34396176518 23 34396307590
34396176518 1 34413084806
34396176521 2 34396307590
34396307584 1 34396307587
34396307587 1 34396307590
34396307590 2 34396307593
34410135928 1 34426978913
34410135929 2 34426978916
34410135929 1 34426978969
34410135930 1 34426978916
34410135960 1 34426978966
34410135961 1 34426978915
34410135961 1 34426978966
34410135962 2 34426978969
34410135994 1 34426979022
34410135994 1 34428027551
34410856533 1 34410922069
34410856533 1 34410922070
34410922068 1 34410987603
34410922069 1 34410987606
34410922070 2 34410987606
34410922070 1 34412560512
34410922072 2 34410987606
34410987603 1 34411053137
34410987603 1 34411053139
34410987604 1 34411053139
34410987606 4 34411053142
34410987606 1 34412560518
34410987608 3 34411053142
34410987608 1 34412560518
34411053137 1 34411118673
34411053139 1 34411118673
34411053139 1 34412560509
34411053142 2 34411118678
34411053142 1 34412560515
34411053142 2 34412691587
34411053142 1 34412691590
34411053144 1 34412691590
34411118673 1 34412822650
34411118675 1 34412560509
34411118678 1 34412691590
34411118678 1 34412822662
34411118680 1 34412691590
34411184214 1 34412822662
34411184216 1 34412822662
34412429446 1 34412560518
34412560509 1 30134501496
34412560509 1 34412691578
34412560512 2 34412691581
34412560515 1 34412691579
34412560515 1 34412691581
34412560515 1 34412691584
34412560518 3 34412691587
34412560518 1 34429468804
34412691578 1 30117855352
34412691579 1 30134632566
34412691581 1 34412822648
34412691584 1 34412822653
34412691587 1 34412822656
34412691587 2 34412822657
34412691587 1 34412822659
34412691587 1 34412822660
34412691590 1 34412822660
34412691590 1 34412822662
34412822648 1 30117986422
34412822650 1 30117986423
34412822651 1 30117986422
34412822653 1 34412953723
34412822656 1 34412953728
34412822657 2 34412953729
34412822659 1 34412953729
34412822659 1 34412953731
34412822660 1 34412953729
34412822662 1 34412953731
34412822662 9 34412953734
34412822664 1 34412953732
34412822665 2 34412953734
34412953723 1 34413084795
34412953728 1 34413084798
34412953729 3 34413084802
34412953731 1 34413084801
34412953731 1 34413084804
34412953732 1 34413084805
34412953734 3 34413084804
34412953734 7 34413084806
34412953734 1 34413084808
34413084806 1 34413084808
34426913114 1 34426978864
34426913145 1 34426978916
34426913146 1 34426978864
34426978864 1 34443821816
34426978864 1 34443821895
34426978913 1 30132077534
34426978915 1 34427044754
34426978916 1 34443821894
34426978916 1 34443821895
34426978916 1 34443821973
34426978965 1 30132077534
34426978966 1 34427044832
34426978969 1 34427044836
34426978969 1 34427044838
34426978969 1 34427044914
34426979022 1 34427044916
34426979022 1 34428027551
34427044754 1 30149837348
34427044832 1 30149837388
34427044836 1 34444804646
34427044838 1 38739771985
34427044914 1 34428027510
34427044916 1 34444804727
34427044916 1 38739771985
34427044917 1 38739771985
34428027510 1 34444870569
34428027549 1 30149903327
34428027550 1 30149903327
34428027550 1 34444870569
34428027551 1 34428093409
34428027551 1 34428093410
34428027711 1 34429206648
34428027712 1 34429206662
34428093409 1 34428093465
34428093410 1 30149969331
34428093410 1 34428093466
34428093465 1 30149969409
34428093466 1 30149969409
34428093576 1 34429206654
34429206648 1 25839599672
34429206654 1 30151344192
34429206654 1 34429337735
34429206661 1 34446180424
34429206662 1 34429337729
34429206662 1 34429337732
34429337729 1 34429468802
34429337732 1 34429468802
34429468802 1 34429665353
34429468802 1 34429796424
34429468804 1 34429599876
34429534281 1 34429534283
34429534282 1 34429534283
34429599876 1 34429730946
34429599879 1 34429796427
34429730946 1 34429927499
34429796424 1 34429796425
34429796427 1 34429927498
34443821816 1 30166614484
34443821894 1 34444804605
34443821895 1 34444804605
34443821895 1 34444804607
34443821896 1 34444804607
34443821973 1 34444804646
34443821976 1 34444804647
34444804605 1 30166680207
34444804605 1 30166680263
34444804607 1 4380165278
34444804645 1 30166680263
34444804646 1 34444804686
34444804646 1 34444870456
34444804647 1 34444804687
34444804647 1 34444870402
34444804686 1 34444870402
34444804687 1 34444870402
34444804688 1 34444870459
34444804727 1 34444870514
34444870402 2 34461713454
34444870405 2 34461713458
34444870456 1 30149969018
34444870457 1 30149969018
34444870459 1 34444936316
34444870460 1 34444936316
34444870514 1 30149969175
34444870569 1 30149969252
34444870569 1 30149969253
34444936316 1 34444936317
34444936712 1 30151213123
34445002414 1 34445002415
34445002518 1 34445002519
34445068733 1 34446049352
34445068734 1 34446049352
34461647564 1 34461713300
34461647565 1 34461713300
34461713300 1 30183588927
34461713301 1 30183588927
34461713454 1 30166811917
34461713454 1 30166811919
34461713455 1 30166811919
34461713458 1 34461779321
34461713458 1 34461779423
34461713459 1 34461779321
34461779321 1 30166877683
34461779322 1 30166877683
34461779327 1 34461844867
34461779423 1 30166877924
34461779424 1 30166877924
34461779429 1 34461845229
34461844867 1 30183719931
34461844868 1 30183719931
34461845229 1 34461911233
34478556134 1 30183654301
34478556135 1 30183654301
34478621726 1 34478687229
34478621964 1 34478687533
34478621965 1 34478687533
34478687229 1 34478687230
38672203863 1 38672269399
38672269397 2 38672334933
38672269399 1 34377367637
38672269399 1 38672269405
38672269399 2 38672334933
38672269399 1 38672334935
38672269402 1 38672334935
38672269402 2 38672334938
38672269405 2 38672334938
38672334933 1 38672334938
38672334933 2 38672400469
38672334935 3 38672400469
38672334935 2 38672400471
38672334938 1 38672400469
38672334938 2 38672400471
38672334938 2 38672400474
38672334941 2 38672400474
38672334941 1 38672400477
38672334944 1 38672400477
38672400469 1 34377498709
38672400469 1 38672466005
38672400469 2 38672466007
38672400471 1 17249337410
38672400471 1 34377498709
38672400471 1 38672466005
38672400471 4 38672466007
38672400471 1 38672466010
38672400474 2 38672466007
38672400474 2 38672466010
38672400477 3 38672466010
38672400477 2 38672466013
38672400480 2 38672466013
38672466005 1 34377564245
38672466005 1 38672531543
38672466007 1 34377564245
38672466007 5 38672531543
38672466007 1 38672531546
38672466010 2 38672531543
38672466010 5 38672531546
38672466010 1 38672531549
38672466013 3 38672531546
38672466013 4 38672531549
38672466016 3 38672531549
38672531543 5 38672597079
38672531543 1 38672597082
38672531546 2 38672597079
38672531546 7 38672597082
38672531549 4 38672597082
38672531549 6 38672597085
38672531552 3 38672597085
38672597077 1 38672597079
38672597079 2 38672597082
38672597082 3 38672597085
38672597085 2 38672597088
38688260269 1 38688260285
38688260269 1 38688981077
38688260269 1 38688981079
38688260269 1 38705103227
38688260269 1 38705758295
38688260270 1 38688981082
38688260270 1 38705103227
38688260270 2 38705758298
38688260270 3 38705758301
38688260270 1 42983948384
38688260285 1 8657109319
38688260285 2 34394013781
38688260285 1 34410135928
38688260285 1 34410135929
38688260285 1 34410135962
38688260285 1 34426913145
38688260285 1 38688260302
38688260285 14 38688981077
38688260285 26 38688981079
38688260285 1 38705103227
38688260285 1 38705103228
38688260285 2 38705103290
38688260285 7 38705758293
38688260285 14 38705758295
38688260285 2 38705758298
38688260285 1 38721880444
38688260286 1 8657109320
38688260286 1 34410135928
38688260286 2 34410135929
38688260286 1 34426913114
38688260286 1 34426913146
38688260286 6 38688260303
38688260286 4 38688981077
38688260286 31 38688981079
38688260286 56 38688981082
38688260286 44 38688981085
38688260286 3 38705103227
38688260286 2 38705103228
38688260286 2 38705103229
38688260286 2 38705103259
38688260286 3 38705103290
38688260286 2 38705758293
38688260286 21 38705758295
38688260286 15 38705758298
38688260286 8 38705758301
38688260286 3 38705758304
38688260286 1 38721880410
38688260286 1 38721880411
38688260286 1 38721880412
38688260286 2 38721880443
38688260286 1 38721880444
38688260286 3 42983948384
38688260286 2 43000070525
38688260286 1 43000070559
38688260286 5 43000725600
38688260286 1 43016847709
38688260286 1 43016847742
38688260287 13 38688981085
38688260287 1 38705103227
38688260287 4 38705758301
38688260287 3 38705758304
38688260287 4 42983948384
38688260287 2 43000070525
38688260287 5 43000725600
38688260287 1 47311815040
38688260301 1 34394013781
38688260301 1 34410135960
38688260301 1 34410135961
38688260301 1 34410135993
38688260301 10 38688981077
38688260301 3 38688981079
38688260301 2 38705103259
38688260302 1 34394013781
38688260302 1 34410135929
38688260302 1 34410135961
38688260302 1 34410135993
38688260302 1 38688981077
38688260302 15 38688981079
38688260302 21 38688981082
38688260302 10 38688981085
38688260302 1 38705103227
38688260302 3 38705103259
38688260302 3 38705103260
38688260302 1 38705103291
38688260302 1 38705103292
38688260302 1 38705758295
38688260302 1 38705758298
38688260302 1 38705758301
38688260302 1 38705758304
38688260302 1 42983948381
38688260302 1 43000070525
38688260302 1 43000070557
38688260302 1 43000725605
38688260303 6 38688981085
38688260303 1 38688981088
38688260303 1 38705103227
38688260303 1 38705103291
38688260303 1 38705758301
38688260303 1 38705758304
38688260303 1 42983948381
38688260303 1 43000070525
38688260303 1 43000070557
38688260303 1 43000070558
38688260303 1 43000725605
38688260317 1 8640332201
38688260317 2 34410135994
38688260317 1 34428027550
38688260317 1 38688981077
38688260317 1 38705103291
38688260317 1 43017962150
38688260318 1 12953191012
38688260318 1 34410135962
38688260318 1 34410135994
38688260318 1 38688981077
38688260318 1 38688981079
38688260318 2 38688981082
38688260318 2 38688981085
38688260318 1 38705103291
38688260318 1 43000070589
38688260318 1 43000070590
38688260319 1 38688981085
38688981077 1 68289194
38688981077 1 34377302101
38688981077 3 34394079317
38688981077 1 34394079319
38688981077 1 38672269397
38688981077 103 38688981082
38688981077 128 38689046613
38688981077 17 38689046615
38688981077 1 38705823838
38688981079 1 12953191093
38688981079 1 34377302101
38688981079 3 34394079317
38688981079 1 34394079319
38688981079 2 38672269397
38688981079 1 38688981082
38688981079 122 38688981085
38688981079 201 38689046613
38688981079 241 38689046615
38688981079 33 38689046618
38688981079 3 38689112151
38688981079 5 38705823831
38688981079 1 38705823833
38688981079 1 38705823834
38688981079 1 38705823838
38688981079 1 38722994890
38688981082 1 51118090
38688981082 1 68289194
38688981082 1 12953191093
38688981082 1 30133060331
38688981082 1 38672269397
38688981082 2 38672269399
38688981082 1 38672269402
38688981082 92 38688981088
38688981082 76 38689046613
38688981082 287 38689046615
38688981082 287 38689046618
38688981082 31 38689046621
38688981082 2 38689112151
38688981082 4 38705823831
38688981082 2 38705823834
38688981082 1 38705823837
38688981082 1 38722994890
38688981082 1 42984013922
38688981082 1 43000791138
38688981082 1 43017962189
38688981082 1 47312929488
38688981085 1 30099112007
38688981085 1 38672269399
38688981085 1 38672269402
38688981085 1 38688981088
38688981085 13 38688981090
38688981085 83 38689046615
38688981085 292 38689046618
38688981085 256 38689046621
38688981085 9 38689046624
38688981085 1 38689112154
38688981085 2 38689112157
38688981085 2 38705823837
38688981085 1 42984013917
38688981085 6 42984013920
38688981085 1 42984013922
38688981085 1 43000791138
38688981085 1 43017962189
38688981085 1 47312929488
38688981088 1 68289194
38688981088 1 30099112007
38688981088 1 34428027549
38688981088 62 38689046618
38688981088 206 38689046621
38688981088 9 38689046624
38688981088 2 38705823837
38688981088 3 42984013917
38688981088 7 42984013920
38688981090 11 38689046621
38688981090 2 42984013917
38689046613 7 34394144853
38689046613 1 38672334933
38689046613 45 38689046618
38689046613 129 38689112149
38689046613 20 38689112151
38689046615 6 34394144853
38689046615 1 34410922068
38689046615 1 38672334933
38689046615 1 38672334935
38689046615 1 38689046618
38689046615 43 38689046621
38689046615 157 38689112149
38689046615 275 38689112151
38689046615 35 38689112154
38689046615 2 38689177687
38689046615 3 38705889367
38689046615 1 38705889369
38689046618 1 30133060211
38689046618 1 38672334935
38689046618 2 38689046621
38689046618 36 38689046624
38689046618 27 38689112149
38689046618 237 38689112151
38689046618 325 38689112154
38689046618 27 38689112157
38689046618 1 38689177687
38689046618 1 38705889367
38689046618 1 38705889369
38689046618 3 38705889370
38689046621 1 25838093072
38689046621 1 30115954764
38689046621 1 30133060211
38689046621 1 38672334941
38689046621 2 38689046626
38689046621 27 38689112151
38689046621 236 38689112154
38689046621 289 38689112157
38689046621 14 38689112160
38689046621 1 38689177694
38689046621 1 38705889370
38689046621 6 38705889373
38689046621 2 42984079453
38689046621 5 42984079456
38689046624 1 38672334941
38689046624 16 38689112154
38689046624 181 38689112157
38689046624 18 38689112160
38689046624 1 38705889373
38689046624 3 42984079453
38689046624 8 42984079456
38689046626 1 38689112157
38689046626 1 42984079453
38689112149 1 34377433170
38689112149 1 34377433173
38689112149 7 34394210389
38689112149 1 38689112151
38689112149 10 38689112154
38689112149 108 38689177685
38689112149 3 38689177686
38689112149 26 38689177687
38689112149 1 38689177688
38689112149 1 38705954904
38689112151 1 25838093072
38689112151 1 34377433170
38689112151 1 34377433173
38689112151 6 34394210389
38689112151 1 38672400469
38689112151 1 38672400471
38689112151 10 38689112157
38689112151 109 38689177685
38689112151 4 38689177686
38689112151 267 38689177687
38689112151 11 38689177688
38689112151 6 38689177689
38689112151 34 38689177690
38689112151 2 38689177691
38689112151 1 38689243224
38689112151 9 38689243225
38689112151 1 38689243226
38689112151 1 38689308759
38689112151 2 38705954904
38689112154 1 4363256455
38689112154 1 25838093072
38689112154 1 38672400469
38689112154 1 38672400471
38689112154 2 38689112157
38689112154 6 38689112160
38689112154 2 38689177685
38689112154 180 38689177687
38689112154 1 38689177689
38689112154 304 38689177690
38689112154 14 38689177691
38689112154 9 38689177692
38689112154 25 38689177693
38689112154 5 38689243225
38689112154 1 38689243226
38689112154 6 38689243227
38689112154 6 38689243228
38689112154 2 38689243230
38689112154 2 38705954908
38689112154 1 38724173963
38689112157 1 38672400477
38689112157 1 38689112160
38689112157 2 38689177687
38689112157 172 38689177690
38689112157 10 38689177692
38689112157 270 38689177693
38689112157 9 38689177694
38689112157 2 38689177695
38689112157 16 38689177696
38689112157 2 38689243228
38689112157 4 38689243230
38689112157 1 38689243231
38689112157 1 38705954908
38689112157 2 38705954910
38689112157 4 42984144992
38689112160 1 8658223872
38689112160 1 38672400477
38689112160 5 38689177690
38689112160 132 38689177693
38689112160 5 38689177695
38689112160 25 38689177696
38689112160 9 42984144992
38689177685 1 17249337410
38689177685 2 34394275925
38689177685 3 34394275926
38689177685 1 34394341462
38689177685 1 34394406998
38689177685 1 38672466005
38689177685 71 38689243221
38689177685 6 38689243222
38689177685 23 38689243223
38689177685 3 38689243224
38689177685 1 38689308760
38689177685 1 38706020446
38689177686 3 38689243222
38689177686 1 38689243224
38689177687 3 34394275925
38689177687 1 34394341462
38689177687 1 34394406998
38689177687 1 38672466005
38689177687 3 38689177690
38689177687 71 38689243221
38689177687 2 38689243222
38689177687 217 38689243223
38689177687 27 38689243224
38689177687 25 38689243225
38689177687 24 38689243226
38689177687 3 38689308760
38689177687 4 38689308761
38689177687 1 38706020446
38689177688 1 34411118678
38689177688 1 34428027711
38689177688 1 34429206654
38689177688 3 38689243222
38689177688 7 38689243224
38689177688 1 38689243225
38689177688 2 38706020440
38689177688 1 38706020441
38689177689 1 34411118678
38689177689 1 34429206654
38689177689 3 38689243224
38689177689 7 38689243225
38689177689 1 38706020440
38689177689 1 38706020441
38689177690 1 38672466007
38689177690 3 38672466010
38689177690 1 38689177693
38689177690 108 38689243223
38689177690 8 38689243225
38689177690 240 38689243226
38689177690 31 38689243227
38689177690 16 38689243228
38689177690 27 38689243229
38689177690 2 38689308761
38689177690 3 38689308763
38689177690 6 38689308764
38689177690 1 38689374299
38689177691 5 38689243225
38689177691 9 38689243227
38689177691 3 38689243228
38689177692 1 21492596788
38689177692 5 38689243227
38689177692 14 38689243228
38689177692 3 38689243230
38689177693 1 38672466010
38689177693 1 38672466013
38689177693 104 38689243226
38689177693 21 38689243228
38689177693 194 38689243229
38689177693 43 38689243230
38689177693 6 38689243231
38689177693 16 38689243232
38689177693 4 38689308764
38689177693 5 38689308766
38689177693 4 38689308767
38689177693 1 38689308768
38689177693 1 38706020441
38689177693 1 38706020446
38689177693 3 42984210528
38689177694 7 38689243228
38689177694 8 38689243230
38689177694 2 38689243231
38689177694 3 38706020446
38689177695 5 38689243230
38689177695 5 38689243231
38689177695 2 38706020446
38689177695 1 38706020447
38689177695 1 42984210527
38689177696 77 38689243229
38689177696 12 38689243231
38689177696 24 38689243232
38689177696 1 38689308766
38689177696 4 38689308767
38689177696 1 38689308768
38689177696 1 42984210527
38689177696 6 42984210528
38689177696 2 42984276065
38689177697 2 38689243231
38689177697 1 38706020447
38689177697 1 42984210527
38689243221 6 34394341461
38689243221 2 34394341462
38689243221 1 34394406997
38689243221 36 38689308757
38689243221 4 38689308758
38689243221 18 38689308759
38689243221 5 38689308760
38689243222 1 34394341459
38689243222 3 34394341462
38689243222 5 38689308758
38689243222 1 38689308760
38689243223 5 34394341461
38689243223 1 34394406997
38689243223 1 38672531543
38689243223 3 38689243226
38689243223 36 38689308757
38689243223 6 38689308758
38689243223 128 38689308759
38689243223 36 38689308760
38689243223 35 38689308761
38689243223 26 38689308762
38689243223 1 38689308763
38689243223 1 38689374295
38689243223 5 38689374296
38689243223 3 38689374297
38689243224 3 34394341462
38689243224 5 38689308758
38689243224 31 38689308760
38689243224 5 38689308761
38689243225 18 38689308760
38689243225 44 38689308761
38689243225 7 38689308763
38689243225 1 38706085976
38689243226 1 34411118675
38689243226 1 38672531543
38689243226 1 38672531546
38689243226 49 38689308759
38689243226 16 38689308761
38689243226 166 38689308762
38689243226 47 38689308763
38689243226 21 38689308764
38689243226 17 38689308765
38689243226 2 38689374297
38689243226 1 38689374298
38689243226 6 38689374299
38689243226 1 38689374300
38689243227 24 38689308761
38689243227 44 38689308763
38689243227 7 38689308764
38689243227 1 38689308766
38689243228 21 38689308763
38689243228 47 38689308764
38689243228 11 38689308766
38689243228 1 38689374300
38689243228 1 38706085979
38689243228 3 38706085980
38689243229 1 25804406844
38689243229 1 38672531546
38689243229 2 38672531549
38689243229 58 38689308762
38689243229 17 38689308764
38689243229 119 38689308765
38689243229 45 38689308766
38689243229 13 38689308767
38689243229 12 38689308768
38689243229 2 38689374300
38689243229 1 38689374301
38689243229 4 38689374302
38689243229 1 38689374303
38689243230 16 38689308764
38689243230 53 38689308766
38689243230 10 38689308767
38689243230 1 38689374300
38689243230 1 38689374302
38689243230 1 38724173971
38689243231 29 38689308766
38689243231 26 38689308767
38689243231 1 38689374303
38689243231 1 38706085983
38689243231 1 42984276063
38689243231 1 42984276065
38689243232 1 38672531549
38689243232 47 38689308765
38689243232 13 38689308767
38689243232 21 38689308768
38689243232 1 38689374302
38689243232 2 42984276063
38689243232 1 42984276064
38689243232 1 42984341601
38689243233 4 38689308767
38689243233 1 42984276063
38689243233 1 42984276065
38689308757 4 34394406997
38689308757 5 34394406998
38689308757 1 38672597077
38689308757 1 38672597079
38689308757 14 38689374293
38689308757 4 38689374294
38689308757 5 38689374295
38689308757 1 38689374296
38689308758 7 34394406998
38689308758 4 38689374294
38689308759 4 34394406997
38689308759 1 34394406998
38689308759 1 38672597077
38689308759 1 38672597079
38689308759 5 38689308762
38689308759 14 38689374293
38689308759 2 38689374294
38689308759 69 38689374295
38689308759 29 38689374296
38689308759 23 38689374297
38689308759 6 38689374298
38689308759 1 38689374299
38689308760 7 34394406998
38689308760 1 34396176518
38689308760 1 34412560515
38689308760 4 38689374294
38689308760 66 38689374296
38689308760 5 38689374297
38689308761 33 38689374296
38689308761 85 38689374297
38689308761 11 38689374299
38689308761 1 38691143817
38689308762 3 38689308765
38689308762 17 38689374295
38689308762 15 38689374297
38689308762 90 38689374298
38689308762 36 38689374299
38689308762 24 38689374300
38689308762 3 38689374301
38689308762 1 42984341606
38689308763 37 38689374297
38689308763 88 38689374299
38689308763 14 38689374300
38689308763 1 38706151515
38689308764 1 38689308766
38689308764 40 38689374299
38689308764 85 38689374300
38689308764 10 38689374302
38689308764 1 38706151516
38689308764 1 38707658894
38689308765 2 38689308768
38689308765 23 38689374298
38689308765 21 38689374300
38689308765 60 38689374301
38689308765 26 38689374302
38689308765 11 38689374303
38689308765 8 38689374304
38689308765 1 42984341606
38689308766 19 38689374300
38689308766 94 38689374302
38689308766 18 38689374303
38689308766 1 38706151516
38689308766 1 38706151518
38689308766 1 38707658894
38689308767 31 38689374302
38689308767 66 38689374303
38689308767 2 38706151519
38689308767 2 42984341599
38689308767 3 42984341601
38689308768 17 38689374301
38689308768 16 38689374303
38689308768 13 38689374304
38689308768 3 42984341600
38689308768 1 42984341601
38689308769 7 38689374303
38689308769 2 42984341599
38689308769 3 42984341601
38689374293 9 38689374295
38689374294 4 34396307590
38689374294 4 38689374296
38689374295 10 38689374298
38689374296 1 34396045446
38689374296 9 34396176518
38689374296 11 34396307590
38689374296 1 34412822662
38689374296 27 38689374297
38689374296 2 38691012745
38689374296 2 38691143814
38689374296 9 38691143817
38689374296 3 38691274886
38689374296 27 38691274889
38689374296 2 38691274892
38689374297 2 34396176518
38689374297 1 34396307590
38689374297 31 38689374299
38689374297 1 38691012745
38689374297 1 38691012748
38689374297 2 38691143814
38689374297 18 38691143817
38689374297 20 38691143820
38689374297 31 38691274889
38689374297 19 38691274892
38689374298 13 38689374301
38689374299 26 38689374300
38689374299 3 38691012751
38689374299 3 38691143817
38689374299 20 38691143820
38689374299 17 38691143823
38689374299 6 38691274889
38689374299 32 38691274892
38689374299 10 38691274895
38689374299 1 38691274899
38689374299 1 38707789961
38689374299 2 38707789964
38689374300 24 38689374302
38689374300 2 38691012748
38689374300 2 38691012751
38689374300 12 38691143820
38689374300 22 38691143823
38689374300 10 38691143827
38689374300 1 38691274889
38689374300 8 38691274892
38689374300 26 38691274895
38689374300 11 38691274899
38689374300 2 38707789967
38689374300 1 43035918497
38689374301 12 38689374304
38689374302 18 38689374303
38689374302 2 38691012755
38689374302 7 38691143823
38689374302 29 38691143827
38689374302 5 38691143830
38689374302 3 38691274892
38689374302 12 38691274895
38689374302 24 38691274899
38689374302 11 38691274902
38689374302 1 38740951181
38689374302 2 42986242198
38689374303 14 38689374305
38689374303 1 38691012758
38689374303 9 38691143827
38689374303 9 38691143830
38689374303 9 38691274899
38689374303 18 38691274902
38689374303 1 38740951181
38689374303 1 42985980054
38689374303 8 42986111126
38689374303 3 42986111129
38689374303 1 42986111135
38689374303 8 42986242198
38689374303 4 42986242201
38689374305 1 38691274902
38689374305 1 42986111126
38689374305 1 42986111129
38689374305 1 42986111135
38689374305 1 42986242198
38691012745 1 38691143814
38691012745 1 38691143817
38691012748 3 38691143820
38691012748 1 38707921036
38691012751 2 38691143820
38691012751 4 38691143823
38691012751 1 38707921036
38691012755 1 38691143827
38691012758 1 38691143830
38691012758 1 38707921046
38691012758 1 42986111126
38691143814 3 34396307590
38691143814 1 34413084806
38691143814 1 38691274886
38691143817 3 34396307590
38691143817 1 34413084806
38691143817 1 38691274886
38691143817 24 38691274889
38691143817 1 38691274892
38691143820 1 38691143823
38691143820 6 38691274889
38691143820 38 38691274892
38691143820 2 38691274895
38691143820 1 38708052108
38691143823 6 38691274892
38691143823 42 38691274895
38691143823 1 38691274899
38691143823 1 38708052108
38691143827 4 38691274895
38691143827 39 38691274899
38691143827 4 38691274902
38691143830 4 38691274899
38691143830 13 38691274902
38691143830 3 42986242198
38691274886 4 38691274889
38691274889 12 38691274892
38691274892 8 38691274895
38691274895 7 38691274899
38691274899 10 38691274902
38705037486 1 38705037502
38705037502 1 8657109319
38705037502 1 34426913145
38705037503 1 8657109320
38705103227 1 38721946214
38705103227 1 38721946215
38705103227 1 38721946216
38705103227 1 38721946267
38705103227 1 38721946268
38705103228 1 38705103260
38705103228 1 38721946217
38705103229 1 38705103261
38705103229 1 43016913514
38705103229 1 43016913515
38705103259 1 38721946266
38705103259 1 38721946267
38705103259 3 38721946268
38705103259 1 38722535513
38705103260 2 38721946270
38705103260 1 38721946321
38705103260 1 43016913515
38705103261 1 38721946270
38705103261 1 43016913515
38705103290 2 38705758295
38705103290 1 38705889368
38705103291 1 34426979022
38705103291 1 38705758295
38705103291 1 38705889368
38705103291 1 38721946320
38705103292 2 38721946321
38705758293 2 34410856533
38705758293 4 38705823829
38705758293 1 38705823831
38705758295 2 34410856533
38705758295 4 38705823829
38705758295 20 38705823831
38705758295 4 38705823832
38705758295 2 38705823834
38705758298 7 38705823831
38705758298 13 38705823834
38705758298 1 38705823835
38705758298 2 38705823836
38705758298 2 38705823837
38705758298 2 38705889371
38705758301 8 38705823834
38705758301 12 38705823837
38705758301 1 38705823838
38705758301 1 38705823840
38705758301 1 38705889373
38705758304 2 38705823837
38705758304 1 38705823839
38705758304 1 38705823840
38705758304 3 43000791136
38705823829 1 34410922070
38705823829 1 34410987606
38705823829 1 38705889368
38705823829 1 38705954904
38705823831 1 34410987606
38705823831 8 38705889367
38705823831 7 38705889368
38705823831 4 38705889369
38705823831 2 38705889370
38705823831 1 38705889371
38705823831 1 38705954904
38705823831 3 38705954905
38705823831 1 38705954907
38705823832 1 34410922070
38705823832 2 38705889368
38705823832 1 38705889369
38705823833 1 38705889368
38705823833 1 38705889369
38705823833 1 38705889371
38705823834 2 38705889367
38705823834 10 38705889370
38705823834 3 38705889371
38705823834 3 38705889372
38705823834 1 38705889374
38705823834 1 38705954907
38705823834 1 38705954908
38705823835 2 38705889371
38705823836 2 38705889372
38705823837 3 38705889370
38705823837 3 38705889372
38705823837 4 38705889373
38705823837 4 38705889374
38705823837 1 38705889375
38705823837 1 38705889376
38705823837 1 38705954910
38705823838 1 38705889374
38705823838 1 38722994931
38705823839 1 38705889374
38705823839 1 38705889375
38705823840 1 38705889375
38705823840 1 38705889376
38705823840 1 38705889377
38705889367 3 38705954904
38705889367 8 38705954905
38705889368 1 34410987606
38705889368 1 34412429446
38705889368 1 34428027712
38705889368 5 38705954904
38705889368 2 38705954905
38705889369 2 38705954904
38705889369 7 38705954905
38705889369 1 38705954907
38705889370 3 38705954905
38705889370 9 38705954907
38705889370 3 38705954908
38705889371 6 38705954905
38705889371 4 38705954907
38705889371 1 38722995010
38705889372 3 38705954907
38705889372 4 38705954908
38705889372 3 38705954910
38705889373 3 38705954908
38705889373 7 38705954910
38705889373 2 38705954911
38705889374 3 38705954908
38705889374 7 38705954910
38705889375 2 38705954910
38705889375 1 38705954911
38705889375 1 38724173971
38705889376 3 38705954911
38705889377 1 38724173971
38705889377 1 43000922207
38705954904 2 34411053142
38705954904 1 34412560518
38705954904 7 38706020440
38705954904 1 38706020441
38705954905 1 38705954907
38705954905 3 38706020440
38705954905 15 38706020441
38705954905 4 38706020443
38705954905 1 38707396745
38705954905 1 38707527817
38705954905 1 38707527823
38705954907 6 38706020441
38705954907 18 38706020443
38705954907 1 38707527817
38705954907 1 38707527823
38705954908 7 38706020443
38705954908 11 38706020444
38705954908 2 38706020446
38705954908 1 38707527820
38705954910 6 38706020444
38705954910 15 38706020446
38705954910 1 38706020447
38705954910 1 38707527827
38705954910 1 38707527830
38705954911 3 38706020446
38705954911 4 38706020447
38705954911 1 38707527827
38706020440 8 38706085976
38706020440 1 38707789961
38706020441 1 34412560512
38706020441 3 38706085976
38706020441 11 38706085977
38706020441 1 38706085979
38706020441 2 38707658892
38706020441 1 38707658895
38706020443 1 38706085977
38706020443 14 38706085979
38706020443 2 38706085980
38706020443 1 38707658889
38706020443 2 38707658895
38706020443 1 38707658899
38706020444 4 38706085979
38706020444 7 38706085980
38706020444 1 38707527820
38706020444 2 38707658892
38706020444 1 38707658895
38706020444 1 38707658899
38706020446 5 38706085980
38706020446 10 38706085982
38706020446 3 38706085983
38706020446 1 38707396758
38706020446 1 38707527827
38706020446 1 38707658895
38706020446 2 38707658899
38706020447 6 38706085983
38706020447 1 43001053281
38706020449 1 43001053281
38706085976 5 34412822662
38706085976 1 38706151512
38706085976 1 38707658886
38706085976 1 38707658889
38706085977 1 38706151512
38706085977 1 38707658889
38706085977 2 38707658892
38706085977 2 38707789961
38706085977 6 38707789964
38706085979 1 38707658892
38706085979 1 38707658895
38706085979 3 38707789961
38706085979 8 38707789964
38706085979 4 38707789967
38706085980 2 38706151516
38706085980 1 38707658895
38706085980 5 38707789964
38706085980 5 38707789967
38706085980 2 38707789971
38706085980 1 38707921039
38706085982 1 38706151516
38706085982 1 38706151518
38706085982 1 38707658895
38706085982 2 38707658899
38706085982 1 38707658902
38706085982 5 38707789967
38706085982 2 38707789971
38706085982 1 38707789974
38706085983 3 38706151519
38706085983 1 38707658899
38706085983 1 42985980057
38706085983 1 43002757270
38706085983 1 43002757273
38706151512 1 38707789961
38706151515 1 38707789964
38706151516 1 38707789964
38706151516 3 38707789967
38706151518 2 38707789967
38706151519 1 38691012758
38706151519 1 38707789971
38706151519 2 38707789974
38706151519 1 43002757270
38707396745 1 34412560518
38707396758 1 43019272349
38707527817 1 38707658889
38707527820 2 38707658892
38707527823 2 38707658892
38707527827 2 38707658895
38707527827 1 38707658899
38707527830 1 43002626201
38707658886 1 34412822662
38707658889 2 34412822662
38707658889 1 34412822664
38707658889 2 38707789961
38707658892 1 38707789961
38707658892 7 38707789964
38707658892 1 38707789967
38707658894 1 34429599879
38707658895 1 38707789964
38707658895 6 38707789967
38707658899 6 38707789971
38707658899 1 38707789972
38707658902 1 38707789971
38707658902 1 38707789974
38707789961 1 34412953734
38707789961 1 38707921032
38707789961 9 38707921033
38707789964 2 38707921033
38707789964 2 38707921035
38707789964 20 38707921036
38707789964 1 38707921039
38707789964 1 38708052108
38707789964 1 38708052110
38707789967 5 38707921036
38707789967 2 38707921038
38707789967 15 38707921039
38707789967 3 38707921043
38707789971 2 38707921039
38707789971 10 38707921043
38707789971 1 38707921044
38707789971 3 38707921046
38707789972 1 38707921044
38707789974 1 38707921043
38707789974 4 38707921046
38707789974 1 43002888342
38707921032 1 34413084808
38707921033 2 38708052104
38707921033 6 38708052105
38707921033 2 38708052107
38707921035 2 38708052107
38707921036 3 38708052105
38707921036 3 38708052107
38707921036 13 38708052108
38707921036 4 38708052110
38707921036 2 38708052111
38707921038 3 38708052110
38707921039 2 38708052108
38707921039 1 38708052110
38707921039 13 38708052111
38707921039 2 38708052115
38707921041 2 38708052110
38707921043 6 38708052115
38707921043 5 38708052116
38707921044 1 38708052114
38707921044 1 38708052116
38707921046 1 38708052116
38707921046 3 38708052118
38707921046 1 38708052119
38707921046 1 43003019414
38708052104 1 38708052107
38708052105 3 38708052108
38708052107 2 38708052110
38708052108 4 38708052110
38708052108 2 38708052111
38708052110 1 38708052111
38708052110 1 38708052112
38708052111 1 38708052113
38721880410 1 38738723326
38721880411 1 38738723380
38721880412 1 43016913463
38721880442 1 38738723326
38721880443 1 38721946214
38721880443 1 38721946215
38721880444 1 38721946166
38721946166 1 38738789201
38721946214 1 12968985462
38721946214 1 34443821976
38721946215 1 12968985462
38721946215 1 38738789196
38721946215 1 38738789274
38721946216 1 38738789197
38721946216 1 38738789274
38721946217 1 38738789200
38721946218 1 38738789200
38721946266 1 34427044916
38721946267 1 38722012135
38721946268 1 38722012059
38721946268 1 38722012138
38721946268 1 38722012139
38721946268 1 38722012216
38721946270 1 38722012141
38721946270 1 38722012219
38721946320 1 38722012215
38721946321 1 38722012217
38721946321 1 38722994850
38722012059 1 34444870405
38722012135 1 34444804688
38722012136 1 34444804688
38722012138 1 38739771986
38722012139 1 38739771987
38722012141 1 38739771987
38722012215 1 38739771984
38722012216 1 38722994810
38722012216 1 38739771986
38722012217 1 38722994811
38722012218 1 38722994811
38722012219 1 38722994811
38722535513 1 38722994968
38722994810 1 38739837928
38722994811 2 38739837872
38722994811 1 38739837874
38722994812 1 38739837872
38722994850 1 38723060710
38722994850 1 38739837928
38722994890 1 38723060711
38722994930 1 38739837927
38722994931 1 38723060825
38722994968 1 34429206662
38722994969 1 34429206662
38722995010 1 38724173967
38723060710 1 34444936712
38723060711 1 38723060767
38723060766 1 34444936711
38723060767 1 34444936711
38723060825 1 38724173970
38724173963 1 34429534281
38724173967 1 38724305041
38724173970 1 38741147730
38724173971 1 38724173974
38724173971 1 38724305041
38724305041 1 38724436112
38724305041 1 38724436113
38724436112 1 38724763732
38724436113 1 38724567181
38724567181 1 38724763729
38724763729 1 38724894800
38724763733 1 38724894804
38724894804 1 38724894805
38738723326 1 38755566255
38738723378 1 38755566255
38738723380 1 38738789120
38738789120 1 38756549083
38738789196 1 38756549121
38738789197 1 38739771905
38738789200 1 38739771907
38738789201 1 38739771907
38738789201 1 38756549123
38738789274 1 38739771945
38738789278 1 38739771907
38739771905 1 34461647564
38739771907 1 38756614808
38739771907 1 38756614864
38739771945 1 34444870405
38739771947 1 38739837705
38739771948 1 38739837705
38739771984 1 34444870460
38739771985 1 34444870460
38739771985 1 38739837759
38739771985 1 38739837760
38739771986 1 38739837759
38739771987 1 38739837759
38739771987 1 43034805058
38739837705 1 38756680760
38739837759 1 38739903620
38739837759 1 38739903623
38739837759 1 38739903698
38739837760 1 38739903698
38739837760 1 43034871001
38739837817 1 38739903778
38739837818 1 38739903778
38739837872 1 38739903854
38739837872 1 38739903856
38739837873 1 38739903856
38739837874 1 43034871156
38739837927 1 38739903698
38739837928 1 38739903936
38739903620 1 34461779429
38739903623 1 38756746836
38739903698 1 34445002414
38739903698 1 34461779327
38739903778 1 34445002518
38739903854 1 34445002618
38739903855 1 34445002618
38739903856 1 38739969919
38739903936 1 43035983961
38739969919 1 34445068733
38739970027 1 38740035919
38741016661 1 38741016663
38741016662 1 38741016663
38741147730 1 38741147732
38741147731 1 38741147732
38755566255 1 8657764374
38756549083 1 43051582050
38756549121 1 38756614807
38756549123 1 38756614808
38756614807 1 38773457742
38756614808 1 38756680526
38756614808 1 38756680603
38756614809 1 38756680526
38756614864 1 38756680603
38756680526 1 38773523433
38756680603 1 34478556134
38756680603 1 38756746420
38756680760 1 38756746524
38756680761 1 38756746524
38756680762 1 38756746628
38756746420 1 34478621964
38756746524 1 38756812289
38756746525 1 38756812289
38756746628 1 38756812410
38756746836 1 43051779959
38756812410 1 34461911083
38773457742 1 38773523337
38773457743 1 38773523337
38773523337 1 43068556211
38773523433 1 34478621726
38773523439 1 43068556211
42983227583 1 43016847742
42983948381 1 42984013920
42983948384 5 42984013920
42984013917 2 42984013922
42984013917 1 42984079456
42984013920 1 38689112157
42984013920 2 42984079453
42984013920 13 42984079456
42984013922 2 42984079453
42984013922 1 42984079464
42984079453 1 42984079458
42984079453 4 42984144992
42984079456 2 42984144991
42984079456 20 42984144992
42984079456 1 42984144994
42984079456 2 42984210529
42984079456 1 43000922209
42984079458 1 42984144992
42984079458 1 42984144994
42984079464 1 47279112298
42984144991 1 42984210527
42984144991 1 42984210529
42984144992 3 42984210527
42984144992 18 42984210528
42984144992 8 42984210529
42984144993 1 42984210527
42984144993 1 42984210529
42984144994 1 42984210528
42984144994 1 42984210530
42984210527 6 42984276065
42984210528 17 42984276064
42984210528 5 42984276065
42984210528 1 42984276066
42984210528 1 42984341601
42984210529 16 42984276065
42984210529 1 42984276067
42984210530 1 42984276066
42984210530 1 42984276068
42984210531 4 42984276065
42984210531 1 42984276067
42984276063 3 42984341601
42984276064 2 42984341599
42984276064 9 42984341600
42984276064 4 42984341601
42984276065 20 42984341601
42984276065 7 42984341603
42984276066 1 42984341604
42984276067 4 42984341601
42984276067 8 42984341603
42984276068 1 42984341606
42984276070 1 42984341606
42984341599 2 42984341601
42984341599 1 42986242198
42984341601 1 38691012758
42984341601 1 42984341603
42984341601 11 42986111129
42984341601 3 42986111132
42984341601 2 42986242198
42984341601 1 42986242201
42984341601 2 42986242204
42984341603 1 42986111129
42984341603 5 42986111132
42984341603 3 42986242204
42984341603 1 42986242207
42984341606 1 42986111135
42984341606 1 43002757282
42985980054 1 43002888345
42985980057 1 42986111129
42985980057 1 43002888345
42986111126 3 42986242198
42986111126 7 42986242201
42986111129 14 42986242201
42986111129 2 42986242204
42986111132 3 42986242204
42986111132 2 42986242207
42986111135 3 42986242207
42986242198 5 42986242201
42986242201 1 42986242204
42986242204 1 42986242207
43000070525 1 43016913463
43000070525 1 43016913516
43000070525 1 43016913567
43000070526 1 43016913516
43000070557 1 43016913567
43000070558 1 43016913568
43000070559 1 43016913571
43000070589 1 43000136403
43000070590 1 43016913622
43000136403 1 38722994811
43000725600 5 43000791136
43000725605 1 43000791143
43000791136 5 43000856672
43000791136 3 43000856673
43000791138 1 43000856678
43000791143 1 43000856681
43000791145 1 43000856681
43000856672 1 43000922207
43000856672 3 43000922209
43000856672 1 43000922211
43000856673 3 43000922209
43000856675 1 43000922209
43000856678 1 43002364063
43000856681 1 52690945
43000856683 1 52690945
43000922207 2 43000987745
43000922209 7 43000987745
43000922209 2 43000987747
43000922211 1 43000987745
43000922211 3 43000987747
43000987745 3 43001053281
43000987745 1 43001053283
43000987745 2 43002626204
43000987745 1 43002757273
43000987747 4 43001053283
43000987747 2 43002626204
43001053281 4 43002757273
43001053283 1 43002757276
43001053283 3 43002757279
43001053284 1 43002757279
43002364063 1 43019272348
43002626201 1 43002757274
43002626204 2 43002757276
43002757270 1 42986111126
43002757270 1 43002888345
43002757273 6 43002888345
43002757273 1 43002888348
43002757274 1 43002888349
43002757276 3 43002888348
43002757276 1 43002888351
43002757279 2 43002888351
43002757282 1 43002888352
43002888342 1 43003019414
43002888345 1 42986242201
43002888345 5 43003019417
43002888345 1 43003019420
43002888348 2 43003019420
43002888348 1 43003019421
43002888348 1 43003019424
43002888349 1 43003019421
43002888351 1 42986242210
43002888351 1 43003019423
43002888352 1 43003019422
43002888354 1 42986242210
43003019421 1 43003019424
43016847709 1 21543125653
43016847710 1 21543125653
43016847742 1 43016913465
43016913463 1 12952731686
43016913463 1 43033756500
43016913465 1 43033756423
43016913514 1 38738789201
43016913515 1 38738789201
43016913515 1 43016979440
43016913515 1 43033756578
43016913516 1 43016979440
43016913516 1 43033756577
43016913567 1 43016979437
43016913568 1 43016979517
43016913571 1 47311946818
43016913622 1 47311946818
43016979437 1 38739771947
43016979440 1 43034739286
43016979441 1 43034739286
43016979517 1 43034739324
43017962111 1 43034805174
43017962150 1 43034805228
43017962189 1 43018028011
43018028011 1 43034871233
43019272348 1 43019403418
43019272349 1 47314567265
43019403418 1 43019534488
43019534488 1 38724763733
43033756500 1 43051516422
43033756577 1 43034739244
43033756578 1 43034739246
43034739244 1 43034805002
43034739245 1 43034805002
43034739246 1 43034805007
43034739286 1 47329772360
43034739287 1 47329772360
43034739324 1 38739837817
43034805002 1 38756680762
43034805007 1 101975031
43034805058 1 43034871002
43034805174 1 43034871160
43034805228 1 43034871234
43034871002 1 43034936924
43034871156 1 34429206661
43034871157 1 34429206661
43034871160 1 43034937328
43034871233 1 38739970027
43034871234 1 38739970027
43034871234 1 38739970126
43034871238 1 43034937328
43034937328 1 38741016661
43035983961 1 43036115036
43036115038 1 43036115040
43036115039 1 43036115040
43051516422 1 47346549408
43051582050 1 43068424966
43068424966 1 47363457738
43068556211 1 43068621701
47279112298 1 51314690
47297724584 1 47297855654
47297855654 1 43003019430
47311815040 1 67240509
47311946818 1 85066289
47311946818 1 43017962111
47311946819 1 85066289
47311946819 1 43017962111
47312929488 1 47312995312
47312995312 1 47329838537
47329772360 1 85197974
47329838537 1 43034937333
47330036704 1 43035918497
47346681133 1 47346746901
