102106295 1 47346813160
102106296 1 47346813160
4413719083 1 4413784889
4413719084 1 4413784889
4413784889 1 102106295
4413784890 1 102106295
4430430496 1 4413719083
4447142054 1 4430430496
4447142094 1 4430430496
4463067152 1 4447142054
4463067152 1 38856425562
25939673191 1 25939804262
25956450404 1 25939804260
34544549970 1 34544549975
34544549970 1 34544615509
34544549970 1 34544615511
34544549973 1 34544549975
34544615506 1 34544615511
34544615506 1 34544681045
34544615506 1 34544681047
34544681042 1 34544681047
34544681042 1 34561523797
34544681042 1 34561523799
34561327186 2 34561327191
34561327186 2 34561392725
34561327186 2 34561392727
34561327189 6 34561327191
34561327189 4 34561392725
34561327189 4 34561392727
34561392722 4 34561392727
34561392722 1 34561458258
34561392722 5 34561458261
34561392722 4 34561458263
34561392725 4 34561392727
34561392725 5 34561458261
34561392725 5 34561458263
34561392725 1 38856425557
34561392725 1 38856425559
34561392727 1 38856360026
34561458253 1 34561458258
34561458253 1 34561523794
34561458253 1 34561523797
34561458255 1 34561458258
34561458258 4 34561458263
34561458258 4 34561523797
34561458258 5 34561523799
34561458261 6 34561458263
34561458261 9 34561523797
34561458261 8 34561523799
34561458261 3 38856491093
34561458261 4 38856491095
34561523789 1 34561523794
34561523789 1 34561589330
34561523789 1 34561589333
34561523791 1 34561523794
34561523794 5 34561523799
34561523794 6 34561589333
34561523794 6 34561589335
34561523797 1 34561523799
34561523797 6 34561589333
34561523797 6 34561589335
34561523797 4 38856556629
34561523797 4 38856556631
34561523799 1 34561589333
34561523799 1 34561589335
34561589327 1 34561589333
34561589327 1 34561654869
34561589327 1 34561654871
34561589330 1 34561589335
34561589330 1 34561654869
34561589330 1 34561654871
34561589333 5 34561654869
34561589333 5 34561654871
34561589333 6 38856622165
34561589333 7 38856622167
34561654869 7 38856687701
34561654869 7 38856687703
38839517269 3 38839517274
38839517269 1 38839582805
38839517269 3 38839582807
38839517269 2 38839582810
38839517271 3 38839517274
38839517271 3 38839517277
38839517271 3 38839582810
38839517271 3 38839582813
38839517274 4 38839517277
38839517274 8 38839517280
38839517274 2 38839582810
38839517274 7 38839582813
38839517274 5 38839582816
38839517274 2 38856360029
38839517274 2 38856360032
38839517277 9 38839517280
38839517277 1 38839517282
38839517277 1 38839582813
38839517277 2 38839582816
38839517277 1 38839582818
38839517280 1 38839517282
38839582805 2 38839582810
38839582805 2 38839648341
38839582805 2 38839648343
38839582805 1 38856425559
38839582805 1 38856425562
38839582807 2 38839582813
38839582807 1 38839648343
38839582807 1 38839648346
38839582807 1 38856425559
38839582807 1 38856425562
38839582810 4 38839582816
38839582810 2 38839648346
38839582810 5 38839648349
38839582810 3 38839648352
38839582810 1 38856425562
38839582810 2 38856425565
38839582810 1 38856425568
38839582813 1 38839582818
38839582813 2 38839648349
38839582813 2 38839648352
38839582813 1 43134615648
38839582813 1 43134615650
38839648341 1 38839713877
38839648341 1 38839713879
38839648341 1 38856491093
38839648341 1 38856491095
38839648343 1 38839713879
38839648343 1 38839713882
38839648346 1 38839648352
38839648346 1 38839713882
38839648346 2 38856491098
38839648346 2 38856491101
38839648349 2 38839713885
38839648349 2 38839713888
38839648349 2 38856491101
38839648349 2 38856491104
38839713877 1 38839779413
38839713877 1 38839779415
38839713879 1 38856556631
38839713879 1 38856556634
38839713882 1 38856556634
38839713882 1 38856556637
38839713885 2 38856556637
38839713885 2 38856556640
38839779413 1 38839844949
38839779413 1 38839844951
38839844949 1 38856687701
38839844949 1 38856687703
38856294485 1 38856294487
38856294485 28 38856294490
38856294485 5 38856360021
38856294485 28 38856360023
38856294485 23 38856360026
38856294487 29 38856294490
38856294487 37 38856294493
38856294487 6 38856360023
38856294487 41 38856360026
38856294487 37 38856360029
38856294490 43 38856294493
38856294490 37 38856294496
38856294490 3 38856360026
38856294490 43 38856360029
38856294490 40 38856360032
38856294493 45 38856294496
38856294493 3 38856294498
38856294493 11 38856360029
38856294493 15 38856360032
38856294493 3 38856360034
38856294496 3 38856294498
38856360021 10 38856360023
38856360021 89 38856360026
38856360021 21 38856425557
38856360021 99 38856425559
38856360021 83 38856425562
38856360023 69 38856360026
38856360023 109 38856360029
38856360023 1 38856425557
38856360023 28 38856425559
38856360023 122 38856425562
38856360023 95 38856425565
38856360026 83 38856360029
38856360026 109 38856360032
38856360026 24 38856425562
38856360026 121 38856425565
38856360026 100 38856425568
38856360029 73 38856360032
38856360029 8 38856360034
38856360029 3 38856425562
38856360029 25 38856425565
38856360029 31 38856425568
38856360029 8 38856425570
38856360032 4 38856360034
38856425557 4 38856425559
38856425557 124 38856425562
38856425557 52 38856491093
38856425557 146 38856491095
38856425557 94 38856491098
38856425559 46 38856425562
38856425559 146 38856425565
38856425559 1 38856491093
38856425559 68 38856491095
38856425559 177 38856491098
38856425559 112 38856491101
38856425562 74 38856425565
38856425562 121 38856425568
38856425562 1 38856491095
38856425562 71 38856491098
38856425562 171 38856491101
38856425562 99 38856491104
38856425565 53 38856425568
38856425565 11 38856425570
38856425565 2 38856491098
38856425565 65 38856491101
38856425565 67 38856491104
38856425565 4 38856491106
38856425568 1 38856425570
38856491093 103 38856491098
38856491093 84 38856556629
38856491093 156 38856556631
38856491093 73 38856556634
38856491095 24 38856491098
38856491095 91 38856491101
38856491095 1 38856556629
38856491095 98 38856556631
38856491095 168 38856556634
38856491095 67 38856556637
38856491095 1 38856622167
38856491095 1 38856622170
38856491098 15 38856491101
38856491098 98 38856491104
38856491098 126 38856556634
38856491098 201 38856556637
38856491098 68 38856556640
38856491101 19 38856491104
38856491101 7 38856491106
38856491101 86 38856556637
38856491101 89 38856556640
38856491101 3 38856556642
38856491104 1 38856491106
38856556629 1 38856556631
38856556629 46 38856556634
38856556629 86 38856622165
38856556629 133 38856622167
38856556629 23 38856622170
38856556631 2 38856556634
38856556631 38 38856556637
38856556631 128 38856622167
38856556631 153 38856622170
38856556631 25 38856622173
38856556634 2 38856556637
38856556634 45 38856556640
38856556634 3 38856622167
38856556634 167 38856622170
38856556634 187 38856622173
38856556634 28 38856622176
38856556637 1 38856556640
38856556637 3 38856556642
38856556637 4 38856622170
38856556637 119 38856622173
38856556637 103 38856622176
38856556637 1 38856687709
38856556640 2 38856622173
38856556640 2 38856622176
38856622165 6 38856622170
38856622165 81 38856687701
38856622165 96 38856687703
38856622165 2 38856687706
38856622167 9 38856622173
38856622167 1 38856687701
38856622167 157 38856687703
38856622167 130 38856687706
38856622167 4 38856687709
38856622170 1 38856622173
38856622170 11 38856622176
38856622170 2 38856687703
38856622170 171 38856687706
38856622170 149 38856687709
38856622170 4 38856687712
38856622173 1 38856687703
38856622173 2 38856687706
38856622173 134 38856687709
38856622173 93 38856687712
38856622176 4 38856687709
38856622176 9 38856687712
38856687701 1 38856687706
38856687703 1 38856687709
38856687706 2 38856687712
38856687709 1 13054640174
38856687712 1 13054640174
38873399381 1 38856687703
38873399381 1 38856687706
38873399381 1 38873399386
38873399383 1 38856687706
38873399383 1 38856687709
38873399383 1 38873399386
38873399383 1 38873399389
38873399386 1 38873399389
43100668000 1 43100733567
43100668000 1 47395897451
43100733567 1 43100799027
43100733567 1 43100799079
43100799027 1 25939804260
43100799079 1 25939804262
43117445216 1 43100733567
43117445216 1 43117969513
43117903979 1 43117969513
43117969513 1 38856622170
43117969513 1 38856622173
43117969513 1 43134812260
43117969513 1 43134812261
43117969513 1 43134812262
43134615648 1 43134681186
43134681186 1 43134746720
43134681186 1 43134746722
43134746720 1 38856622173
43134746720 1 38856622176
43134812260 1 38856687706
43134812261 1 38856687706
43134812261 1 38856687709
43151261789 1 43151261792
43151261789 2 43151261794
43151261789 3 43151327328
43151261789 3 43151327330
43151261792 3 43151261794
43151261792 1 43151327328
43151261792 1 43151327330
43151327325 6 43151327330
43151327325 6 43151392864
43151327325 6 43151392866
43151327328 1 38856360034
43151327328 2 43151327330
43151392861 1 38856491101
43151392861 3 38856491104
43151392861 2 38856491106
43151392861 7 43151392866
43151392861 1 43151458397
43151392861 4 43151458400
43151392861 3 43151458402
43151392864 2 38856425570
43151392864 1 43151392866
43151458397 1 38856556637
43151458397 1 38856556640
43151458397 3 43151458402
43151458397 3 43151523933
43151458397 3 43151523936
43151523933 1 38856622173
43151523933 3 38856622176
43151589469 1 38856687709
43151589469 1 38856687712
43151589469 1 43151589474
43151589472 1 43151589474
47395635296 1 43117969513
47395635296 1 47395700896
47395700896 1 47395766480
47395766480 1 47395832041
47395832041 1 47396815088
47395897451 1 43117903979
47396814968 1 25939673191
