118817591 1 118817592
118883273 1 38707658899
135397620 1 4430430607
135856136 1 152764420
135987201 1 135987202
152174594 1 152567813
152174594 1 43102699614
152174673 1 152240244
152240244 1 4430495832
152567813 1 152698883
168034412 1 135397620
168034412 1 38839582813
168034412 1 43117772896
184811524 1 38841483404
184811524 1 47429517313
184811524 1 47429517418
184811526 1 38841483404
184942596 1 38839779420
185008139 1 25922633817
185008139 1 38839779415
185008139 1 38839779418
185073668 1 38824575120
185073668 1 43134812256
4413719163 1 118817591
4413719164 1 118817591
4413784587 1 4413850212
4413850212 1 118948611
4413850213 1 118948611
4430364879 1 4430430497
4430430497 1 4430496145
4430430607 1 4413719244
4430495911 1 4430561802
4430496145 1 4413784587
4430496146 1 4413784587
4430561802 1 43035918488
4446224397 1 4463067147
4446224397 1 38824312975
4447207489 1 4430495911
4463067147 1 184942596
4480106507 1 4447207489
4480106507 1 38839910494
4480106507 1 38839910495
4480106509 1 4447207489
8708686388 1 8708752096
8708752096 1 8708817759
8708752406 1 152764420
8708817638 1 135856136
8708817638 1 8708817639
8708817759 1 4413916376
8708817879 1 4413916376
8725332219 1 8725397854
8725397854 1 8708686388
8725397855 1 8725463448
8725397906 1 4413719163
8725397907 1 4413719163
8725463448 1 8725463449
8725463448 1 8725529106
8725463449 1 8725529106
8725529106 1 4430627314
8741060622 1 8741126165
8741060672 1 8741126318
8741126165 1 8725332219
8741126318 1 8725397906
8757772328 1 8741060672
8791654423 1 38824575115
8791654423 1 38856556637
8791654423 1 38856556640
8791654428 1 38824575115
12970034011 1 12986876942
12970034011 1 47397470378
12970034012 1 12986876942
12986876942 1 8708752406
12986942594 1 12986942595
13020299515 1 8725397855
13020299516 1 8725397855
13020430441 1 13020430442
13036027972 1 13036093541
13036093541 1 13020299515
13037142146 1 8725463448
13052739658 1 13036027972
17298489681 1 17298555407
17298489682 1 17298555407
17298555407 1 17298621225
17298621225 1 12986942594
17332043792 1 13037142146
17332043831 1 13037142146
17332109336 1 13020430441
17332109337 1 13020430441
21593522652 1 21593588377
21593588377 1 25888621417
21609251009 1 21610234156
21610234156 1 21593522652
21610234197 1 25888489950
21610299589 1 25905332422
21625962625 1 21609251009
21627011252 1 21610299589
21627011252 1 21627076749
25888489950 1 25888555754
25888555754 1 25888621523
25888621522 1 25888621523
25888621523 1 30166877438
25905332422 1 30200758337
25905332423 1 30200758337
25922502759 1 25922633817
25954943042 1 17332043792
25954943042 1 38839910489
30150035214 1 30151082047
30166877556 1 25871976315
30183391580 1 30183457309
30183457255 1 30183523059
30183522902 1 30183522903
30183522979 1 25888621522
30183522982 1 25871844615
30183523059 1 30183588927
30183588927 1 30166877556
30200168797 1 30183457255
30200234190 1 30200299726
30200234247 1 30200299726
30200234358 1 30200234359
30200234414 1 30200234415
30200234415 1 30183522979
30200496234 1 30200496235
30200758337 1 30200758339
30216945813 1 30217011349
30216945893 1 30200234190
30217011349 1 30217011350
30232805450 1 152698883
30232805450 1 38839582810
30232805450 1 38839582813
30232805453 1 152698883
30234509431 1 30234640496
30234509431 1 30234640498
30234640496 1 30234771567
34445002511 1 30151082047
34461647508 1 34461713457
34461647509 1 34461713457
34461713223 1 34461779116
34461713457 1 30150035214
34461779116 1 30166877682
34461845229 1 34461911686
34461845230 1 34461911686
34461911686 1 34461911687
34478358920 1 34478424612
34478424500 1 34478490361
34478424556 1 34478490361
34478424557 1 34478490361
34478424612 1 34461713223
34478490202 1 30183588723
34478490203 1 30183588723
34478490282 1 34478490283
34478490361 1 34461779116
34478490361 1 34478490439
34478490438 1 34478490439
34478555723 1 34478621358
34478555826 1 34478621486
34478556033 1 34478621842
34478621365 1 34478687079
34478621486 1 38773654386
34478621842 1 34478621843
34478687543 1 34478687544
34494152919 1 34495136053
34494152922 1 38790103393
34494152995 1 30183391580
34494152995 1 30200168797
34494153000 1 38790103393
34495136013 1 30200234358
34495136014 1 34495201658
34495136015 1 34495201716
34495136016 1 34495201716
34495136053 1 30200234358
34495136053 1 30200234414
34495136053 1 30200234415
34495136056 1 34495201715
34495201488 1 30200299729
34495201544 1 30183522902
34495201545 1 30183522902
34495201601 1 30183522982
34495201602 1 30183522982
34495201658 1 34495267343
34495201715 1 34478490202
34495201716 1 38773457505
34495267034 1 34495332430
34495267267 1 34495332935
34495267268 1 34495332935
34495267343 1 34478555826
34495267345 1 34478555723
34495332430 1 34495594569
34495332739 1 34495398219
34495332935 1 34495332936
34495398219 1 30200496234
34495398220 1 30200496234
34495594573 1 17332699209
34510864425 1 34510930059
34510864474 1 34510930055
34510864475 1 34510929977
34510864475 1 34510930055
34510864476 1 34510929977
34510864476 1 34510930056
34510864477 1 34510930057
34510864527 1 34494152919
34510864527 2 34494152995
34510864528 1 34494152919
34510864529 1 34494152919
34510864529 1 34510930057
34510864530 1 34494152922
34510929977 1 30216945893
34510929978 1 30216945893
34510930055 1 34495136014
34510930056 1 34495136053
34510930057 1 34495136013
34510930059 1 34495136015
34511913070 1 34495201544
34511913150 1 34495201488
34511913151 1 30200561780
34511913151 1 34495201601
34511913151 1 34511978650
34511978650 1 34512044088
34511978706 1 34512044088
34512044088 1 25922699322
34512633933 1 38807666829
34512765003 1 34512765004
34527510589 1 34544549973
34527510589 1 38839517269
34527510589 1 38839517271
34527510589 2 38841483404
34527510605 1 38822740053
34527510605 1 38822740055
34527510605 1 38841483401
34527576088 1 135397700
34527576089 1 34510864425
34527576089 1 34510864476
34527576090 1 34510864425
34527576090 1 34511913150
34527576121 1 34510864475
34527576121 1 34510864527
34527576153 2 34510864527
34527576154 1 34510864477
34529345670 1 30218059843
34529345670 1 34512699518
34529607811 1 34529738880
34529607814 1 34529738886
34544287773 1 38839517269
34544287773 1 38839517271
34544287788 1 34544549973
34544287788 1 38841483404
34544287789 6 34544549973
34544287789 2 34544549975
34544287789 4 38839517269
34544287789 4 38839517271
34544287789 2 38841352335
34544287789 3 38841483401
34544287789 4 38841483404
34544287789 1 38841483407
34544287805 1 38841483401
34544549967 1 34544549973
34544549967 1 34544615509
34544549967 1 34544615511
34544549970 1 34544549973
34544549970 22 34544549975
34544549970 3 34544615506
34544549970 26 34544615509
34544549970 20 34544615511
34544549970 1 38824706188
34544549970 2 38841483401
34544549970 1 38841483404
34544549973 29 34544549975
34544549973 20 34544615509
34544549973 11 34544615511
34544549973 1 38824706188
34544549973 5 38839582805
34544549973 5 38839582807
34544549973 7 38841483401
34544549973 4 38841483404
34544549975 4 38841483401
34544549975 3 38841483404
34544615506 13 34544615511
34544615506 1 34544681042
34544615506 16 34544681045
34544615506 11 34544681047
34544615509 21 34544681045
34544615509 11 34544681047
34544615509 10 38839648341
34544615509 9 38839648343
34544681042 2 34544681047
34544681042 2 34544746581
34544681042 1 34544746583
34544681042 1 38839713877
34544681042 1 38839713879
34544681045 1 34529738886
34544681045 22 34544746581
34544681045 4 34544746582
34544681045 12 34544746583
34544681045 3 34544746584
34544681045 1 34546516102
34544681045 9 38839713877
34544681045 6 38839713879
34544681045 1 38839713880
34544681045 1 38839779416
34544746581 19 34544812117
34544746581 3 34544812118
34544746581 10 34544812119
34544746581 2 34544812120
34544746581 1 38839779413
34544746581 2 38839779415
34544746581 1 38839844950
34544746581 1 38839844952
34544746582 2 34544812118
34544746582 2 34544812120
34544746582 1 38839779414
34544746582 2 38839779416
34544812117 11 34544877653
34544812117 6 38839844949
34544812117 1 38839844950
34544812117 5 38839844951
34544812117 2 38839844952
34544812118 2 34544877654
34544812118 2 34544877656
34544812118 1 38839844950
34544812118 3 38839844952
34544877653 9 38839910485
34544877653 2 38839910486
34544877653 2 38839910488
34544877654 2 38839910488
34546253958 1 34529607814
34546253958 1 34546253961
34546253958 2 34546385030
34546385027 1 34546385030
34546385027 2 34546516099
34546385030 2 34529738886
34546385030 1 34546385033
34546385030 1 34546516099
34546385030 18 34546516102
34546516102 2 34546516105
38724305044 1 38707658899
38756680603 1 38756746522
38756746522 1 34461845229
38756746523 1 34461845229
38773326217 1 34461647508
38773326219 1 38773391912
38773326257 1 34461647508
38773391800 1 38773457585
38773391857 1 38773457586
38773391858 1 43068424888
38773391910 1 38773457742
38773391912 1 38756680603
38773391968 1 38756680603
38773457505 1 38773523332
38773457510 1 38773523233
38773457511 1 38773523233
38773457511 1 38773523336
38773457585 1 34478556033
38773457586 1 38773523330
38773457742 1 38756746427
38773523032 1 38773588672
38773523033 1 38773588672
38773523126 1 34478621365
38773523233 1 38773589028
38773523234 1 38773589028
38773523330 1 34478621843
38773523331 1 34478621843
38773523332 1 38773655158
38773523336 1 38773589028
38773588664 1 34478686932
38773588672 1 38773654392
38773588673 1 38773654240
38773588673 1 38773654392
38773588674 1 38773654240
38773589028 1 34478687543
38773589028 1 38773654994
38773654392 1 38773654393
38773654549 1 38773654550
38789054666 1 21627011252
38789120222 1 38790103355
38789120222 1 38790103393
38789120225 1 38773391800
38789120303 1 38773326219
38789120376 1 34478358920
38789120377 1 38773326217
38789120381 1 38773326219
38790103275 1 38790168904
38790103312 1 34478424500
38790103313 1 34478424500
38790103313 1 38790168957
38790103314 1 38790168958
38790103315 1 38790168959
38790103355 1 38773391858
38790103355 1 43068359155
38790103356 1 38773391857
38790103393 1 34478424557
38790103393 1 38773391910
38790168849 1 38790234490
38790168903 1 38790234488
38790168904 1 38790234488
38790168904 1 38790234568
38790168905 1 38790234568
38790168957 1 34478490282
38790168957 1 34495267345
38790168958 1 34495267267
38790168959 1 38790234645
38790168960 1 38790234645
38790234253 1 4464312341
38790234253 1 38790299835
38790234488 1 34495332739
38790234490 1 38790300036
38790234568 1 38790300242
38790234645 1 38773523126
38790299835 1 135987201
38790300036 1 34495398220
38790300037 1 34495398220
38790300242 1 38773588664
38805766236 1 21627011252
38805766236 1 38805831882
38805766237 1 21627011252
38805766237 1 38805831882
38805766267 1 38805831879
38805766268 1 38789054666
38805766269 1 38789054666
38805831722 1 30200561780
38805831723 1 38805897281
38805831724 1 38806880449
38805831725 1 38805897284
38805831726 2 38805897284
38805831775 1 34495136056
38805831776 1 38805897359
38805831776 1 38805897361
38805831777 1 38805897361
38805831777 1 38805897362
38805831778 1 38789120225
38805831778 1 38805897362
38805831828 1 38789120222
38805831829 1 38789120222
38805831830 1 38789120225
38805831879 1 38789120376
38805831880 1 38789120377
38805831882 1 38789120303
38805897280 1 38790103312
38805897280 1 38839517277
38805897281 1 38790103312
38805897281 1 38822740057
38805897281 1 38822740059
38805897284 1 38790103275
38805897284 1 38806880491
38805897359 1 38790103313
38805897361 1 38790103314
38805897361 1 38790103355
38805897362 1 38790103315
38806028380 1 38806880450
38806028380 1 38839648349
38806880449 1 38806946006
38806880450 1 38790168957
38806880451 1 30234247283
38806880451 1 38806880492
38806880452 1 38790168849
38806880491 1 38790168903
38806880492 1 38790168849
38806946006 1 34495267034
38807273609 1 30217797695
38807273609 1 34512437374
38807666829 1 38841352329
38807666829 1 38841352332
38822477870 1 38839517271
38822477870 2 38839517274
38822477870 1 38841483404
38822477870 1 38841483407
38822477871 1 38822477886
38822477871 2 38822477887
38822477871 4 38839517277
38822477871 4 38839517280
38822477871 1 43136450710
38822477885 4 34546516102
38822477885 1 38822477886
38822477885 2 38822740053
38822477885 8 38822740055
38822477885 3 38822740058
38822477885 2 38839517269
38822477885 9 38839517271
38822477885 3 38839517274
38822477885 3 38841483401
38822477885 3 38841483404
38822477885 4 38841483407
38822477885 1 38841483411
38822477886 2 34546516099
38822477886 2 34546516102
38822477886 4 38822740055
38822477886 16 38822740058
38822477886 9 38822740061
38822477886 2 38822740064
38822477886 2 38839517271
38822477886 9 38839517274
38822477886 14 38839517277
38822477886 4 38839517280
38822477886 1 38841221267
38822477886 1 38841352329
38822477886 6 38841483401
38822477886 6 38841483404
38822477886 14 38841483407
38822477886 9 38841483411
38822477886 2 38841483414
38822477886 1 43136450710
38822477886 1 43136450713
38822477887 1 38805766267
38822477887 1 38841483404
38822477887 3 38841483407
38822477887 1 38841483411
38822477901 1 38822740053
38822477901 2 38822740055
38822477901 1 38822740058
38822477901 1 38841483404
38822477901 1 38841483411
38822477902 1 38822740061
38822477902 1 38841483414
38822543386 1 8741060622
38822543386 1 30216945813
38822543387 1 8741060622
38822543387 1 38805831723
38822543387 1 38805831724
38822543387 1 38805831776
38822543388 1 38805831725
38822543388 1 38805831726
38822543418 1 34510864530
38822543419 1 38805831722
38822543419 1 38805831775
38822543420 1 38805831776
38822543420 2 38805831777
38822543420 1 38805831829
38822543421 1 38805831778
38822543450 1 34510864529
38822543451 1 38805831828
38822543452 1 38805831880
38822740053 2 38822805589
38822740053 3 38822805591
38822740055 10 38822805591
38822740055 8 38822805594
38822740055 1 38839582807
38822740055 1 38839582810
38822740055 1 38841483404
38822740057 1 38839582807
38822740058 9 38822805594
38822740058 3 38822805597
38822740058 2 38839582810
38822740058 1 38839582813
38822740058 1 38841483404
38822740061 5 38822805597
38822740061 2 38839582813
38822740061 2 38839582816
38822740064 1 38822805600
38822805589 1 38822871125
38822805589 1 38822871127
38822805591 6 38822871127
38822805591 3 38822871130
38822805591 5 38839648343
38822805591 1 38839648346
38822805594 5 38822871130
38822805594 2 38822871133
38822805594 3 38839648346
38822805597 4 38822871133
38822805597 2 38839648349
38822805600 1 38822871136
38822871125 1 38822936662
38822871125 1 38822936664
38822871127 2 38822936664
38822871127 4 38822936665
38822871127 1 38822936667
38822871127 1 38839713880
38822871127 2 38839713881
38822871127 1 38839713883
38822871128 1 34511913151
38822871128 1 38839713888
38822871130 5 38822936667
38822871130 3 38822936668
38822871130 1 38839713883
38822871133 2 38822936668
38822871133 4 38822936670
38822871133 1 38822936671
38822871133 1 38839713886
38822871133 1 38839713887
38822871133 1 38839779422
38822871136 1 38822936671
38822871136 1 38822936673
38822936662 1 38823002200
38822936664 1 38823002200
38822936664 1 38823002201
38822936664 1 38839779416
38822936665 2 38823002201
38822936665 1 38823002203
38822936665 1 38839779417
38822936667 3 38823002203
38822936667 1 38823002204
38822936667 2 38839779419
38822936667 2 38839779420
38822936668 1 38823002204
38822936668 1 38823002206
38822936668 1 38839779420
38822936668 1 38839779422
38822936670 2 38823002206
38822936670 1 38823002207
38822936671 2 38823002207
38822936671 1 38823002209
38823002200 1 38823067736
38823002200 1 38823067737
38823002200 1 38839844952
38823002201 1 38839844952
38823002201 1 38839844953
38823002201 1 38839844955
38823002203 1 38823067739
38823002203 1 38823067740
38823002203 1 38839844955
38823002203 1 38839844956
38823002204 1 38823067740
38823002204 1 38823067742
38823002206 1 38823067742
38823002206 1 38839844959
38823002207 1 38823067743
38823002207 1 38839844959
38823067736 1 38839910489
38823067739 1 38823067740
38823067739 1 38839910491
38823067739 1 38839910492
38823067739 1 38839910494
38823067740 2 38839910492
38823067742 1 38839910494
38823067742 1 38839910495
38823067743 1 38839910495
38824181900 1 38824312975
38824181900 1 38824312977
38824181903 1 34512765003
38824181903 1 38807535754
38824312972 1 38824444041
38824312972 1 38824444044
38824312972 1 38824444046
38824444038 1 34529607811
38824444038 1 38824444041
38824444041 1 38824575115
38824444044 1 38824575113
38824444044 1 38824575116
38824444046 1 38824575120
38824444047 1 38824444051
38824444047 1 38824575116
38824444047 5 38824575119
38824444051 2 38824444054
38824444051 2 38824575123
38824444054 1 43119542425
38824575113 1 38824706185
38824575116 2 38824706188
38824575119 2 38824706188
38824575119 2 38824706191
38824575123 2 38824706195
38824575123 1 38841483411
38824575123 1 38841483414
38839255053 1 34527576088
38839255053 1 34527576089
38839255053 1 34527576090
38839255053 1 38822543388
38839255054 1 4430364879
38839255054 1 30234247283
38839255054 2 34527576089
38839255054 1 34527576090
38839255054 1 34529738886
38839255054 2 38822543386
38839255054 2 38822543387
38839255054 1 38822543388
38839255054 1 38824706188
38839255054 1 38839517271
38839255054 4 38839517274
38839255054 3 38839517277
38839255054 1 43117510685
38839255054 1 43136319641
38839255054 1 43136450713
38839255069 1 34510864474
38839255069 1 34546516102
38839255069 1 38822543387
38839255069 1 38822543419
38839255069 3 38839517269
38839255069 10 38839517271
38839255069 4 38839517274
38839255069 3 38841483401
38839255069 1 38841483404
38839255069 5 38841483407
38839255070 1 8757772328
38839255070 1 34527576121
38839255070 2 34546516102
38839255070 1 38822543386
38839255070 1 38822543387
38839255070 1 38822543388
38839255070 1 38822543418
38839255070 2 38822543419
38839255070 4 38822543420
38839255070 1 38822543421
38839255070 1 38822543452
38839255070 2 38824706188
38839255070 1 38839255071
38839255070 1 38839255085
38839255070 8 38839517271
38839255070 20 38839517274
38839255070 19 38839517277
38839255070 6 38839517280
38839255070 2 38841352342
38839255070 6 38841483401
38839255070 4 38841483404
38839255070 4 38841483407
38839255070 6 38841483411
38839255070 1 38841483414
38839255070 1 43117510717
38839255070 1 43117510750
38839255070 2 43136450713
38839255071 1 38824706188
38839255071 2 38824706195
38839255071 1 38839255087
38839255071 4 38839517277
38839255071 4 38839517280
38839255071 1 43117510750
38839255071 2 43136450710
38839255085 1 17298489681
38839255085 1 34527576121
38839255085 1 34527576153
38839255085 1 34527576154
38839255085 1 34529738886
38839255085 2 34546516102
38839255085 3 38839255086
38839255085 11 38839517269
38839255085 32 38839517271
38839255085 9 38839517274
38839255085 1 38841221257
38839255085 5 38841483401
38839255085 6 38841483404
38839255085 11 38841483407
38839255085 2 38841483411
38839255085 1 43136319644
38839255086 1 13052739658
38839255086 1 17298489681
38839255086 1 34527576121
38839255086 2 34527576153
38839255086 1 34527576154
38839255086 1 34529738886
38839255086 4 34546516102
38839255086 2 38805766236
38839255086 1 38805766268
38839255086 1 38822543419
38839255086 1 38822543450
38839255086 1 38822543451
38839255086 1 38824575119
38839255086 2 38824706188
38839255086 1 38824706191
38839255086 1 38839255087
38839255086 17 38839517271
38839255086 52 38839517274
38839255086 55 38839517277
38839255086 17 38839517280
38839255086 2 38841221257
38839255086 1 38841352335
38839255086 1 38841483398
38839255086 7 38841483401
38839255086 13 38841483404
38839255086 19 38841483407
38839255086 16 38841483411
38839255086 5 38841483414
38839255086 1 43100733533
38839255086 1 43117510718
38839255086 2 43117510749
38839255086 1 43136319644
38839255086 2 43136450710
38839255086 5 43136450713
38839255087 1 38822543451
38839255087 1 38824575119
38839255087 1 38841483407
38839255087 2 38841483411
38839255087 1 38841483414
38839255087 1 43100733533
38839255087 1 43117510718
38839255087 1 43136450713
38839255102 1 38805766267
38839255102 1 38839517277
38839255102 1 38841352335
38839255102 1 38841483404
38839255102 3 38841483407
38839255102 1 38841483411
38839255102 1 38841483414
38839517269 8 34546516102
38839517269 47 38839517271
38839517269 110 38839517274
38839517269 117 38839582805
38839517269 217 38839582807
38839517269 72 38839582810
38839517269 1 38841352329
38839517269 1 38841483398
38839517269 9 38841483401
38839517269 16 38841483404
38839517269 3 38841483407
38839517269 1 43136450713
38839517271 1 34546516099
38839517271 23 34546516102
38839517271 166 38839517274
38839517271 100 38839517277
38839517271 220 38839582807
38839517271 273 38839582810
38839517271 66 38839582813
38839517271 1 38841352329
38839517271 1 38841352332
38839517271 2 38841483398
38839517271 28 38841483401
38839517271 42 38841483404
38839517271 16 38841483407
38839517271 9 38841483411
38839517271 4 38841483414
38839517271 1 43136450713
38839517274 1 34546516099
38839517274 17 34546516102
38839517274 1 38824706185
38839517274 154 38839517277
38839517274 98 38839517280
38839517274 1 38839582807
38839517274 198 38839582810
38839517274 246 38839582813
38839517274 75 38839582816
38839517274 1 38839648346
38839517274 1 38841352332
38839517274 1 38841483398
38839517274 26 38841483401
38839517274 47 38841483404
38839517274 30 38841483407
38839517274 21 38841483411
38839517274 14 38841483414
38839517274 2 43136450710
38839517277 2 34546516102
38839517277 1 38824706185
38839517277 156 38839517280
38839517277 4 38839517282
38839517277 183 38839582813
38839517277 139 38839582816
38839517277 1 38839582818
38839517277 8 38841483401
38839517277 25 38841483404
38839517277 27 38841483407
38839517277 39 38841483411
38839517277 18 38841483414
38839517277 13 43136450710
38839517277 1 43136450713
38839517280 4 38839517282
38839517280 1 38839582813
38839517280 2 38839582816
38839517280 6 38841483404
38839517280 11 38841483407
38839517280 26 38841483411
38839517280 5 38841483414
38839517280 1 43101847711
38839517280 9 43136450710
38839517280 2 43136450713
38839582805 37 38839582810
38839582805 104 38839648341
38839582805 152 38839648343
38839582805 22 38839648346
38839582805 3 38839713879
38839582807 41 38839582813
38839582807 262 38839648343
38839582807 228 38839648346
38839582807 24 38839648349
38839582807 4 38839713879
38839582807 1 38856360029
38839582810 1 152174673
38839582810 47 38839582816
38839582810 1 38839648343
38839582810 239 38839648346
38839582810 205 38839648349
38839582810 26 38839648352
38839582810 1 38839713881
38839582810 1 38839713882
38839582810 2 38839713883
38839582810 1 38839713884
38839582810 1 38839713885
38839582810 1 38841483404
38839582813 1 152174673
38839582813 1 38839582816
38839582813 1 38839582818
38839582813 3 38839648346
38839582813 224 38839648349
38839582813 143 38839648352
38839582813 1 38841483404
38839582813 1 38841483414
38839582816 9 38839648352
38839582816 1 38839713887
38839582816 1 38839713889
38839582816 1 38841483414
38839648341 7 38839648346
38839648341 80 38839713877
38839648341 110 38839713879
38839648341 3 38839713880
38839648341 2 38839713882
38839648341 1 38839779416
38839648341 1 38839779417
38839648341 1 38839779419
38839648343 6 38839648349
38839648343 240 38839713879
38839648343 10 38839713880
38839648343 27 38839713881
38839648343 162 38839713882
38839648343 12 38839713883
38839648343 1 38839713884
38839648343 2 38839713885
38839648343 4 38839779416
38839648343 8 38839779417
38839648343 4 38839779419
38839648343 1 38856425565
38839648346 10 38839648352
38839648346 1 38839713879
38839648346 1 38839713881
38839648346 236 38839713882
38839648346 12 38839713883
38839648346 15 38839713884
38839648346 147 38839713885
38839648346 3 38839713886
38839648346 1 38839713888
38839648346 1 38839779417
38839648346 5 38839779419
38839648346 6 38839779420
38839648346 1 38839779421
38839648349 1 38839713882
38839648349 8 38839713884
38839648349 214 38839713885
38839648349 28 38839713886
38839648349 14 38839713887
38839648349 117 38839713888
38839648349 3 38839779420
38839648349 1 38839779421
38839648349 9 38839779422
38839648349 6 38839779423
38839648352 4 38839713885
38839648352 11 38839713887
38839648352 14 38839713888
38839648352 8 38839713889
38839648352 2 38839779423
38839648352 1 38839779425
38839713877 59 38839779413
38839713877 2 38839779414
38839713877 80 38839779415
38839713877 8 38839779416
38839713877 1 38839844952
38839713877 1 38841483401
38839713879 196 38839779415
38839713879 27 38839779416
38839713879 55 38839779417
38839713879 104 38839779418
38839713879 23 38839779419
38839713879 1 38839844951
38839713879 3 38839844952
38839713879 4 38839844953
38839713879 1 38839844955
38839713879 1 38841483401
38839713879 1 43101847670
38839713880 14 38839779416
38839713880 7 38839779417
38839713881 16 38839779417
38839713881 12 38839779419
38839713882 4 38839779415
38839713882 9 38839779417
38839713882 178 38839779418
38839713882 47 38839779419
38839713882 46 38839779420
38839713882 87 38839779421
38839713882 8 38839779422
38839713882 1 38839844953
38839713882 1 38839844954
38839713882 6 38839844955
38839713882 9 38839844956
38839713882 1 38839844958
38839713882 1 43102372007
38839713882 1 43136450716
38839713883 1 38839779417
38839713883 12 38839779419
38839713883 9 38839779420
38839713883 1 43102372007
38839713884 14 38839779420
38839713884 11 38839779422
38839713885 1 34512437374
38839713885 1 38839779418
38839713885 14 38839779420
38839713885 185 38839779421
38839713885 41 38839779422
38839713885 27 38839779423
38839713885 81 38839779424
38839713885 2 38839844956
38839713885 1 38839844957
38839713885 7 38839844958
38839713885 6 38839844959
38839713885 1 38839844961
38839713886 1 38839779420
38839713886 19 38839779422
38839713886 13 38839779423
38839713887 1 38839779422
38839713887 13 38839779423
38839713887 4 38839779425
38839713888 14 38839779423
38839713888 12 38839779424
38839713888 8 38839779425
38839713888 2 38839844959
38839713888 1 38841483407
38839779413 33 38839844949
38839779413 1 38839844950
38839779413 46 38839844951
38839779413 9 38839844952
38839779413 1 38839844953
38839779413 1 38839910486
38839779413 1 38839910488
38839779414 1 38839844950
38839779414 3 38839844952
38839779415 2 34546516102
38839779415 134 38839844951
38839779415 24 38839844952
38839779415 55 38839844953
38839779415 51 38839844954
38839779415 17 38839844955
38839779415 1 38839910487
38839779415 2 38839910488
38839779415 9 38839910489
38839779415 4 38839910491
38839779416 1 4464312341
38839779416 1 34511913070
38839779416 46 38839844952
38839779416 32 38839844953
38839779416 1 43101847631
38839779417 1 38839844952
38839779417 53 38839844953
38839779417 35 38839844955
38839779417 1 43101847631
38839779418 2 34546516102
38839779418 1 38839844951
38839779418 7 38839844953
38839779418 120 38839844954
38839779418 43 38839844955
38839779418 39 38839844956
38839779418 46 38839844957
38839779418 9 38839844958
38839779418 1 38839910489
38839779418 1 38839910491
38839779418 2 38839910492
38839779418 2 38839910494
38839779419 5 38839844953
38839779419 49 38839844955
38839779419 28 38839844956
38839779420 2 38839844955
38839779420 49 38839844956
38839779420 30 38839844958
38839779420 1 38839844959
38839779421 10 38839844956
38839779421 127 38839844957
38839779421 51 38839844958
38839779421 36 38839844959
38839779421 38 38839844960
38839779421 2 38839844961
38839779421 1 38839910492
38839779421 1 38839910493
38839779421 8 38839910494
38839779421 4 38839910495
38839779422 2 38839844956
38839779422 46 38839844958
38839779422 29 38839844959
38839779423 3 38839844958
38839779423 42 38839844959
38839779423 11 38839844961
38839779424 1 38839844957
38839779424 16 38839844959
38839779424 16 38839844960
38839779424 7 38839844961
38839779424 2 38839910495
38839779424 1 43136450710
38839844949 22 38839910485
38839844949 3 38839910486
38839844949 17 38839910487
38839844949 9 38839910488
38839844949 1 38839910489
38839844950 1 38839910486
38839844950 5 38839910488
38839844951 1 38839910485
38839844951 1 38839910486
38839844951 66 38839910487
38839844951 35 38839910488
38839844951 60 38839910489
38839844951 14 38839910490
38839844951 16 38839910491
38839844951 1 43085201483
38839844952 76 38839910488
38839844952 30 38839910489
38839844953 1 17332109336
38839844953 1 38807535754
38839844953 3 38839910488
38839844953 97 38839910489
38839844953 44 38839910491
38839844954 1 135987206
38839844954 1 38839910485
38839844954 1 38839910487
38839844954 6 38839910489
38839844954 68 38839910490
38839844954 38 38839910491
38839844954 41 38839910492
38839844954 21 38839910493
38839844954 7 38839910494
38839844954 1 43085201483
38839844955 1 17332109336
38839844955 1 34512699518
38839844955 1 38807535754
38839844955 6 38839910489
38839844955 93 38839910491
38839844955 28 38839910492
38839844956 1 34512699518
38839844956 6 38839910491
38839844956 81 38839910492
38839844956 30 38839910494
38839844957 1 135987206
38839844957 10 38839910492
38839844957 72 38839910493
38839844957 36 38839910494
38839844957 29 38839910495
38839844957 24 38839910496
38839844958 4 38839910492
38839844958 87 38839910494
38839844958 39 38839910495
38839844958 1 43119673497
38839844959 1 38839910494
38839844959 91 38839910495
38839844959 19 38839910497
38839844959 1 43119673497
38839844959 1 43134877793
38839844960 1 38839910494
38839844960 16 38839910495
38839844960 9 38839910496
38839844960 11 38839910497
38839910489 1 30234771567
38839910492 1 17332699209
38839910492 2 38841483407
38839910492 1 38841483414
38839910494 2 38841483407
38839910494 1 38841483414
38841221254 2 34546385030
38841221254 2 38841221257
38841221257 1 34546385030
38841221257 1 38841221260
38841221257 4 38841352329
38841221257 1 38841352332
38841221260 1 38841221263
38841221260 1 38841352329
38841221260 6 38841352332
38841221260 2 38841352335
38841221263 5 38841352335
38841221267 1 38824575123
38841221267 1 38841221270
38841221267 11 38841352339
38841221267 1 38841352342
38841221270 1 38841352342
38841352326 3 34546516102
38841352326 1 34546516105
38841352326 3 38841352329
38841352329 1 34546516102
38841352329 1 34546516105
38841352329 9 38841352332
38841352329 1 38841483398
38841352329 47 38841483401
38841352329 6 38841483404
38841352332 3 38824706188
38841352332 8 38841352335
38841352332 4 38841483401
38841352332 54 38841483404
38841352332 8 38841483407
38841352335 1 38824706191
38841352335 9 38841352339
38841352335 7 38841483404
38841352335 63 38841483407
38841352335 7 38841483411
38841352339 1 38824706195
38841352339 2 38841352342
38841352339 8 38841483407
38841352339 57 38841483411
38841352339 4 38841483414
38841352342 18 38841483414
38841352342 3 43136450710
38841483398 2 38841483401
38841483401 7 38841483404
38841483404 8 38841483407
38841483407 5 38841483411
38841483411 5 38841483414
38856294485 6 38856294490
38856294485 6 38856360023
38856294485 6 38856360026
38856294487 1 38839582807
38856294487 2 38839582810
38856294487 2 38839582813
38856294487 6 38856294490
38856294487 16 38856294493
38856294487 14 38856360026
38856294487 13 38856360029
38856294490 1 38839517277
38856294490 1 38839582813
38856294490 1 38839582816
38856294490 16 38856294493
38856294490 4 38856294496
38856294490 3 38856360029
38856294490 3 38856360032
38856294493 6 38856294496
38856294493 2 38856360029
38856294493 2 38856360032
38856360021 2 38839648343
38856360021 2 38839648346
38856360021 7 38856360026
38856360021 2 38856425557
38856360021 5 38856425559
38856360021 3 38856425562
38856360023 1 38839648343
38856360023 3 38839648346
38856360023 2 38839648349
38856360023 2 38856360026
38856360023 11 38856360029
38856360023 3 38856425559
38856360023 9 38856425562
38856360023 6 38856425565
38856360026 1 38839648346
38856360026 2 38839648349
38856360026 1 38839648352
38856360026 1 38841483411
38856360026 1 38856360029
38856360026 3 38856360032
38856360026 4 38856425562
38856360026 4 38856425565
38856360029 2 38839648349
38856360029 2 38839648352
38856360029 1 38841483411
38856360029 2 38856360032
38856360029 2 38856425565
38856360029 2 38856425568
38856425557 1 38839713879
38856425557 1 38839713882
38856425557 2 38856425562
38856425557 2 38856491093
38856425557 3 38856491095
38856425557 1 38856491098
38856425559 3 38839713879
38856425559 3 38839713882
38856425559 1 38839713885
38856425559 5 38856425565
38856425559 3 38856491095
38856425559 6 38856491098
38856425559 2 38856491101
38856425562 1 38839713879
38856425562 2 38839713882
38856425562 1 38839713885
38856425562 1 38856425565
38856425562 3 38856491098
38856425562 3 38856491101
38856425565 2 38856491101
38856425565 2 38856491104
38856491093 1 38839779413
38856491093 1 38839779415
38856491093 1 38856556629
38856491093 1 38856556631
38856491095 2 38839779415
38856491095 2 38839779418
38856491095 1 38856491101
38856491095 2 38856556634
38856491095 1 38856556637
38856491098 4 38856556634
38856491098 4 38856556637
38856491101 1 38839779421
38856491101 1 38839779424
38856491101 1 38856556637
38856491101 1 38856556640
38856491104 1 38839779421
38856491104 1 38839779424
38856491104 1 43136450713
38856556629 1 38839844949
38856556629 1 38839844951
38856556634 5 38839844954
38856556634 2 38839844957
38856556634 1 38856622170
38856556634 1 38856622173
38856556637 1 38839844956
38856556637 1 38839844957
38856556637 1 38839844958
38856556637 1 38839844960
38856622170 1 38839910490
38856622170 1 38839910493
43035918488 1 38724305044
43068359155 1 43068424968
43068490330 1 38773588673
43068555856 1 38773654549
43084087524 1 43085070653
43084087600 1 38790103356
43085070612 1 43085136258
43085070613 1 43085136259
43085070614 1 43085136261
43085070653 1 43085136315
43085136258 1 38773457510
43085136259 1 43085201868
43085136260 1 43085201868
43085136261 1 43085201948
43085136315 1 38773457511
43085201483 1 43085267143
43085201557 1 43085201558
43085201640 1 43085267347
43085201715 1 43085267444
43085201868 1 38773523032
43085201869 1 38773523032
43085201948 1 43068490330
43085267143 1 43085332953
43085267144 1 43085332953
43085267347 1 43068555856
43085267348 1 43068555856
43085267444 1 38773588673
43085267445 1 38773588673
43085332953 1 43068621547
43100733533 1 43100799127
43100799023 1 43100864582
43100799024 1 43100864584
43100799077 1 43100864664
43100799078 1 43100864664
43100799127 1 43084087600
43100799128 1 43084087524
43100799129 1 43084087524
43100864582 1 43085070612
43100864583 1 43085070612
43100864584 1 43085070613
43100864664 1 43085070614
43101847631 1 43085201640
43101847670 1 43101913253
43101847711 1 43101913253
43101913253 1 43085201557
43101913253 1 43085201715
43101913254 1 43085201557
43101978700 1 43085267143
43102240924 1 152895492
43102240924 1 43102372007
43117445167 1 38822740061
43117445167 1 38822740064
43117445167 1 38841483407
43117445167 1 43117445183
43117445167 1 43134484576
43117445182 1 38841483411
43117445183 1 38839517280
43117445183 1 38841483407
43117445183 2 38841483411
43117445183 1 43117707360
43117445199 1 38822740064
43117445199 1 38841483411
43117510685 1 43100799023
43117510717 1 43100799024
43117510718 1 43100799024
43117510718 1 43100799077
43117510749 1 21610234197
43117510749 1 21625962625
43117510750 1 43100799128
43117707360 1 43117772896
43117772896 1 43117838432
43117838432 1 38822936671
43117838432 1 38822936673
43119411350 1 43119411353
43119411350 1 43119542425
43119411360 1 38841352342
43119542425 1 38841483404
43119542425 1 38841483407
43119542425 1 43119673497
43119542425 1 43136450713
43134222351 1 38841483414
43134222351 1 43134484576
43134222351 1 43134484578
43134222366 1 38824706195
43134222366 2 38839517277
43134222366 2 38839517280
43134222366 1 38841483407
43134222367 1 38824706195
43134222367 1 38841483407
43134222367 1 38841483411
43134222367 1 43134484576
43134222367 1 43134484578
43134222382 2 38839517277
43134222382 2 38839517280
43134222382 2 38841483401
43134222383 2 38841483401
43134222383 1 38841483404
43134222383 2 38841483407
43134222383 1 38841483411
43134222383 1 38841483414
43134222383 5 43134484576
43134222383 2 43134484578
43134484573 5 38839582813
43134484573 5 38839582816
43134484573 2 38841483407
43134484573 2 38841483411
43134484573 1 43101847711
43134484573 17 43134484578
43134484573 4 43134550109
43134484573 14 43134550112
43134484573 10 43134550114
43134484576 1 38824706188
43134484576 2 38839582816
43134484576 1 38841352342
43134484576 1 38841483404
43134484576 6 38841483407
43134484576 15 38841483411
43134484576 6 38841483414
43134484576 16 43134484578
43134484576 1 43134484581
43134484576 33 43134550112
43134484576 18 43134550114
43134484578 1 38824706188
43134484578 1 38841352342
43134484578 3 38841483407
43134484578 11 38841483411
43134484578 3 38841483414
43134484578 1 43134484581
43134484578 1 43134550114
43134550109 1 38839648349
43134550109 2 38839648352
43134550109 8 43134550114
43134550109 7 43134615645
43134550109 10 43134615648
43134550112 5 38839648352
43134550112 33 43134615648
43134550112 9 43134615650
43134550114 1 43134615650
43134615645 2 38839713885
43134615645 3 38839713888
43134615645 2 43134615650
43134615645 1 43134681181
43134615645 6 43134681184
43134615648 1 38839713885
43134615648 9 38839713888
43134615648 1 43134615650
43134615648 1 43134681183
43134615648 25 43134681184
43134615648 1 43134681185
43134615648 1 43134681186
43134615648 1 43134746719
43134615648 1 43134746721
43134615650 1 43134681185
43134615650 1 43134681187
43134615653 1 43134681186
43134615653 1 43134681189
43134681181 1 38839779424
43134681181 2 43134746720
43134681183 1 38839779423
43134681183 1 38839779425
43134681184 1 38839779423
43134681184 2 38839779424
43134681184 1 38839779425
43134681184 1 38839844959
43134681184 1 38839844961
43134681184 4 43134746719
43134681184 18 43134746720
43134681184 6 43134746721
43134681184 1 43134746723
43134681184 1 43134812256
43134681185 1 43134746721
43134681185 1 43134746723
43134681186 1 43134746720
43134681186 1 43134746722
43134746719 6 38839844959
43134746719 6 38839844961
43134746719 1 43134746721
43134746720 1 38839844954
43134746720 4 38839844959
43134746720 9 38839844960
43134746720 4 38839844961
43134746720 1 38839910495
43134746720 1 38839910497
43134746720 4 43134812255
43134746720 2 43134812256
43134746720 5 43134812257
43134746721 1 43134812255
43134746721 3 43134812257
43134812255 5 38839910495
43134812255 4 38839910497
43134812256 1 38839910491
43134812256 1 38839910495
43134812256 3 38839910496
43134812256 1 38839910497
43134812257 3 38839910495
43134812257 3 38839910497
43134812259 1 34529738880
43134812259 1 38839910494
43134812259 1 38839910495
43136188566 1 43136188569
43136188566 1 43136319641
43136319638 2 43136319641
43136319638 3 43136450710
43136319638 6 43136450713
43136319641 1 43136319644
43136319641 5 43136450713
43136319641 1 43136450716
43136450710 6 43136450713
43136450713 1 43136450716
43151261789 2 43151261794
43151261789 2 43151327328
43151261789 2 43151327330
43151261792 1 43134550112
43151261792 1 43134550114
43151261792 2 43151261794
43151261792 1 43151261797
43151261794 1 38824706191
43151261794 1 43151327328
43151261794 1 43151327330
43151261797 1 38824706191
43151327325 1 38841483411
43151327325 1 43134615648
43151327325 1 43134615650
43151327325 3 43151327330
43151327325 3 43151392864
43151327325 3 43151392866
43151327328 1 38841483411
43151392861 2 43134681181
43151392861 2 43134681184
43151392861 3 43151392866
43151392861 1 43151458400
43151392861 1 43151458402
43151458397 1 43151458402
43151458397 1 43151523936
43151523936 1 43134812256
47397470378 1 43119411360
47397535841 1 43102699614
47429517313 1 43134615653
47429517313 1 43134615656
