17629185 1 34471940
17629290 1 34471940
17891329 1 17891434
17891332 1 17891434
34471940 1 34537478
34471942 1 34537478
34537478 1 34603018
34603018 1 34668554
34668546 1 36569093
34668554 1 4348051471
34668652 1 36569093
36569093 1 36569096
51183626 1 68289275
53215233 1 53346306
53346306 1 53346310
68289275 1 68355115
68355115 1 47314108586
4346347539 1 8642756642
4348051471 1 4348182543
4348051474 1 4348182543
4348182543 1 4348313615
4348182546 1 4348313615
4348313615 1 4348313618
4348313617 1 4348313618
4363256535 1 8658289659
4364894223 1 4364894225
4364894224 1 4364894225
8642756642 1 8659664927
8658289659 1 8675198687
8659664927 1 4364894223
8675198687 1 12987008929
12987008929 1 12987074843
17249337415 1 8659861530
21509308469 1 17249337415
21509308470 1 17249337415
30134829125 1 30134960195
30134960195 1 30134960196
34394275922 1 34394341458
34394275925 1 34394341458
34394341458 1 34394406991
34394406991 1 34396307578
34412560512 1 34429468795
34429468795 1 34429599865
34429599865 1 30134829125
38672269402 1 38672269408
38672269405 1 38672269410
38672269405 1 38672334935
38672269408 1 38672334935
38672269408 1 38672334941
38672269410 1 38672334941
38672334935 1 38689177685
38672334938 1 38689177685
38672334941 2 38672334946
38672334944 2 38672400477
38672334946 2 38672400477
38672400477 3 38672400482
38672400477 4 38672466013
38672400480 7 38672466013
38672400482 3 38672466013
38672466013 11 38672531549
38672466016 11 38672531549
38672531549 2 38672531552
38672531549 10 38672597085
38672531549 1 38672597088
38672531552 9 38672597085
38672531552 4 38672597088
38672597085 11 38672597088
38689112151 1 38705954904
38689112154 2 38705954904
38689177685 1 34394275922
38689177687 1 34394275922
38689177693 1 38689243229
38689243229 1 38689308765
38689243232 1 38689308765
38689308765 1 38689374299
38689374299 1 38691274889
38689374300 1 38691274889
38705954904 1 34412560512
38705954904 1 38706020440
38705954905 1 38706020440
38706020440 1 38707527820
38707527820 1 38707658894
38707658894 1 38707658897
38707658895 1 38707789972
38707658897 1 38707789972
38707789972 1 38707921045
38724305042 1 34429665355
42950787176 1 42950787178
42967171165 34 42967171170
42967171168 1 38672269405
42967171168 59 42967171173
42967171168 32 42967236701
42967171168 6 42967236704
42967171168 1 42967236706
42967171168 1 42983948389
42967171168 1 42984013917
42967171168 1 42984013920
42967171170 1 38672269402
42967171170 1 38672269405
42967171170 50 42967171176
42967171170 33 42967236701
42967171170 60 42967236704
42967171170 11 42967236706
42967171170 1 42984013917
42967171170 4 42984013920
42967171170 1 42984013922
42967171170 1 42984013925
42967171173 1 38672269402
42967171173 28 42967171178
42967171173 1 42967236701
42967171173 51 42967236704
42967171173 39 42967236706
42967171173 19 42967236709
42967171173 3 42984013920
42967171173 2 42984013922
42967171173 2 42984013925
42967171176 31 42967236706
42967171176 47 42967236709
42967171176 1 42967236712
42967171176 1 42984013922
42967171176 6 42984013925
42967171176 2 42984013928
42967171178 27 42967236709
42967171178 1 42967236712
42967171178 3 42984013925
42967171178 2 42984013928
42967236609 2 42967236714
42967236701 66 42967236706
42967236701 1 42967302237
42967236701 1 42967302240
42967236704 1 38672334941
42967236704 135 42967236709
42967236704 53 42967302237
42967236704 19 42967302240
42967236704 1 42967302242
42967236704 1 42984079453
42967236704 1 42984079456
42967236706 1 17629185
42967236706 1 38672334941
42967236706 1 38689112151
42967236706 1 38689112154
42967236706 99 42967236712
42967236706 55 42967302237
42967236706 130 42967302240
42967236706 44 42967302242
42967236706 1 42984079453
42967236706 4 42984079456
42967236706 3 42984079458
42967236709 59 42967236714
42967236709 1 42967302237
42967236709 104 42967302240
42967236709 120 42967302242
42967236709 51 42967302245
42967236709 2 42967302248
42967236709 1 42967302250
42967236709 2 42984079456
42967236709 3 42984079458
42967236709 1 42984079461
42967236709 1 43000856679
42967236712 1 17629185
42967236712 1 51183626
42967236712 1 38689112151
42967236712 1 38689112154
42967236712 1 42967302240
42967236712 80 42967302242
42967236712 109 42967302245
42967236712 10 42967302248
42967236712 1 42967302250
42967236712 3 42984079461
42967236712 1 43000856679
42967236712 2 47262269544
42967236714 54 42967302245
42967236714 8 42967302248
42967236714 2 42984079461
42967236714 2 47262269544
42967302145 1 42967302250
42967302145 1 47262269546
42967302237 86 42967302242
42967302237 2 42967367773
42967302240 5 38672400477
42967302240 1 38672400480
42967302240 154 42967302245
42967302240 58 42967367773
42967302240 68 42967367776
42967302240 1 42984144992
42967302242 5 38672400477
42967302242 1 38672400480
42967302242 1 38689177693
42967302242 141 42967302248
42967302242 59 42967367773
42967302242 186 42967367776
42967302242 81 42967367778
42967302242 2 42967367781
42967302242 2 42984144992
42967302242 5 42984144994
42967302242 1 43000922215
42967302242 1 47295889516
42967302245 1 21509308469
42967302245 1 38689177693
42967302245 85 42967302250
42967302245 1 42967367773
42967302245 117 42967367776
42967302245 181 42967367778
42967302245 100 42967367781
42967302245 2 42984144992
42967302245 5 42984144994
42967302245 5 42984144997
42967302245 1 47295889516
42967302248 1 42967302250
42967302248 99 42967367778
42967302248 165 42967367781
42967302248 31 42967367784
42967302248 5 42984144997
42967302248 1 42984145000
42967302248 1 47262335080
42967302248 1 47279112296
42967302250 67 42967367781
42967302250 31 42967367784
42967302250 1 42984145000
42967302250 3 47262335080
42967302250 1 47279112296
42967367773 59 42967367778
42967367773 3 42967433309
42967367773 3 42967433312
42967367776 4 38672466013
42967367776 2 42967367778
42967367776 97 42967367781
42967367776 40 42967433309
42967367776 122 42967433312
42967367776 7 42967433314
42967367778 1 4363256535
42967367778 4 38672466013
42967367778 96 42967367784
42967367778 40 42967433309
42967367778 183 42967433312
42967367778 130 42967433314
42967367778 2 42967433317
42967367778 5 42984210530
42967367781 72 42967367786
42967367781 2 42967433309
42967367781 67 42967433312
42967367781 185 42967433314
42967367781 133 42967433317
42967367781 6 42967433320
42967367781 4 42984210530
42967367781 1 42984210533
42967367784 65 42967433314
42967367784 185 42967433317
42967367784 51 42967433320
42967367784 6 47262400616
42967367786 55 42967433317
42967367786 45 42967433320
42967367786 4 47262400616
42967433309 3 38672531552
42967433309 1 42967433312
42967433309 37 42967433314
42967433309 3 42967498848
42967433312 2 38672531549
42967433312 4 38672531552
42967433312 1 38672597088
42967433312 43 42967433317
42967433312 9 42967498845
42967433312 157 42967498848
42967433312 14 42967498850
42967433312 3 42984276064
42967433314 1 4346347539
42967433314 2 38672531549
42967433314 43 42967433320
42967433314 9 42967498845
42967433314 173 42967498848
42967433314 173 42967498850
42967433314 9 42967498853
42967433314 2 42984276064
42967433314 2 42984276066
42967433317 1 4346347539
42967433317 39 42967433322
42967433317 27 42967498848
42967433317 173 42967498850
42967433317 162 42967498853
42967433317 14 42967498856
42967433317 1 42984276066
42967433317 4 42984276069
42967433317 1 42984276072
42967433320 1 42967498848
42967433320 23 42967498850
42967433320 171 42967498853
42967433320 72 42967498856
42967433320 3 42984276069
42967433320 3 42984276072
42967433320 1 47262466049
42967433320 7 47262466152
42967433322 18 42967498853
42967433322 53 42967498856
42967433322 1 42984276072
42967433322 1 47262466049
42967433322 8 47262466152
42967498845 1 38672597085
42967498845 6 42967498850
42967498845 2 42967564384
42967498848 1 38672597085
42967498848 3 38672597088
42967498848 1 42967498850
42967498848 7 42967498853
42967498848 2 42967564381
42967498848 153 42967564384
42967498848 25 42967564386
42967498848 4 42984341600
42967498850 3 42967498853
42967498850 9 42967498856
42967498850 2 42967564381
42967498850 132 42967564384
42967498850 189 42967564386
42967498850 24 42967564389
42967498850 3 42984341600
42967498850 2 42984341602
42967498850 1 42984341608
42967498853 1 42967498856
42967498853 8 42967498858
42967498853 4 42967564384
42967498853 135 42967564386
42967498853 177 42967564389
42967498853 21 42967564392
42967498853 1 42984341602
42967498853 1 42984341608
42967498856 5 42967564386
42967498856 134 42967564389
42967498856 92 42967564392
42967498856 6 47262531688
42967498858 2 42967564389
42967498858 44 42967564392
42967498858 6 47262531688
42967564381 2 42967564384
42967564384 104 42967564386
42967564384 1 42967564389
42967564386 117 42967564389
42967564386 1 42967564392
42967564389 109 42967564392
42967564392 31 42967564394
42983948386 1 42984013920
42983948389 1 42984013920
42984013917 1 42984013922
42984013920 2 42984013925
42984013920 1 42984079453
42984013920 3 42984079456
42984013922 1 42984013928
42984013922 1 42984079453
42984013922 4 42984079456
42984013922 2 42984079458
42984013925 3 42984013930
42984013925 1 42984079456
42984013925 2 42984079458
42984013925 3 42984079461
42984013925 1 43000856679
42984013928 5 42984079461
42984013928 2 42984079464
42984013928 1 43000856679
42984013928 1 47279046760
42984013930 2 42984079461
42984013930 2 42984079464
42984013930 1 47279046760
42984079453 2 42984079458
42984079456 2 42984079461
42984079456 8 42984144992
42984079458 9 42984144992
42984079458 6 42984144994
42984079461 3 42984079466
42984079461 1 42984144992
42984079461 6 42984144994
42984079461 4 42984144997
42984079461 1 42984145000
42984079464 4 42984144997
42984079464 5 42984145000
42984079466 6 42984145000
42984144992 1 38689243229
42984144992 9 42984210528
42984144992 3 42984210530
42984144994 9 42984210528
42984144994 13 42984210530
42984144997 10 42984210530
42984144997 9 42984210533
42984145000 8 42984210533
42984145000 7 42984210536
42984145002 7 42984210536
42984210528 8 42984276064
42984210528 1 42984276066
42984210530 6 42984276064
42984210530 16 42984276066
42984210530 3 42984276069
42984210533 7 42984276066
42984210533 6 42984276069
42984210533 6 42984276072
42984210536 3 42984276069
42984210536 13 42984276072
42984210538 2 42984276072
42984276064 1 42984276066
42984276064 10 42984341600
42984276066 6 42984341600
42984276066 15 42984341602
42984276066 1 42984341603
42984276066 2 42984341605
42984276069 1 42967564389
42984276069 2 42984341602
42984276069 8 42984341605
42984276069 3 42984341608
42984276072 1 42984341605
42984276072 17 42984341608
42984276072 1 47279308904
42984276072 1 47279308906
42984276074 1 42984341608
42984276074 1 47279308904
42984276074 1 47279308906
42984341600 1 38691274902
42984341600 6 42984341602
42984341600 1 42986242204
42984341602 1 42984341605
42984341602 1 42986242204
42984341603 1 42986242201
42984341604 1 42986242201
42984341605 1 42984341608
42984341608 1 42984341610
42984341608 1 47297724584
43000856679 1 43000856681
43000856679 1 43002364066
43000856681 1 43002364066
43000922215 1 43017962310
43002364066 1 43019272351
43017962310 1 43019141276
43019141276 1 38724305042
43019272351 1 43019403424
43019272354 1 43019403424
43019403424 1 43019534497
43019534497 1 43019731035
43019731035 1 43019862108
47262269544 3 47262335080
47262269546 1 47262335080
47262335080 4 47262400616
47262335082 6 47262400616
47262400616 10 47262466152
47262400618 9 47262466152
47262466049 1 47262466154
47262466152 1 17891329
47262466152 1 42950787176
47262466152 1 47262466154
47262466152 15 47262531688
47262466154 1 17891329
47262466154 1 42950787176
47262466154 15 47262531688
47262531688 21 47262531690
47279046760 1 47279112296
47279046762 1 47279112296
47279112296 1 47279177832
47279112296 1 47279243370
47279112298 1 47279177832
47279112298 1 47279243370
47279177832 1 47279243368
47279177834 1 47279243368
47279243368 1 47279308906
47279243370 1 34668546
47279243370 1 47279308906
47279308904 1 47279308906
47295889516 1 47314108581
47297724584 1 53215233
