34406401 1 34471937
34406401 1 34471938
34406506 1 34471937
34406506 1 34471938
34471937 1 34537475
34471938 1 51380229
34471939 1 51380229
34537475 1 34603013
34603010 1 34668546
34603013 1 34668549
34603116 1 34668546
34668546 1 36306949
34668546 1 36569093
34668549 1 36438028
34668652 1 36569093
36306945 2 36438017
36306949 1 36438024
36438017 5 36569089
36438017 2 36569093
36438021 1 36569093
36438024 1 36569096
36438028 1 36569103
36438031 1 36569103
36569089 2 36569093
50397537 1 67240510
50397569 1 67240562
50397570 1 67240564
50397570 1 67240615
50397601 1 51052551
50397601 1 67240613
50397602 1 51052551
51052546 1 47312929489
51052551 1 47314108585
51380226 1 36306949
51380226 1 53084165
51380229 1 52953096
51380332 1 53084165
52690945 1 52822017
52691112 1 52822017
52822017 1 52953090
52953089 1 53084162
52953089 1 53084165
52953090 1 53084166
52953094 1 53084166
53084161 4 53215233
53084162 1 53215234
53084165 2 53215237
53084165 1 53215240
53084166 1 53215239
53215233 2 53346306
53215233 2 53346309
53215234 1 53346308
53215237 2 53346312
53346312 1 53346313
67174722 1 30115823689
67240509 1 67306411
67240509 1 84083549
67240510 1 84083472
67240561 2 67306411
67240562 1 67306411
67240562 1 67306413
67240563 1 67306413
67240564 1 67306414
67240613 1 67306487
67240614 1 67306487
67240615 1 67306491
67240616 1 67306491
67306411 1 85066251
67306412 1 85066251
67306413 1 85066292
67306414 1 85066291
67306487 1 67306488
67306487 1 85066289
67306488 2 17248158312
67306491 1 85066331
67829762 1 68289234
67829763 1 68289234
68289153 1 68355002
68289193 1 47312995368
68355002 1 85198207
68355057 1 69468170
69468164 1 4364763146
84083472 1 101843427
84083549 1 85131996
85066251 1 85131997
85066289 1 85132050
85066289 1 85132051
85066291 1 85132051
85066292 1 4380099294
85066329 1 85132051
85066331 1 85132107
85131996 1 101975037
85131997 1 4396942335
85132050 1 101975115
85132051 1 85197893
85132051 1 85197897
85132107 1 85198050
85132217 1 4381409296
85197893 1 43051714034
85197897 1 102040989
85197970 1 43051714034
85198207 1 85264381
85264381 1 86310917
85330033 1 85396301
86441985 1 86441986
101843427 1 4396876398
101974954 1 4397008082
101975037 1 4397008186
102040989 1 4397074078
4346019858 1 8658223793
4346019859 1 8658223793
4364763146 1 4364894222
4380033590 1 25838158866
4380033630 1 25838158866
4380099294 1 4396942337
4380231179 1 4397074081
4381409296 1 8659730452
4396810685 1 4413653558
4396876398 1 4396942103
4396942103 1 8708752197
4396942335 1 4397008190
4396942337 1 8691975489
4397074078 1 4397140073
4397074081 1 4397139911
4397139911 1 4397139912
4413653558 1 4413719160
4413653559 1 4413719160
8658223714 1 8675066765
8658223754 1 8675066765
8658223793 1 12953257015
8658223794 1 12953257015
8658223832 1 8658289603
8658289603 1 8675132654
8675066765 1 8675132735
8675132654 1 4380231179
8675132655 1 4380231179
8675132735 1 8675198784
8675198784 1 4380297588
12953257015 1 17249337405
12969968190 1 12970033954
12970033954 1 12970099801
12970099801 1 12970099802
12970231842 1 12987075144
12987075144 1 12987075296
17214341162 1 17214406701
17214341164 1 17214406701
17214406701 1 17232691271
17214472239 1 38722994851
17230266797 1 17247109816
17232691271 1 17232822346
17232822346 1 17232953419
17232953419 1 21528051788
17247109816 1 17247175699
17247175699 1 12969968190
17248158312 1 17248158352
17248158313 1 17265001366
17248158352 1 17265001366
17265001366 1 17265067262
17265001367 1 17265067262
17265067262 1 17265133189
17265133189 1 12970231842
17265133190 1 12970231842
21492727858 1 21511274573
21492727860 1 21511274573
21509308471 1 43034805116
21509308474 1 43034805116
21509505078 1 38739904091
21511274573 1 21511405645
21527920718 1 21544894512
21542143003 1 21559902828
21543125813 1 21544304721
21543257666 1 21561081941
21544304721 1 17266311210
21559902828 1 21559968612
21559968612 1 21560034569
21559968668 1 21560034569
21560034569 1 25855067903
21561081941 1 17266311212
25820856378 1 25837699133
25820856379 1 25837699133
25821052989 1 21543125813
25821052990 1 21543125813
25836978547 1 25853821478
25837699133 1 25838093031
25838092991 1 25838158809
25838093031 1 25838158922
25838093032 1 25838158920
25838158809 1 25855002026
25838158865 1 25855002026
25838158866 1 25855002025
25838158867 1 25855002025
25838158920 1 21543257666
25838158922 1 30134239340
25853821478 1 25853887211
25853887211 1 43000725609
25853887212 1 43000725609
25855001790 1 25855001791
25855002025 1 25855068106
25855002026 1 25855068112
25855067903 1 25855134000
25855068005 1 25855134000
25855068106 1 25855068208
25855068112 1 25855134122
25855068207 1 21561147439
25855068208 1 21561147439
25855134000 1 30151082050
25871778695 1 25871778696
30099374156 1 43017962271
30115823689 1 30132666441
30115823691 1 30132666441
30115889224 1 25838093032
30117724280 1 30117855346
30132666441 1 30133060372
30132666443 1 30133060372
30133060211 1 30149903211
30133060331 1 30133126276
30133060332 1 30133126276
30133060372 1 30133126280
30133126276 1 25839272035
30133126280 1 34429206651
30134239340 1 30134370422
30134239353 1 30151213121
30149903159 1 30149969091
30149903160 1 30149969091
30149903211 1 25855001790
30149969091 1 30149969092
30150035212 1 30150035213
30150035316 1 25856114746
30150035417 1 25856114746
30166680262 1 25871778695
30166811715 1 30166811818
30166811716 1 30183654537
30166811818 1 30183654537
30166812120 1 30166812121
30166944078 1 30166944079
30166944233 1 30166944234
30183588927 1 30183588928
30183654537 1 30183720224
34410135961 1 34426979019
34410135993 1 34410201802
34410135993 1 34426979019
34410201802 1 30133060211
34410856529 1 30133060331
34410856531 1 30133060331
34412429443 1 34412560509
34412560509 1 30117724280
34412822662 1 34412953732
34412953732 1 34413084804
34412953736 1 34413084804
34426978865 1 34443821895
34426979019 1 4396810685
34427044759 1 34444804647
34427044915 1 34444804686
34428027591 1 34428093466
34428027592 1 34428093466
34428027630 1 30149903326
34428027632 1 34428093523
34428093466 1 30134239345
34428093523 1 30134239353
34429206651 1 34429337726
34429206653 1 34429206654
34429337726 1 38724763729
34429337734 1 34429468808
34429337736 1 34429468808
34429468808 1 34429599877
34429599877 1 34429927500
34429730951 1 34429927501
34429927500 1 34429927501
34443821895 1 34444804605
34444804605 1 30166680262
34444804647 1 34461647562
34444804686 1 30149903159
34444804688 1 34444870459
34444870459 1 30149969019
34444870516 1 34444936318
34444870572 1 34444936552
34444870573 1 34444936553
34444936318 1 30166812120
34444936319 1 30166812121
34444936319 1 34444936320
34444936399 1 30150035212
34444936474 1 34444936475
34444936477 1 30150035212
34444936552 1 30150035316
34444936553 1 30150035316
34444936553 1 30150035519
34444936631 1 30150035519
34461647562 1 34461713299
34461647564 1 34461713378
34461713299 1 30166811715
34461713301 1 30183588927
34461713378 1 30166811816
34461713382 1 34461779121
34461779121 1 34461844747
34461779122 1 34461844747
34461779428 1 34461845345
34461779529 1 34461845346
34461779530 1 34461845346
34461844747 1 34478687686
34461845345 1 30166944078
34461845346 1 30166944078
34461845346 1 30166944233
34461911234 1 34461911235
34478490282 1 34478490283
34478621724 1 34478621725
38688981085 1 38689046621
38688981085 1 38689046624
38688981088 1 38689046621
38688981088 2 38689046624
38688981088 1 38705823840
38689046621 2 38689046626
38689046621 6 38689112157
38689046621 1 38705889369
38689046624 7 38689112157
38689046624 2 38705889373
38689046626 2 38689112157
38689112157 7 38689177693
38689112157 1 38689177694
38689112157 1 38689177696
38689112157 1 38705954908
38689112160 6 38689177693
38689112160 7 38689177696
38689177693 1 38689243226
38689177693 5 38689243229
38689177693 2 38689243232
38689177693 1 38706020446
38689177694 1 38689243230
38689177695 1 38689243230
38689177695 1 38706020447
38689177696 1 38689243226
38689177696 4 38689243229
38689177696 2 38689243231
38689177696 8 38689243232
38689177697 1 38689243231
38689177697 1 38706020447
38689243226 1 38689308763
38689243229 1 38689308764
38689243229 4 38689308765
38689243230 1 38689308766
38689243231 4 38689308767
38689243232 4 38689308765
38689243232 7 38689308767
38689243232 7 38689308768
38689243233 4 38689308767
38689308763 1 38689374299
38689308764 1 38689374299
38689308764 1 38689374300
38689308765 1 38689308768
38689308765 2 38689374302
38689308765 1 38689374303
38689308766 1 38706151518
38689308767 1 38689374302
38689308767 17 38689374303
38689308767 1 38706151519
38689308768 1 38689374302
38689308768 7 38689374303
38689308768 6 38689374304
38689308769 10 38689374303
38689308769 1 38706151519
38689374299 1 38691143817
38689374300 1 38691143820
38689374302 2 38689374303
38689374302 1 38691143827
38689374303 5 38689374305
38689374303 2 38691012755
38689374303 1 38691012758
38689374303 6 38691143827
38689374303 3 38691143830
38689374303 7 38691274899
38689374303 2 38691274902
38689374303 1 38707789974
38689374303 1 42986111126
38689374305 1 38691012755
38689374305 2 38691012758
38689374305 1 38691143827
38689374305 4 38691143830
38689374305 2 38691274899
38689374305 2 38691274902
38691012755 2 38691143827
38691012758 1 38691143827
38691012758 1 38691143830
38691012758 1 38707921046
38691143817 1 34396307590
38691143820 1 38691274892
38691143827 1 38691274895
38691143827 8 38691274899
38691143827 1 38708052111
38691143830 3 38691274899
38691143830 9 38691274902
38691143830 1 38708052118
38691274899 1 38691274902
38705103228 1 38721946216
38705103228 2 38721946217
38705103228 1 38721946269
38705103229 1 38721946269
38705103259 1 38721946216
38705103259 1 38721946266
38705103260 3 38721946216
38705103260 1 38721946268
38705103260 1 38721946269
38705103261 1 38721946269
38705103291 1 38721946318
38705103292 1 34428027591
38705103292 1 38721946319
38705103292 1 38721946320
38705103293 1 38721946321
38705103293 1 38721946322
38705758298 1 38705823833
38705758301 1 38705823837
38705758304 2 38705823837
38705758304 1 38705823839
38705823833 1 38705889369
38705823835 1 34428027632
38705823835 1 38705889369
38705823837 1 38705889374
38705823837 1 38705954910
38705823839 2 38705889375
38705823840 2 38705889374
38705823840 2 38705889376
38705823840 1 38705954910
38705823841 2 38705889375
38705889369 1 38705954904
38705889369 1 38724173961
38705889371 1 38705954904
38705889373 1 38705954910
38705889373 1 38705954911
38705889374 2 38705954910
38705889375 4 38705954910
38705889375 3 38705954911
38705889375 1 38707527827
38705889376 1 38705954910
38705889376 5 38705954911
38705889377 1 38705954910
38705889377 2 38705954911
38705954904 1 34412429443
38705954908 1 38706020443
38705954910 2 38706020444
38705954910 3 38706020446
38705954910 1 38707396751
38705954911 4 38706020446
38705954911 6 38706020447
38705954911 1 38707527827
38705954911 1 38707527830
38705954913 6 38706020447
38706020443 1 34412822662
38706020444 1 38707658889
38706020444 1 38707658892
38706020446 4 38706085982
38706020446 1 38707527823
38706020447 3 38706085982
38706020447 6 38706085983
38706020447 1 38707658902
38706020449 1 38706085983
38706020449 1 38707527830
38706020449 1 38707658902
38706085982 1 38707658895
38706085982 1 38707789964
38706085982 2 38707789967
38706085983 1 38706151518
38706085983 1 38706151519
38706085983 1 38707789967
38706085983 3 38707789971
38706151518 2 38707789967
38706151519 3 38707789971
38707396745 1 34429337729
38707396751 1 38707527820
38707396758 1 38724305043
38707527820 1 38707658891
38707527823 1 38707658892
38707527827 1 38707658895
38707527830 2 38707658899
38707527830 1 38707658902
38707658889 1 34412953736
38707658891 1 38724567176
38707658892 1 34412953736
38707658892 1 38707789961
38707658892 1 38707789966
38707658895 1 38707789966
38707658895 1 38707789967
38707658895 1 38707789969
38707658899 1 38707789967
38707658899 2 38707789969
38707658899 1 38707789972
38707658900 1 38707789972
38707658902 5 38707789974
38707658903 1 38707789972
38707789961 1 38707921032
38707789964 1 38707921036
38707789966 1 38707921035
38707789967 3 38707921036
38707789967 4 38707921039
38707789967 1 38707921041
38707789969 1 38707921038
38707789969 1 38707921041
38707789971 1 38707921039
38707789971 7 38707921043
38707789972 1 38707921040
38707789972 1 38707921044
38707789974 8 38707921043
38707789974 3 38707921044
38707789974 4 38707921046
38707789975 1 38707921042
38707789975 1 38707921045
38707921032 1 34413084808
38707921035 1 38708052106
38707921036 1 38708052107
38707921036 2 38708052110
38707921038 1 38708052112
38707921039 1 38708052108
38707921039 3 38708052110
38707921039 3 38708052111
38707921040 1 38708052112
38707921041 1 38708052110
38707921041 1 38708052112
38707921042 1 38708052112
38707921043 3 38708052111
38707921043 1 38708052113
38707921043 6 38708052115
38707921043 3 38708052116
38707921044 1 38708052113
38707921044 1 38708052114
38707921044 3 38708052116
38707921045 1 38708052114
38707921046 2 38708052115
38707921046 2 38708052116
38707921046 4 38708052118
38707921046 2 38708052119
38707921047 2 38708052116
38707921047 1 38708052117
38708052107 1 38708052108
38708052108 1 38708052111
38708052110 1 38708052111
38708052115 1 38708052118
38721880442 1 34426978865
38721946216 1 38722012137
38721946216 3 38738789275
38721946217 1 38722012061
38721946217 1 38722012137
38721946217 1 38738789278
38721946218 1 38722012062
38721946218 1 38722012140
38721946218 1 38738789199
38721946266 1 34427044759
38721946268 1 38722012136
38721946269 1 38722012137
38721946269 1 38722012216
38721946269 1 38738789276
38721946270 1 38722012139
38721946318 1 34427044915
38721946319 1 38722012213
38721946320 1 38722012213
38721946320 1 38722012215
38721946321 1 38722994809
38721946322 1 38722012217
38721946322 1 38722012218
38722012061 1 38739771947
38722012062 1 38739771986
38722012136 1 38739771944
38722012137 1 34444804688
38722012139 1 38739771985
38722012140 2 38739771986
38722012141 1 38739771947
38722012215 1 38739772024
38722012216 1 38722994809
38722012217 1 38739771986
38722012218 1 38739771986
38722012218 1 38739772026
38722994809 1 34444870572
38722994809 1 34444870573
38722994851 1 38739837758
38722994892 1 38723060768
38722994892 1 43018028066
38722995010 1 8658289603
38723060768 1 38723126872
38723060769 1 38723126872
38723126872 1 34429206663
38723126876 1 38739969919
38724173961 1 34429337734
38724173975 1 38724305040
38724305043 1 38724436113
38724436113 1 38724567182
38724436117 1 38724763731
38724567176 1 34429730951
38724567182 1 38724698253
38724632661 1 38724763732
38724763731 1 38724894802
38738789199 1 38739771905
38738789200 1 38739771906
38738789275 1 8658223714
38738789275 1 38739771944
38738789276 1 38739771946
38738789278 2 38739771947
38739771905 1 38756614861
38739771906 1 38756614861
38739771944 1 34444870404
38739771944 1 34461647564
38739771945 1 34461647564
38739771946 1 38756614862
38739771947 1 38739837704
38739771947 1 38739837705
38739771947 1 43051582163
38739771948 1 43051582163
38739771985 1 38739837757
38739771986 1 38739837757
38739771986 1 38739837758
38739771986 2 38739837759
38739771986 1 38739837814
38739771987 1 38739837759
38739772024 1 34444870516
38739772025 1 34444870516
38739772026 1 38739837814
38739837704 1 38756680759
38739837705 1 43051648059
38739837757 1 34444936319
38739837758 1 34444936319
38739837758 1 38739837759
38739837759 2 38739903619
38739837761 1 38739903623
38739837762 1 38739903623
38739837814 1 34444936399
38739837814 1 34444936474
38739837817 1 38739903697
38739837873 1 38739903857
38739837874 1 38739903857
38739903619 1 34461779428
38739903619 1 34461779529
38739903620 1 34461779428
38739903623 1 38756746729
38739903857 1 38739969921
38739903858 1 38739969923
38739903859 1 38739969923
38739904015 1 38740951178
38739904091 1 38739969919
38739969824 1 38739969926
38739969825 1 30134239342
38739969921 1 38740036033
38739969923 1 38740035916
38739969926 1 30134239342
38740035682 1 38756879000
38740035797 1 30134239342
38740036033 1 34446049356
38756549083 1 38756614750
38756614750 1 34478490282
38756614751 1 34478490282
38756614861 1 34461713301
38756614862 1 34461713382
38756680606 1 38773523539
38756680607 1 38773523539
38756680679 1 34461779121
38756680762 1 38756746423
38756746423 1 34478621724
38756746729 1 38756812528
38756812528 1 34461911234
38773457588 1 34495332841
38773523031 1 34495594572
38773523539 1 38773589027
38773589027 1 34478687392
38790365523 1 34495594572
38790365523 1 38790365643
42950787168 1 42950787170
42967171170 1 42967236704
42967171173 1 42984013922
42967236704 2 42967236709
42967236706 3 42967236712
42967236706 2 42967302240
42967236706 1 42967302242
42967236709 1 42967236714
42967236709 2 42967302240
42967236709 4 42967302242
42967236709 1 42967302245
42967236712 2 42967302242
42967236712 2 42967302245
42967236714 1 42967302245
42967302240 5 42967367776
42967302242 3 42967302248
42967302242 5 42967367776
42967302242 5 42967367778
42967302245 1 42967302248
42967302245 1 42967302250
42967302245 6 42967367778
42967302245 3 42967367781
42967302248 1 42967367778
42967302248 3 42967367781
42967302248 1 42967367784
42967302250 1 42967367784
42967367776 6 42967433312
42967367778 1 42967367784
42967367778 6 42967433312
42967367778 5 42967433314
42967367778 2 42967433317
42967367781 1 21492727858
42967367781 1 42967367786
42967367781 5 42967433314
42967367781 8 42967433317
42967367784 1 21492727858
42967367784 6 42967433317
42967367784 3 42967433320
42967367786 1 42967433317
42967367786 3 42967433320
42967433312 7 42967498848
42967433314 7 42967498848
42967433314 9 42967498850
42967433317 5 42967498850
42967433317 8 42967498853
42967433320 4 42967498853
42967433320 3 42967498856
42967433322 3 42967498856
42967498848 3 42967564384
42967498848 4 42967564386
42967498850 1 42950787168
42967498850 3 42967564384
42967498850 12 42967564386
42967498850 2 42967564389
42967498853 1 42950787168
42967498853 4 42967564386
42967498853 10 42967564389
42967498856 1 42967564386
42967498856 2 42967564389
42967498856 3 42967564392
42967498858 1 42967564392
42967564384 3 42967564386
42967564386 4 42967564389
42967564389 4 42967564392
42967564392 1 42967564394
42983227567 1 42983948384
42983227567 1 43000725602
42983227567 2 43000725605
42983227582 1 38705758301
42983227582 3 42983948384
42983227583 2 38688981085
42983227583 2 38688981088
42983227583 4 38705103228
42983227583 1 38705103261
42983227583 1 38705758301
42983227583 1 38721880442
42983227583 6 42983227600
42983227583 44 42983948384
42983227583 42 42983948386
42983227583 23 42983948389
42983227583 2 43000070525
42983227583 1 43000070526
42983227583 1 43000070527
42983227583 2 43000070559
42983227583 3 43000070589
42983227583 3 43000070590
42983227583 16 43000725600
42983227583 23 43000725602
42983227583 20 43000725605
42983227583 1 43000725608
42983227583 1 43016847709
42983227583 1 43016847741
42983227583 2 47295037824
42983227584 1 67174722
42983227584 1 34410135961
42983227584 1 38705103228
42983227584 1 38705103261
42983227584 1 42983227600
42983227584 5 42983948386
42983227584 35 42983948389
42983227584 19 42983948392
42983227584 3 43000070525
42983227584 1 43000070526
42983227584 2 43000070527
42983227584 1 43000070557
42983227584 2 43000070559
42983227584 2 43000070590
42983227584 4 43000070591
42983227584 1 43000725600
42983227584 4 43000725602
42983227584 19 43000725605
42983227584 19 43000725608
42983227584 1 43016847709
42983227584 1 43016847710
42983227584 1 43016847711
42983227584 6 47278915688
42983227584 2 47295037824
42983227584 1 47295037856
42983227584 1 47295037888
42983227584 2 47295692904
42983227584 1 47295692906
42983227598 1 42983948384
42983227599 1 50397537
42983227599 1 50397570
42983227599 1 38688981085
42983227599 1 38705103259
42983227599 4 38705103260
42983227599 2 38705103292
42983227599 1 38705758298
42983227599 1 38705758304
42983227599 1 42983227600
42983227599 23 42983948384
42983227599 24 42983948386
42983227599 10 42983948389
42983227599 1 43000070526
42983227599 1 43000070527
42983227599 2 43000070557
42983227599 1 43000070558
42983227599 1 43000070559
42983227599 1 43000070589
42983227599 2 43000070590
42983227599 1 47295037856
42983227599 2 47295037888
42983227600 1 50397537
42983227600 1 50397569
42983227600 2 50397570
42983227600 2 50397601
42983227600 1 38705103293
42983227600 5 42983948386
42983227600 18 42983948389
42983227600 9 42983948392
42983227600 1 43000070526
42983227600 1 43000070527
42983227600 1 43000070559
42983227600 5 47278915688
42983227600 1 47295037856
42983227600 3 47295037888
42983227600 1 47295692904
42983227615 1 17230266797
42983227615 1 25820856378
42983227615 1 25836978547
42983227615 1 34410135993
42983227615 1 38705103259
42983227615 1 38705103291
42983227615 3 38705103292
42983227615 1 38705103293
42983227615 1 42983948381
42983227615 3 42983948384
42983227615 2 42983948389
42983227615 1 43000070591
42983227615 1 43000725606
42983227615 1 43017502819
42983227615 1 43017962110
42983227615 3 47295037888
42983227616 1 4346019858
42983227616 1 25836978547
42983227616 2 42983948389
42983227616 1 42983948392
42983227616 1 43000070590
42983227616 2 43000070591
42983227616 1 43017502819
42983227616 1 47295037888
42983948381 2 38689046621
42983948381 64 42983948386
42983948381 1 42984013917
42983948381 7 42984013920
42983948384 1 4380033590
42983948384 1 17214341162
42983948384 7 38689046621
42983948384 112 42983948389
42983948384 31 42984013917
42983948384 222 42984013920
42983948384 24 42984013922
42983948384 5 43000791136
42983948386 1 12919242783
42983948386 1 17214341162
42983948386 1 25838092991
42983948386 1 30115889224
42983948386 1 34410856529
42983948386 5 38689046621
42983948386 1 42967236704
42983948386 1 42967236706
42983948386 72 42983948392
42983948386 30 42984013917
42983948386 278 42984013920
42983948386 245 42984013922
42983948386 24 42984013925
42983948386 1 42984079458
42983948386 1 42984079461
42983948386 3 43000791136
42983948386 10 43000791138
42983948389 1 68289193
42983948389 1 25838092991
42983948389 1 34410856529
42983948389 1 38689046621
42983948389 1 38722994892
42983948389 2 42967236704
42983948389 4 42967236706
42983948389 95 42983948394
42983948389 78 42984013920
42983948389 244 42984013922
42983948389 251 42984013925
42983948389 21 42984013928
42983948389 2 42984079461
42983948389 7 43000791138
42983948389 6 43000791141
42983948389 1 43000791144
42983948389 1 43017962150
42983948389 1 43017962151
42983948389 1 47278981224
42983948389 1 47312929488
42983948392 1 68289193
42983948392 1 12919242783
42983948392 1 38689046621
42983948392 1 38705823835
42983948392 1 38722994892
42983948392 3 42967236706
42983948392 1 42967236709
42983948392 1 42983948394
42983948392 1 42984013920
42983948392 46 42984013922
42983948392 258 42984013925
42983948392 143 42984013928
42983948392 1 42984079461
42983948392 2 42984079464
42983948392 3 43000791141
42983948392 2 43000791144
42983948392 6 47278981224
42983948392 2 47278981226
42983948392 1 47312929488
42983948394 1 38705823835
42983948394 1 42967236709
42983948394 59 42984013925
42983948394 99 42984013928
42983948394 2 42984079464
42983948394 5 47278981224
42983948394 2 47278981226
42984013917 1 38689112157
42984013917 2 38689112160
42984013917 27 42984013922
42984013917 4 42984079456
42984013920 2 38689112157
42984013920 6 38689112160
42984013920 1 38705889375
42984013920 1 38705889376
42984013920 1 42967236709
42984013920 3 42967302240
42984013920 52 42984013925
42984013920 9 42984079453
42984013920 230 42984079456
42984013920 25 42984079458
42984013920 1 42984144991
42984013920 1 42984144994
42984013920 2 43000856672
42984013920 1 43000856674
42984013922 1 38689112157
42984013922 1 38705889375
42984013922 3 42967302240
42984013922 4 42967302242
42984013922 2 42984013925
42984013922 27 42984013928
42984013922 9 42984079453
42984013922 229 42984079456
42984013922 274 42984079458
42984013922 28 42984079461
42984013922 1 42984144994
42984013922 1 42984144996
42984013922 1 43000856672
42984013922 3 43000856674
42984013925 3 42967302242
42984013925 1 42967302245
42984013925 1 42984013928
42984013925 45 42984013930
42984013925 27 42984079456
42984013925 212 42984079458
42984013925 262 42984079461
42984013925 26 42984079464
42984013925 1 42984144997
42984013925 1 43000856674
42984013925 5 43000856677
42984013928 1 42967302242
42984013928 1 42967302245
42984013928 1 42967302250
42984013928 21 42984079458
42984013928 201 42984079461
42984013928 176 42984079464
42984013928 1 42984145000
42984013928 1 43000856677
42984013928 9 47279046760
42984013930 1 42967302242
42984013930 1 42967302250
42984013930 24 42984079461
42984013930 88 42984079464
42984013930 1 42984145000
42984013930 9 47279046760
42984079453 1 38689177693
42984079453 2 42984079458
42984079453 6 42984144992
42984079456 1 34394210383
42984079456 2 38689177693
42984079456 1 38689177695
42984079456 2 38689177696
42984079456 1 38689177697
42984079456 1 42967367776
42984079456 1 42984079458
42984079456 9 42984079461
42984079456 196 42984144992
42984079456 13 42984144993
42984079456 34 42984144994
42984079456 1 42984144995
42984079456 1 42984210528
42984079456 4 42984210529
42984079456 5 43000922209
42984079456 1 43017962148
42984079458 1 25821052989
42984079458 1 34394210383
42984079458 1 38689177693
42984079458 1 42967367776
42984079458 1 42967367778
42984079458 1 42967367781
42984079458 11 42984079464
42984079458 149 42984144992
42984079458 5 42984144993
42984079458 263 42984144994
42984079458 10 42984144995
42984079458 10 42984144996
42984079458 29 42984144997
42984079458 1 42984210529
42984079458 7 42984210531
42984079458 4 42984210532
42984079458 1 42984210534
42984079458 1 42984210535
42984079458 1 43000922209
42984079458 1 43000922211
42984079458 1 43000922212
42984079458 1 43017962308
42984079461 2 42967367778
42984079461 2 42967367781
42984079461 1 42984079464
42984079461 9 42984079466
42984079461 3 42984144992
42984079461 138 42984144994
42984079461 5 42984144996
42984079461 257 42984144997
42984079461 10 42984144998
42984079461 7 42984144999
42984079461 31 42984145000
42984079461 1 42984210531
42984079461 1 42984210532
42984079461 1 42984210533
42984079461 7 42984210534
42984079461 1 42984210536
42984079464 1 21509308471
42984079464 1 42967367778
42984079464 3 42967367781
42984079464 2 42967367784
42984079464 1 42984079466
42984079464 1 42984144994
42984079464 140 42984144997
42984079464 2 42984144998
42984079464 11 42984144999
42984079464 168 42984145000
42984079464 5 42984145001
42984079464 2 42984145002
42984079464 2 42984145003
42984079464 4 42984210535
42984079464 2 42984210536
42984079464 10 42984210537
42984079464 1 43000922217
42984079464 5 47279112296
42984079464 2 47279112297
42984079464 1 47279112298
42984079464 1 47279177833
42984079466 2 42967367784
42984079466 4 42984144997
42984079466 57 42984145000
42984079466 2 42984145002
42984079466 6 47279112296
42984079466 1 47279112298
42984144991 1 42984210527
42984144992 1 8658223832
42984144992 1 38689243231
42984144992 6 38689243232
42984144992 1 38689308767
42984144992 1 38689308768
42984144992 1 38707396745
42984144992 1 42967433312
42984144992 2 42984210527
42984144992 139 42984210528
42984144992 16 42984210529
42984144992 26 42984210530
42984144992 3 42984276065
42984144992 3 42984276067
42984144992 1 43000987747
42984144993 2 42984210527
42984144993 9 42984210529
42984144993 1 42984210531
42984144993 1 42984276065
42984144993 3 43000987745
42984144994 1 34429206653
42984144994 1 42967433312
42984144994 4 42967433314
42984144994 90 42984210528
42984144994 4 42984210529
42984144994 194 42984210530
42984144994 40 42984210531
42984144994 23 42984210532
42984144994 18 42984210533
42984144994 1 42984276065
42984144994 9 42984276067
42984144994 3 42984276068
42984144994 1 42984341603
42984144994 1 43000987747
42984144995 5 42984210529
42984144995 10 42984210531
42984144996 6 42984210531
42984144996 11 42984210532
42984144996 2 42984210534
42984144996 1 43000987748
42984144997 1 17214472239
42984144997 1 34429206653
42984144997 4 42967433314
42984144997 80 42984210530
42984144997 20 42984210532
42984144997 186 42984210533
42984144997 33 42984210534
42984144997 11 42984210535
42984144997 21 42984210536
42984144997 1 42984210537
42984144997 3 42984276068
42984144997 3 42984276069
42984144997 6 42984276070
42984144997 5 42984276071
42984144998 1 42984144999
42984144998 4 42984210532
42984144998 6 42984210534
42984144998 2 42984210535
42984144998 4 43000987750
42984144999 3 42984210534
42984144999 14 42984210535
42984144999 2 42984210537
42984144999 2 43000987750
42984145000 81 42984210533
42984145000 1 42984210534
42984145000 24 42984210535
42984145000 135 42984210536
42984145000 18 42984210537
42984145000 2 42984276069
42984145000 9 42984276071
42984145000 3 42984276073
42984145000 1 42984341609
42984145000 6 47279177832
42984145000 1 47279177835
42984145000 1 47279243369
42984145000 1 47279243371
42984145001 4 42984210535
42984145001 7 42984210537
42984145002 1 42967433322
42984145002 27 42984210536
42984145002 6 47279177832
42984145003 6 42984210537
42984210527 3 38689308767
42984210527 1 42984276063
42984210528 2 38689308767
42984210528 5 38689308768
42984210528 1 42984210530
42984210528 1 42984276063
42984210528 82 42984276064
42984210528 28 42984276065
42984210528 17 42984276066
42984210528 1 42984276067
42984210528 4 42984341601
42984210529 1 30099374156
42984210529 4 38689308767
42984210529 2 42984276063
42984210529 25 42984276065
42984210529 2 42984276067
42984210530 1 42967498850
42984210530 1 42984210533
42984210530 45 42984276064
42984210530 5 42984276065
42984210530 133 42984276066
42984210530 41 42984276067
42984210530 13 42984276068
42984210530 13 42984276069
42984210530 5 42984341603
42984210530 4 42984341604
42984210531 1 30099374156
42984210531 15 42984276065
42984210531 39 42984276067
42984210531 13 42984276068
42984210531 1 42984341604
42984210531 6 43001053283
42984210532 29 42984276067
42984210532 50 42984276068
42984210532 8 42984276070
42984210532 1 42984341604
42984210532 4 43001053283
42984210532 3 43001053284
42984210533 2 42967498850
42984210533 1 42967498853
42984210533 2 42984210536
42984210533 46 42984276066
42984210533 16 42984276068
42984210533 111 42984276069
42984210533 39 42984276070
42984210533 18 42984276071
42984210533 11 42984276072
42984210533 2 42984341604
42984210533 7 42984341606
42984210533 1 42984341607
42984210534 1 34428027630
42984210534 20 42984276068
42984210534 39 42984276070
42984210534 7 42984276071
42984210534 1 42984341606
42984210534 2 43001053284
42984210534 1 43001053286
42984210535 1 34428027630
42984210535 16 42984276070
42984210535 42 42984276071
42984210535 10 42984276073
42984210535 2 43001053287
42984210535 1 43002757282
42984210536 1 42967498850
42984210536 1 42967498853
42984210536 39 42984276069
42984210536 3 42984276070
42984210536 26 42984276071
42984210536 87 42984276072
42984210536 27 42984276073
42984210536 1 42984341606
42984210536 1 42984341607
42984210536 4 42984341609
42984210536 7 47279243368
42984210536 1 47279243369
42984210536 1 47279308905
42984210537 16 42984276071
42984210537 1 42984276072
42984210537 37 42984276073
42984210537 2 43001053287
42984210537 2 43001053289
42984210537 1 43002626210
42984210537 1 43002757282
42984210537 3 47279243371
42984210537 1 47296020587
42984210538 9 42984276072
42984210538 6 47279243368
42984210539 1 42984276072
42984210539 8 42984276073
42984210539 3 47279243371
42984210539 1 47296020587
42984276063 3 38689374303
42984276064 2 38689374303
42984276064 4 38689374304
42984276064 1 42984276066
42984276064 3 42984341599
42984276064 41 42984341600
42984276064 21 42984341601
42984276064 7 42984341602
42984276064 1 42984341603
42984276065 6 38689374303
42984276065 2 38689374305
42984276065 1 38706151519
42984276065 1 42984276067
42984276065 47 42984341601
42984276065 6 42984341603
42984276066 17 42984341600
42984276066 8 42984341601
42984276066 70 42984341602
42984276066 27 42984341603
42984276066 29 42984341604
42984276066 9 42984341605
42984276067 35 42984341601
42984276067 79 42984341603
42984276067 15 42984341604
42984276068 39 42984341603
42984276068 86 42984341604
42984276068 9 42984341606
42984276068 1 42986111132
42984276068 1 42986111135
42984276068 2 43001118820
42984276069 11 42984341602
42984276069 19 42984341604
42984276069 53 42984341605
42984276069 30 42984341606
42984276069 17 42984341607
42984276069 5 42984341608
42984276070 1 21509505078
42984276070 34 42984341604
42984276070 77 42984341606
42984276070 10 42984341607
42984276070 1 42986242204
42984276070 1 42986242207
42984276071 1 21509505078
42984276071 30 42984341606
42984276071 88 42984341607
42984276071 8 42984341609
42984276071 1 43002757279
42984276072 1 42967564389
42984276072 11 42984341605
42984276072 29 42984341607
42984276072 45 42984341608
42984276072 18 42984341609
42984276072 1 47279308904
42984276072 2 47279308905
42984276073 34 42984341607
42984276073 63 42984341609
42984276073 2 42984341611
42984276073 1 42986111138
42984276073 1 43002757279
42984276073 1 47279308905
42984276073 6 47279308907
42984276073 1 47280947365
42984276073 1 47296086123
42984276074 2 42984341608
42984276075 14 42984341609
42984276075 2 42984341611
42984276075 1 47279308905
42984276075 6 47279308907
42984276075 1 47296086123
42984341599 3 42984341601
42984341600 14 42984341602
42984341601 1 38691012758
42984341601 2 38691143827
42984341601 7 38691143830
42984341601 5 38691274902
42984341601 19 42984341603
42984341601 1 42985980054
42984341601 1 42985980057
42984341601 2 42986111126
42984341601 4 42986111129
42984341601 1 42986111132
42984341601 10 42986242198
42984341601 9 42986242201
42984341601 1 42986242204
42984341602 7 42984341605
42984341603 1 21527920718
42984341603 2 38691143830
42984341603 4 38691274902
42984341603 22 42984341604
42984341603 6 42985980057
42984341603 3 42986111126
42984341603 22 42986111129
42984341603 11 42986111132
42984341603 10 42986242198
42984341603 26 42986242201
42984341603 9 42986242204
42984341603 2 42986242207
42984341604 34 42984341606
42984341604 2 42985980057
42984341604 4 42985980060
42984341604 1 42985980063
42984341604 12 42986111129
42984341604 28 42986111132
42984341604 11 42986111135
42984341604 8 42986242201
42984341604 21 42986242204
42984341604 12 42986242207
42984341604 1 42986242210
42984341604 1 43002757273
42984341604 2 43002757276
42984341605 11 42984341608
42984341606 28 42984341607
42984341606 1 42985980057
42984341606 1 42985980060
42984341606 1 42986111129
42984341606 15 42986111132
42984341606 19 42986111135
42984341606 6 42986111138
42984341606 15 42986242204
42984341606 22 42986242207
42984341606 11 42986242210
42984341606 1 43002757276
42984341606 2 43002757279
42984341607 28 42984341609
42984341607 2 42985980063
42984341607 2 42985980066
42984341607 1 42986111132
42984341607 18 42986111135
42984341607 14 42986111138
42984341607 2 42986111141
42984341607 4 42986242204
42984341607 19 42986242207
42984341607 21 42986242210
42984341607 4 42986242213
42984341607 2 43002757279
42984341607 1 43002757282
42984341607 5 47281078437
42984341607 3 47281209509
42984341609 1 36438017
42984341609 15 42984341611
42984341609 1 42985980066
42984341609 1 42985980069
42984341609 1 42986111135
42984341609 8 42986111138
42984341609 9 42986111141
42984341609 5 42986242207
42984341609 14 42986242210
42984341609 8 42986242213
42984341609 1 43002757282
42984341609 1 47280947365
42984341609 1 47280947368
42984341609 12 47281078437
42984341609 3 47281078440
42984341609 8 47281209509
42984341609 7 47281209512
42984341611 1 36438017
42984341611 1 42986242213
42984341611 1 47280947365
42984341611 1 47281078437
42984341611 4 47281209509
42984341611 3 47281209512
42984341611 1 47297724581
42985980054 1 42986111126
42985980057 3 42986111126
42985980057 2 42986111129
42985980057 4 43002888345
42985980060 1 42986111129
42985980060 1 42986111132
42985980060 1 42986111135
42985980060 2 43002888345
42985980060 2 43002888348
42985980063 2 42986111135
42985980063 1 43002888351
42985980066 2 42986111138
42985980066 1 43002888348
42985980069 1 42986111141
42986111126 2 38691274902
42986111126 5 42986242198
42986111126 1 43003019414
42986111129 7 42986242198
42986111129 28 42986242201
42986111129 1 43003019414
42986111129 2 43003019417
42986111132 6 42986242201
42986111132 35 42986242204
42986111132 3 42986242207
42986111132 1 43003019417
42986111132 1 43003019420
42986111135 5 42986242204
42986111135 43 42986242207
42986111135 2 42986242210
42986111135 1 43003019423
42986111138 4 42986242207
42986111138 23 42986242210
42986111138 1 43003019426
42986111141 6 42986242213
42986111141 5 47281209509
42986242198 11 42986242201
42986242201 9 42986242204
42986242204 10 42986242207
42986242207 7 42986242210
42986242210 6 42986242213
43000004800 1 43000070590
43000004800 1 43000725605
43000070525 3 38721946218
43000070525 1 43016913514
43000070525 1 43016913515
43000070526 1 43016913514
43000070526 1 43016913515
43000070526 1 43016913516
43000070526 1 43016913568
43000070526 1 43016913570
43000070527 1 43016913466
43000070527 1 43016913518
43000070527 1 43016913519
43000070527 1 43016913571
43000070557 1 38721946270
43000070557 1 43016913567
43000070557 1 43016913619
43000070558 1 43016913517
43000070559 1 43016913570
43000070559 1 43016913571
43000070559 1 43016913623
43000070559 1 43017502823
43000070589 1 38705758304
43000070589 1 38721946322
43000070589 2 43000725600
43000070590 1 43000725603
43000070590 1 43000725604
43000070590 2 43000725605
43000070590 2 43016913620
43000070591 1 43000725604
43000070591 1 43000725605
43000070591 1 43000725606
43000070591 2 43000725608
43000070591 1 43016913570
43000070591 1 43016913621
43000725600 1 38705823839
43000725600 2 38705823840
43000725600 1 43000791135
43000725600 10 43000791136
43000725600 4 43000791138
43000725600 1 43000856673
43000725602 5 43000791136
43000725602 24 43000791138
43000725602 2 43000791139
43000725602 1 43000791141
43000725602 1 43000856676
43000725603 1 43000791139
43000725604 1 43000791139
43000725604 1 43000791140
43000725605 11 43000791138
43000725605 2 43000791140
43000725605 17 43000791141
43000725605 5 43000791142
43000725605 1 43000791143
43000725605 1 43000856676
43000725606 1 43000791140
43000725606 1 43000791142
43000725606 1 43017962191
43000725607 1 43000791142
43000725608 5 43000791141
43000725608 3 43000791143
43000725608 15 43000791144
43000725608 1 43017962150
43000725608 1 43017962151
43000725608 3 47295758440
43000725609 1 43017962191
43000725610 1 43000791144
43000725610 3 47295758440
43000791135 1 38705889375
43000791136 1 38705889375
43000791136 1 38705889376
43000791136 9 43000856672
43000791136 1 43000856673
43000791136 2 43000922209
43000791136 1 43000922211
43000791137 1 38705889375
43000791138 4 43000856672
43000791138 2 43000856673
43000791138 15 43000856674
43000791138 7 43000856675
43000791138 5 43000856676
43000791138 1 43000856677
43000791138 1 43000922209
43000791138 1 43000922211
43000791138 6 43000922212
43000791139 3 43000856675
43000791140 2 43000856675
43000791140 3 43000856676
43000791141 6 43000856674
43000791141 6 43000856676
43000791141 13 43000856677
43000791141 2 43000856678
43000791141 3 43000856679
43000791141 2 43000922212
43000791141 2 43000922215
43000791142 2 43000856676
43000791142 5 43000856678
43000791142 1 43000856679
43000791143 4 43000856678
43000791143 4 43000856679
43000791144 3 43000856677
43000791144 6 43000856679
43000791144 6 43000856680
43000791144 3 43000856681
43000791144 1 43000856683
43000791144 2 43000922215
43000791144 1 43000922217
43000791144 1 47295823976
43000791145 3 43000856679
43000791146 1 47295823976
43000856672 1 38705954911
43000856672 8 43000922209
43000856672 1 43000922211
43000856673 4 43000922209
43000856674 2 43000922209
43000856674 9 43000922211
43000856674 9 43000922212
43000856675 1 38707396758
43000856675 2 43000922209
43000856675 6 43000922211
43000856675 3 43000922212
43000856676 6 43000922211
43000856676 14 43000922212
43000856676 1 43002364057
43000856677 7 43000922212
43000856677 9 43000922214
43000856677 5 43000922215
43000856678 7 43000922212
43000856678 4 43000922214
43000856678 1 43000922215
43000856678 1 43002364060
43000856678 1 43002495132
43000856678 1 43002495138
43000856679 2 43000922214
43000856679 9 43000922215
43000856679 1 43000922217
43000856679 1 43002495135
43000856679 1 43002495138
43000856680 5 43000922215
43000856680 3 43000922217
43000856681 6 43000922215
43000856681 3 43000922217
43000856681 1 47295889515
43000856683 1 47295889513
43000856683 1 47295889515
43000922209 1 38706020449
43000922209 1 43000922211
43000922209 16 43000987745
43000922209 2 43000987747
43000922211 11 43000987745
43000922211 17 43000987747
43000922211 1 43000987748
43000922211 1 43001053281
43000922211 1 43002495132
43000922212 10 43000987747
43000922212 27 43000987748
43000922212 3 43000987750
43000922212 1 43002495129
43000922212 2 43002495132
43000922212 1 43002495135
43000922214 13 43000987748
43000922214 11 43000987750
43000922214 1 43000987751
43000922214 1 43002495132
43000922214 1 43002495135
43000922214 1 43002495138
43000922215 7 43000987750
43000922215 15 43000987751
43000922215 1 43000987753
43000922215 1 43001053289
43000922215 1 43002495132
43000922215 1 43002495135
43000922215 1 43002495138
43000922215 1 43002495141
43000922217 5 43000987751
43000922217 9 43000987753
43000922217 1 43001053289
43000922219 2 43000987753
43000987745 1 38707658899
43000987745 2 38707658902
43000987745 11 43001053281
43000987745 4 43001053283
43000987745 1 43002626201
43000987747 1 38707527830
43000987747 1 38707658902
43000987747 1 43001053281
43000987747 15 43001053283
43000987747 1 43001053284
43000987747 1 43002495129
43000987747 2 43002626201
43000987747 2 43002626204
43000987747 1 43002626207
43000987748 4 43001053283
43000987748 19 43001053284
43000987748 3 43001053286
43000987748 1 43002495129
43000987748 1 43002495132
43000987748 3 43002626201
43000987748 5 43002626204
43000987748 2 43002626207
43000987750 5 43001053284
43000987750 14 43001053286
43000987750 2 43001053287
43000987750 1 43002495132
43000987750 2 43002626210
43000987751 7 43001053286
43000987751 11 43001053287
43000987751 1 43001053289
43000987751 4 43002626210
43000987753 1 52953256
43000987753 3 43001053287
43000987753 3 43001053289
43000987753 1 43002626210
43000987753 1 43002626213
43000987753 2 47296020587
43000987755 1 52953256
43000987755 2 47296020587
43001053281 2 38707789971
43001053281 4 38707789974
43001053281 3 43002757270
43001053281 4 43002757273
43001053283 1 38707789974
43001053283 1 43001118817
43001053283 2 43001118819
43001053283 1 43002626198
43001053283 2 43002626201
43001053283 1 43002757270
43001053283 5 43002757273
43001053283 7 43002757276
43001053283 2 43002757279
43001053284 1 43001118822
43001053284 1 43002626201
43001053284 1 43002626204
43001053284 6 43002757273
43001053284 12 43002757276
43001053284 4 43002757279
43001053284 1 43002757282
43001053286 3 43001118822
43001053286 1 43002626207
43001053286 3 43002757276
43001053286 9 43002757279
43001053286 1 43002757282
43001053287 1 43001118822
43001053287 1 43001118825
43001053287 1 43002626207
43001053287 1 43002757276
43001053287 2 43002757279
43001053287 7 43002757282
43001053287 1 43002757285
43001053287 1 43002888351
43001053287 1 47297724581
43001053289 2 43001118825
43001053289 1 43002626210
43001053289 2 43002626213
43001053289 3 43002757282
43001053289 2 43002757285
43001118817 1 38707789974
43001118819 1 43002757273
43001118820 1 43002757276
43001118820 1 43002757279
43001118822 3 43002757279
43001118825 2 43002757282
43002364057 1 43002495126
43002364060 1 43002495129
43002495126 1 38707658900
43002495129 1 43002626198
43002495129 2 43002626202
43002495132 3 43002626201
43002495132 1 43002626202
43002495132 3 43002626204
43002495132 1 43002626207
43002495135 1 43002626204
43002495135 2 43002626207
43002495138 1 43002626213
43002495138 1 43002757282
43002495141 1 47297593509
43002626198 2 38707789974
43002626201 1 38707789974
43002626201 1 38707789975
43002626201 3 43002757270
43002626201 1 43002757271
43002626201 5 43002757273
43002626202 1 38707789975
43002626202 1 43019534487
43002626204 2 43002757273
43002626204 5 43002757276
43002626204 2 43002757277
43002626204 1 43002757279
43002626207 2 43002757276
43002626207 7 43002757279
43002626210 2 43002757279
43002626210 5 43002757282
43002626210 1 43002757285
43002626213 3 47297724581
43002626213 1 47297724582
43002757270 1 38707921044
43002757270 2 38707921046
43002757270 1 38708052118
43002757270 3 43002888342
43002757271 1 38707921047
43002757273 1 38707921046
43002757273 1 38707921047
43002757273 4 43002888342
43002757273 1 43002888343
43002757273 13 43002888345
43002757273 1 43002888346
43002757273 2 43002888348
43002757276 5 43002888345
43002757276 3 43002888346
43002757276 19 43002888348
43002757276 1 43002888349
43002757276 3 43002888351
43002757277 1 43002888346
43002757277 1 43002888349
43002757279 1 42986242207
43002757279 4 43002888348
43002757279 1 43002888349
43002757279 23 43002888351
43002757279 3 43002888352
43002757279 5 43002888354
43002757280 1 43002888349
43002757282 4 43002888351
43002757282 2 43002888352
43002757282 16 43002888354
43002757282 3 43002888357
43002757282 1 43002888358
43002757283 1 43002888358
43002757285 4 43002888357
43002757285 1 47297855653
43002757285 1 47297855656
43002888342 2 38708052119
43002888342 2 43003019414
43002888343 1 43003019415
43002888345 4 43003019414
43002888345 3 43003019415
43002888345 13 43003019417
43002888345 1 43003019418
43002888346 1 43003019416
43002888346 3 43003019418
43002888348 1 42986242204
43002888348 7 43003019417
43002888348 1 43003019418
43002888348 15 43003019420
43002888348 3 43003019421
43002888348 1 43003019423
43002888349 1 43003019419
43002888349 1 43003019421
43002888349 1 43003019422
43002888351 4 43003019420
43002888351 1 43003019421
43002888351 18 43003019423
43002888351 6 43003019424
43002888351 1 43003019426
43002888352 1 43003019422
43002888352 1 43003019424
43002888352 2 43003019427
43002888354 1 42986242213
43002888354 1 43003019423
43002888354 1 43003019424
43002888354 14 43003019426
43002888354 4 43003019427
43002888354 2 43003019429
43002888355 1 43003019427
43002888357 1 42986242213
43002888357 3 43003019429
43002888357 1 47297986726
43002888358 1 43003019430
43003019416 1 43003019419
43003019417 1 43003019418
43003019417 1 43003019420
43003019420 2 43003019423
43003019423 3 43003019426
43003019426 1 43003019427
43003019426 1 43003019429
43016847709 1 43016847741
43016847710 1 43016847742
43016847710 1 43016913463
43016847711 1 43016847743
43016847712 1 43016847744
43016847741 1 43016913462
43016847741 1 43016913514
43016847742 1 43016913462
43016847743 1 43016913467
43016847744 1 43016913466
43016847744 1 43016913467
43016913462 1 38738789200
43016913463 1 38738789200
43016913463 1 43033756419
43016913466 1 43033756425
43016913467 1 43033756425
43016913467 1 43033756503
43016913514 1 43016913515
43016913514 1 43016913566
43016913515 1 21542143003
43016913515 1 43016913567
43016913516 1 21542143003
43016913516 1 43033756500
43016913517 1 43033756500
43016913517 1 43033756579
43016913518 1 43033756581
43016913519 1 43033756581
43016913519 1 43033756582
43016913566 1 38722012140
43016913567 1 38722012140
43016913567 1 38722012141
43016913568 1 43016979517
43016913570 2 43033756580
43016913570 1 47312929448
43016913571 1 47311946741
43016913571 1 47311946819
43016913619 1 38722012219
43016913620 1 43016979439
43016913620 1 43017962108
43016913621 1 43016979518
43016913623 1 43017502825
43016979439 1 43034739284
43016979517 1 43034739284
43016979517 1 43034739324
43016979518 1 43034739324
43016979519 1 43034739324
43017502819 1 38722994892
43017502823 1 43017962230
43017502825 1 43017962231
43017502827 1 43017962191
43017962108 1 43017962148
43017962109 1 43034805170
43017962110 1 43034805117
43017962111 2 43034805117
43017962148 1 43034805114
43017962148 1 43034805170
43017962149 1 43034805114
43017962150 1 43018028012
43017962150 1 43034805230
43017962151 1 43018028012
43017962151 1 43034805229
43017962151 1 43034805230
43017962191 1 43017962231
43017962191 1 47312995423
43017962230 1 43018028124
43017962230 1 43019141276
43017962231 1 43018028124
43017962231 1 43018028181
43017962271 1 43018028014
43017962308 1 38724173969
43018028012 1 38739904015
43018028013 1 38739904015
43018028014 1 43034871003
43018028066 1 43034871313
43018028124 1 38724173975
43018028181 1 43019141280
43019141276 1 43019272346
43019141277 1 43019272346
43019141280 1 43019272347
43019272346 1 38724436117
43019272347 1 38724632661
43019272355 1 43019403422
43019272358 1 43019403428
43019403428 1 43019599965
43019534487 1 38724894805
43019599965 1 43019731036
43033756419 1 38756549083
43033756420 1 38756549083
43033756425 1 43051516382
43033756500 1 43034739205
43033756503 1 43034739247
43033756504 1 43034739247
43033756579 1 43034739247
43033756580 1 43034739245
43033756580 1 43034739247
43033756580 1 43051516421
43033756581 1 43034739246
43033756582 1 43034739246
43033756582 1 43034739247
43034739205 1 43051582162
43034739245 1 43051582162
43034739246 1 43051582162
43034739246 1 43051647984
43034739247 1 43034805006
43034739247 1 43051582165
43034739247 1 43051647984
43034739247 1 47329772303
43034739284 1 38739837761
43034739324 1 38739837817
43034739324 1 38739837873
43034805006 1 43051648063
43034805114 1 38756680762
43034805116 1 38756680841
43034805117 1 43034871000
43034805117 1 43034871080
43034805118 1 43034871000
43034805170 1 38739903858
43034805175 1 43034871238
43034805229 1 43034871158
43034805230 1 43034871162
43034805231 1 43034871238
43034871003 1 43051713827
43034871080 1 43034937020
43034871081 1 43034937020
43034871158 1 38739969824
43034871162 1 47329904529
43034871238 1 43034937430
43034871240 1 43034937331
43034871312 1 38740951178
43034871313 1 86441985
43034871316 1 43034871317
43034937020 1 38740035682
43034937021 1 38740035682
43034937331 1 43035003344
43034937430 1 43035983961
43034937431 1 43035983961
43035003344 1 43035983960
43035983960 1 43035983962
43035983961 1 38741147734
43051516382 1 43068359268
43051516421 1 43051582051
43051516422 1 43051582051
43051582051 1 38773457588
43051582162 1 38756680603
43051582162 1 38756680606
43051582163 1 38756680603
43051582163 1 43051647985
43051582165 1 43051582222
43051582221 1 43051647985
43051582222 1 43051647985
43051647984 1 43051713827
43051647985 1 43051713830
43051648059 1 43051713930
43051648060 1 43051713930
43051648063 1 43051713932
43051648064 1 43051713932
43051713827 1 38756812295
43051713830 1 43051779596
43051713930 1 43051779719
43051713931 1 43051779719
43051713932 1 43051779836
43051714034 1 43051714035
43051714034 1 43051779836
43051779596 1 38756878246
43051779719 1 43051845857
43051779836 1 38756878548
43068359268 1 43068424886
43068424886 1 38773523031
43068424887 1 38773523031
47262466152 1 47262531690
47262466154 1 47262531690
47278915688 6 47278981224
47278915688 2 47278981226
47278915688 1 47295758440
47278915688 1 47295758442
47278915690 1 42984013928
47278915690 6 47278981224
47278915690 2 47278981226
47278915690 1 47295758440
47278915690 1 47295758442
47278981224 1 34406401
47278981224 6 47279046760
47278981224 5 47279046762
47278981226 2 34406401
47278981226 5 47279046760
47278981226 5 47279046762
47278981226 2 47295823978
47279046760 1 42967367781
47279046760 11 47279112296
47279046760 1 47279112297
47279046760 1 47279112298
47279046760 2 47279112299
47279046762 1 42967367781
47279046762 10 47279112296
47279046762 4 47279112298
47279046762 3 47279112299
47279046762 1 47279177835
47279112296 1 47279112298
47279112296 9 47279177832
47279112296 2 47279177833
47279112296 2 47279177834
47279112296 2 47279177835
47279112297 3 47279177835
47279112298 9 47279177832
47279112298 1 47279177833
47279112298 2 47279177834
47279112298 5 47279177835
47279112298 1 47279177836
47279112298 1 47279243372
47279112299 5 47279177835
47279112299 1 47279177836
47279112300 1 47279177836
47279177832 1 47262466152
47279177832 9 47279243368
47279177832 2 47279243370
47279177832 3 47279243371
47279177833 3 47279243371
47279177834 1 47262466152
47279177834 9 47279243368
47279177834 4 47279243370
47279177834 2 47279243371
47279177835 9 47279243371
47279177835 5 47279243372
47279177836 1 34603010
47279177836 1 47279243371
47279177836 5 47279243372
47279243368 1 47279243370
47279243368 6 47279308904
47279243368 2 47279308905
47279243368 2 47279308906
47279243368 5 47279308907
47279243369 2 47279308907
47279243370 6 47279308904
47279243370 2 47279308905
47279243370 2 47279308906
47279243370 7 47279308907
47279243370 1 47279308908
47279243371 16 47279308907
47279243371 2 47279308908
47279243372 1 34668546
47279243372 1 47279308802
47279243372 7 47279308908
47279308802 1 36438021
47279308904 7 47279308906
47279308905 5 47279308907
47279308905 1 47281209509
47279308907 1 36438017
47279308907 1 36569089
47279308907 1 47279308908
47279308907 1 47280947365
47279308907 2 47281078437
47279308907 9 47281078440
47279308907 1 47281209509
47279308907 5 47281209512
47279308908 2 36306945
47279308908 4 36438017
47279308908 2 36438021
47280947365 3 47281078437
47280947368 1 47281078440
47281078437 13 47281209509
47281078437 5 47281209512
47281078440 1 36569089
47281078440 13 47281209512
47281209509 6 47281209512
47295037824 2 67240509
47295037824 1 67240510
47295037856 1 67240561
47295037856 1 47311880868
47295037888 1 51052546
47295037888 1 67829762
47295037888 1 68289153
47295037888 1 43017962111
47295037888 1 47295692907
47295037888 1 47311880919
47295037888 1 47311880920
47295692904 1 42984013928
47295692904 2 47295758442
47295692906 1 42984013928
47295692906 2 47295758442
47295692906 1 47295758443
47295692907 1 47295758443
47295692908 1 47295758443
47295758440 1 47295823976
47295758440 2 47295823978
47295758440 1 47295823979
47295758442 1 47279046760
47295758442 1 47295823976
47295758442 3 47295823978
47295758442 2 47295823979
47295758443 1 47295823979
47295758443 1 47295823980
47295758444 1 47295823979
47295758444 1 47295823980
47295823976 1 47295889513
47295823976 1 47295889515
47295823978 5 47295889515
47295823978 1 47295889516
47295823979 2 47295889515
47295823979 1 47295889516
47295823980 1 52690945
47295823980 1 47295889515
47295823980 1 47295889516
47295889513 2 47295955051
47295889515 6 47295955051
47295889515 4 47295955052
47295889516 1 47295955051
47295889516 5 47295955052
47295889516 1 47297462440
47295955051 3 47296020587
47295955051 1 47296020588
47295955051 2 47297593512
47295955052 2 51380226
47295955052 1 47296020482
47295955052 3 47296020588
47295955052 1 47297593512
47296020482 1 52953089
47296020587 1 53084161
47296020587 1 47297593509
47296020587 1 47297724581
47296020587 3 47297724584
47296020588 1 52953089
47296020588 1 53084161
47296020588 1 53084165
47296086123 1 47297724581
47297462440 1 52953089
47297593509 1 47297724581
47297593509 1 47297724584
47297593512 2 53084161
47297724581 4 47297855653
47297724581 3 47297855656
47297724582 1 47297855654
47297724584 1 47297855489
47297724584 1 47297855490
47297724584 4 47297855656
47297855489 1 53346305
47297855490 1 53346306
47297855653 1 42986242213
47297855653 1 47281209509
47297855653 1 47297986726
47297855653 2 47297986728
47297855654 1 47297986730
47297855656 1 53346305
47297855656 6 47297986728
47297855656 1 47297986729
47297855657 1 53346306
47311880868 1 47311946820
47311880919 1 43017962150
47311880920 1 67306487
47311946741 1 85066289
47311946819 1 47312929408
47311946820 1 47312929408
47312929408 1 85132217
47312929408 1 43034805175
47312929448 1 68355057
47312929488 1 47312995367
47312929489 1 47314108585
47312929568 1 47314108585
47312995367 1 43034871240
47312995368 1 43034871240
47312995368 1 43034871316
47312995423 1 69468164
47314108585 1 43019272355
47314108585 1 43019272358
47329772303 1 101974954
47329772304 1 101974954
47329904529 1 85330033
