152174715 1 4430430494
38839517277 1 38839517282
38839517277 1 38839582816
38839517277 1 38839582818
38839517280 1 38839517282
38839582813 1 38839582818
38839582813 1 43134615648
38839582813 1 43134615650
38856294490 1 38856294496
38856294490 1 38856360029
38856294490 1 38856360032
38856294493 2 38856294496
38856294493 2 38856294498
38856294493 1 38856360029
38856294493 3 38856360032
38856294493 2 38856360034
38856294496 2 38856294498
38856360026 2 38856360032
38856360026 2 38856425565
38856360026 2 38856425568
38856360029 6 38856360032
38856360029 5 38856360034
38856360029 5 38856425565
38856360029 11 38856425568
38856360029 6 38856425570
38856360029 1 43151392864
38856360029 1 43151392866
38856360032 3 38856360034
38856425562 3 38856425568
38856425562 3 38856491101
38856425562 3 38856491104
38856425565 2 38856425568
38856425565 10 38856425570
38856425565 5 38856491101
38856425565 11 38856491104
38856425565 6 38856491106
38856425565 1 43151458397
38856425565 5 43151458400
38856425565 4 43151458402
38856425568 4 38856425570
38856491101 1 38856491104
38856491101 6 38856491106
38856491101 9 38856556637
38856491101 11 38856556640
38856491101 2 38856556642
38856491101 2 43151523933
38856491101 5 43151523936
38856491101 3 43151523938
38856556637 1 38856556640
38856556637 2 38856556642
38856556637 5 38856622173
38856556637 10 38856622176
38856556637 1 38856622178
38856556637 2 43151589469
38856556637 2 43151589472
38856622173 1 38856622178
38856622173 2 43151655005
38856622173 6 43151655008
38856622176 4 43151655008
43117903977 1 43134746728
43134222368 1 43134484584
43134222368 1 43134484586
43134222384 1 43134484584
43134222384 1 47429451880
43134222384 1 47429451882
43134484573 3 43134484578
43134484573 2 43134550112
43134484573 2 43134550114
43134484573 1 43151327328
43134484573 1 43151327330
43134484576 3 43134484578
43134484576 14 43134484581
43134484576 3 43134550112
43134484576 10 43134550114
43134484576 7 43134550117
43134484576 2 43151327328
43134484576 4 43151327330
43134484576 2 43151327333
43134484578 14 43134484581
43134484578 7 43134484584
43134484578 5 43134550117
43134484578 5 43134550120
43134484578 1 43151327333
43134484578 2 43151327336
43134484581 9 43134484584
43134484581 4 43134484586
43134484581 1 43134550114
43134484581 2 43134550117
43134484581 3 43134550120
43134484581 2 43134550122
43134484581 2 43151327336
43134484581 2 43151327338
43134484584 4 43134484586
43134484584 2 43134550120
43134484584 1 43134550122
43134550109 2 43134550114
43134550109 1 43134615648
43134550109 1 43134615650
43134550109 1 43151392864
43134550109 1 43151392866
43134550112 6 43134550117
43134550112 1 43134615648
43134550112 4 43134615650
43134550112 2 43134615653
43134550112 2 43151392864
43134550112 5 43151392866
43134550112 3 43151392869
43134550114 3 43134550120
43134550114 1 43134615650
43134550114 2 43134615653
43134550114 1 43134615656
43134550114 1 43151392866
43134550114 3 43151392869
43134550114 2 43151392872
43134550117 2 43134550122
43134550117 3 43134615653
43134550117 3 43134615656
43134550117 1 43151392869
43134550117 2 43151392872
43134550117 1 43151392874
43134550120 1 43134615656
43134550120 1 47429582952
43134550120 1 47429582954
43134615645 2 43134615650
43134615645 1 43134681181
43134615645 2 43134681184
43134615645 1 43134681186
43134615648 1 43134615653
43134615648 1 43134681184
43134615648 2 43134681186
43134615648 1 43134681189
43134615650 2 43134681186
43134615650 2 43134681189
43134615650 1 43151458402
43134615650 1 43151458405
43134615653 3 43134681189
43134615653 3 43134681192
43134615653 1 43151458405
43134615653 1 43151458408
43134615656 1 43117903977
43134615656 1 43117903979
43134681181 1 43134746720
43134681184 1 43134746720
43134681184 1 43134746722
43134681184 1 43151523936
43134681184 1 43151523938
43134681186 1 43134746722
43134681186 1 43134746725
43134681186 2 43151523938
43134681186 2 43151523941
43134681189 3 43134746725
43134681189 3 43134746728
43134681192 1 43134681194
43134681192 1 43134746728
43134681192 1 43134746730
43134681192 2 43151523944
43134681192 2 43151523946
43134746720 2 43151589472
43134746722 1 43151589474
43134746722 1 43151589477
43134746725 1 43134812261
43134746725 2 43134812264
43134746725 1 43151589477
43134746725 1 43151589480
43134746728 1 43151589477
43134746728 2 43151589480
43134812261 1 43151655013
43134812261 1 43151655016
43134812264 1 43151655016
43151261697 2 43151261802
43151261697 2 43151327336
43151261697 2 43151327338
43151261789 18 43151261794
43151261789 18 43151327328
43151261789 18 43151327330
43151261792 23 43151261794
43151261792 29 43151261797
43151261792 7 43151327328
43151261792 34 43151327330
43151261792 27 43151327333
43151261794 37 43151261797
43151261794 34 43151261800
43151261794 2 43151327328
43151261794 13 43151327330
43151261794 47 43151327333
43151261794 36 43151327336
43151261797 35 43151261800
43151261797 19 43151261802
43151261797 5 43151327333
43151261797 22 43151327336
43151261797 17 43151327338
43151261800 26 43151261802
43151261800 2 43151327333
43151261800 10 43151327336
43151261800 8 43151327338
43151327325 40 43151327330
43151327325 1 43151392861
43151327325 40 43151392864
43151327325 39 43151392866
43151327328 26 43151327330
43151327328 116 43151327333
43151327328 30 43151392864
43151327328 129 43151392866
43151327328 103 43151392869
43151327330 92 43151327333
43151327330 97 43151327336
43151327330 2 43151392864
43151327330 35 43151392866
43151327330 119 43151392869
43151327330 84 43151392872
43151327333 73 43151327336
43151327333 54 43151327338
43151327333 20 43151392869
43151327333 75 43151392872
43151327333 57 43151392874
43151327336 26 43151327338
43151327336 5 43151392869
43151327336 11 43151392872
43151327336 6 43151392874
43151392769 2 43151392874
43151392769 2 43151458408
43151392769 2 43151458410
43151392861 1 43151392864
43151392861 63 43151392866
43151392861 6 43151458397
43151392861 63 43151458400
43151392861 58 43151458402
43151392864 30 43151392866
43151392864 166 43151392869
43151392864 73 43151458400
43151392864 203 43151458402
43151392864 133 43151458405
43151392864 1 43151458408
43151392866 71 43151392869
43151392866 116 43151392872
43151392866 1 43151458400
43151392866 66 43151458402
43151392866 159 43151458405
43151392866 95 43151458408
43151392866 1 43151523941
43151392866 1 43151523944
43151392869 59 43151392872
43151392869 86 43151392874
43151392869 1 43151458402
43151392869 72 43151458405
43151392869 141 43151458408
43151392869 70 43151458410
43151392872 37 43151392874
43151392872 1 43151458405
43151392872 19 43151458408
43151392872 18 43151458410
43151458397 47 43151458402
43151458397 5 43151523933
43151458397 52 43151523936
43151458397 44 43151523938
43151458400 9 43151458402
43151458400 111 43151458405
43151458400 131 43151523936
43151458400 200 43151523938
43151458400 66 43151523941
43151458400 1 43151589474
43151458400 1 43151589477
43151458402 16 43151458405
43151458402 86 43151458408
43151458402 2 43151523936
43151458402 119 43151523938
43151458402 185 43151523941
43151458402 60 43151523944
43151458405 16 43151458408
43151458405 71 43151458410
43151458405 1 43151523938
43151458405 107 43151523941
43151458405 165 43151523944
43151458405 53 43151523946
43151458408 9 43151458410
43151458408 3 43151523941
43151458408 33 43151523944
43151458408 29 43151523946
43151523933 30 43151523938
43151523933 3 43151589469
43151523933 36 43151589472
43151523933 22 43151589474
43151523933 1 43151655008
43151523936 1 43151523938
43151523936 47 43151523941
43151523936 151 43151589472
43151523936 174 43151589474
43151523936 25 43151589477
43151523938 3 43151523941
43151523938 43 43151523944
43151523938 3 43151589472
43151523938 146 43151589474
43151523938 165 43151589477
43151523938 27 43151589480
43151523938 1 43151655013
43151523941 1 43151523944
43151523941 38 43151523946
43151523941 4 43151589474
43151523941 138 43151589477
43151523941 151 43151589480
43151523941 22 43151589482
43151523944 4 43151589477
43151523944 56 43151589480
43151523944 32 43151589482
43151589469 9 43151589474
43151589469 3 43151655005
43151589469 13 43151655008
43151589469 1 43151655010
43151589472 1 43151589474
43151589472 9 43151589477
43151589472 161 43151655008
43151589472 139 43151655010
43151589472 5 43151655013
43151589474 1 34529214589
43151589474 7 43151589480
43151589474 2 43151655008
43151589474 174 43151655010
43151589474 128 43151655013
43151589477 1 34529214589
43151589477 11 43151589482
43151589477 1 43151655008
43151589477 4 43151655010
43151589477 153 43151655013
43151589477 127 43151655016
43151589477 3 43151655018
43151589480 3 43151655013
43151589480 81 43151655016
43151589480 31 43151655018
43151655008 1 43151655013
47412412496 1 47412477984
47412412496 1 47412674666
47412674666 1 47412740202
47412740202 1 47429582952
47412740202 1 47429582954
47412871276 1 152174715
47412871276 1 43151523936
47412871276 1 43151523938
47429451777 2 47429451882
47429451777 2 47429517416
47429451777 2 47429517418
47429451880 2 47429451882
47429451880 1 47429517416
47429451880 1 47429517418
47429517416 2 47429582952
47429517416 3 47429582954
47429582952 2 43134681192
47429582952 2 43134681194
47429582952 1 43151458405
47429582952 1 43151458408
47429582952 1 47429648488
47429582952 1 47429648490
47429582954 1 47429648490
47429648488 1 47429714027
47429648490 1 47429714026
47429714026 1 43151589480
47429714026 1 43151589482
47429714027 1 47429779560
47429714027 1 47429779562
47429779560 1 43151655016
47446228993 1 43151327336
47446228993 1 43151327338
47446228993 2 47446229096
47446228993 6 47446229098
47446228993 7 47446294632
47446228993 7 47446294634
47446229096 6 47446229098
47446294529 3 43151392872
47446294529 3 43151392874
47446294529 6 47446294634
47446294529 1 47446360065
47446294529 3 47446360168
47446294529 2 47446360170
47446294632 3 43151392872
47446294632 2 43151392874
47446294632 5 47446294634
47446294632 3 47446360168
47446294632 4 47446360170
47446360065 3 43151458408
47446360065 3 43151458410
47446360065 7 47446360170
47446360065 5 47446425704
47446360065 5 47446425706
47446360168 1 43151458408
47446360168 1 43151458410
47446360168 7 47446360170
47446360168 4 47446425704
47446360168 4 47446425706
47446425601 1 47446425706
47446425601 1 47446491240
47446425601 1 47446491242
47446425704 2 43151523944
47446425704 2 43151523946
47446425704 1 47446425706
47446425704 7 47446491240
47446425704 7 47446491242
47446491240 4 43151589480
47446491240 4 43151589482
47446491240 4 47446556776
47446491240 4 47446556778
47446556776 4 43151655016
47446556776 3 43151655018
47446556776 1 47446622314
