85197899 1 4380231483
101909099 1 85197899
118620481 1 47363326512
118620520 1 47363326512
118620521 1 101909099
118751784 1 118817593
118817387 1 118883030
118817593 1 4413850573
118883030 1 118948756
118948459 1 118948460
134414494 1 135397658
134414571 1 118620481
134414571 1 135397697
135397618 1 135463196
135397620 1 4430430606
135397658 1 135463305
135397658 1 135463307
135397660 1 4430430606
135397697 1 47363326456
135463196 1 135528766
135463305 1 43068424813
135463307 1 118751784
135528529 1 135593986
135528683 1 135594192
135528766 1 4430561596
135528767 1 4430561596
135528923 1 118817387
135528923 1 118817487
135593986 1 47380496482
135594192 1 4430823433
135594393 1 8725790744
135594394 1 8725790744
135659527 1 4430823433
135659886 1 8725790744
135987205 1 135987207
135987205 1 152829955
151060545 1 151126173
151060579 1 4429316259
151126017 1 13037600815
151126069 1 151191631
151126071 1 151191634
151126071 1 151191635
151126071 1 30200168755
151126121 1 134414494
151126121 1 151191632
151126173 1 134414571
151191631 1 47380037952
151191632 1 135397618
151191632 1 47380037952
151191633 1 135397618
151191634 1 135397658
151191635 1 135397620
152174714 1 152240243
152174715 1 4447207543
152174715 1 8742502435
152240243 1 135528529
152829955 1 43119411356
152829955 1 43136188569
167837699 1 4446093317
167837729 1 151126069
167837729 3 151126071
167837730 1 151126071
169738241 1 169738408
169738241 1 169869313
169869313 1 170000390
184811521 1 184811626
184811521 1 43136450716
184811521 1 47429517416
184811521 2 47429517418
184811524 1 184811626
184811626 1 43136450716
185008132 1 185073665
185073665 1 43134812265
185073665 1 43134812267
201785345 1 43136450716
201785345 1 47429713921
201785345 1 47429714026
201785450 1 43136450716
201850886 1 43119673504
201850886 1 43134812264
4413587823 1 8708620803
4413719086 1 8708752094
4413850093 1 118948459
4413850573 1 4413916524
4429316259 1 4429381956
4429381956 1 4413587823
4430364916 1 4430430550
4430364917 1 4430430550
4430364919 1 4430430553
4430430495 1 135528923
4430430550 1 135528923
4430430553 1 4430496145
4430430606 1 4413719086
4430430607 1 4413719086
4430496145 1 4430561803
4430496146 1 4430561803
4430496220 1 118817487
4430561596 1 4430627071
4430561597 1 4430627071
4430561803 1 4413850093
4430627071 1 4430692376
4446093317 1 4446158856
4446158856 1 4430364916
4447142094 1 4430430495
4479909897 1 185008132
4479909897 1 185008134
4479909897 1 38841483404
8691909482 1 8691975392
8691975392 1 8692041271
8692041271 1 12987074836
8708620803 1 8691909482
8708620859 1 8691909482
8725332219 1 8725397911
8725397796 1 8725463523
8725397911 1 43085267039
8725463523 1 4413784793
8725528906 1 8725528907
8741126165 1 8725332219
8741126165 1 43134484578
8741126165 1 43134484581
8742109274 1 13020430595
8742109353 1 8725397796
8742109354 1 8725397796
8742502435 1 13037600815
8742502435 1 13037600816
13003719197 1 13003719198
13003851297 1 13003851298
13020365042 1 13020430671
13020430595 1 17315463613
13020430671 1 8725528906
13020496209 1 13020496210
13037076694 1 13020365042
17298686604 1 17298752492
17298752492 1 13003851297
17315266777 1 17315332399
17315266778 1 17315332399
17315266818 1 17315332399
17315332345 1 17315398055
17315332399 1 17315332455
17315332399 1 17315397972
17315332400 1 17315332456
17315332455 1 17315398051
17315332456 1 17315398051
17315397972 1 13020496209
17315397973 1 13020496209
17315398051 1 17315398129
17315398052 1 13003719197
17315398055 1 17298686604
17315398129 1 13003719197
17315463613 1 17298752139
17332895786 1 17332895787
21593588453 1 21593588454
21625962521 1 21626028067
21625962521 1 21626028068
21626028067 1 17315266777
21626028068 1 17315266818
21626028069 1 17315266818
21627011211 1 17315332345
21642674192 1 21625962521
21642674193 1 21625962521
21643001910 1 21627011211
21643001910 1 43134681184
21643001912 1 21627011211
25888489952 1 21593588453
25904218315 1 25905201457
25905201457 1 30183457253
25905201496 1 25888489952
25905201497 1 30183457253
25905398129 1 21610692655
25905463484 1 21610692655
25920929927 1 25904218315
25922502750 1 17332895786
25937641523 1 25920929927
25937903677 1 43085463707
25937903677 1 43134615653
25937903677 1 43134615656
30166746074 1 30166746075
30166811817 1 30166811818
30183457253 1 34478490358
30183457254 1 30183522983
30183457255 1 30183522983
30183522902 1 30183522903
30183522983 1 34478556130
30183522984 1 34478556130
30183654059 1 30183719616
30183654538 1 30166943311
30183654539 1 30166943311
30183719616 1 30183719617
30200168677 1 30200234303
30200168755 1 30183457254
30200234248 1 30200299807
30200234303 1 30200299883
30200299807 1 30200365324
30200299883 1 25905398129
30200365324 1 21610692658
30200496226 1 30200496227
30200627267 1 25905791037
30200627269 1 30200758336
30200627269 1 30200758337
30217338998 1 30217470066
30217470066 1 30234378352
30234378352 1 43136450716
34461844870 1 34461910928
34461845351 1 34445134926
34461910928 1 34461910929
34478424500 1 34478490283
34478424610 1 30166746074
34478424613 1 34478490438
34478490283 1 34478556025
34478490358 1 34478490436
34478490363 1 30166811817
34478490438 1 34478490439
34478555720 1 30183654059
34478556025 1 30183654538
34478556026 1 30183654538
34478556130 1 38773589266
34478556133 1 34478621843
34478556134 1 34478621843
34478621843 1 34478687837
34478621967 1 34461910776
34478621968 1 34461910776
34478687837 1 34478687838
34495136016 1 34495201660
34495136055 1 34495201713
34495136056 1 34478424500
34495136056 1 34478424610
34495201660 1 30183522902
34495201660 1 34495267343
34495201713 1 30183522903
34495267033 1 34495332428
34495267034 1 34495332530
34495267189 1 34495332735
34495267190 1 34495332735
34495267343 1 34478555720
34495332428 1 30200758336
34495332530 1 25905791037
34495332531 1 25905791037
34495332635 1 30200627261
34495332636 1 30200627261
34495332735 1 34495398214
34495332841 1 34495332943
34495398214 1 30200496226
34495398215 1 30200496226
34510864425 1 34511913190
34510864476 1 34510929977
34510929977 1 30200168677
34510929978 1 30200168677
34510930060 1 34495136055
34511913190 1 30200234248
34512568450 1 34529476736
34527576122 1 34510864476
34529083523 1 25922699320
34529083523 1 30217470065
34529083526 1 25922699320
34529476736 1 43136319647
38739903779 1 34445983877
38756614752 1 38756680685
38756680605 1 38756746626
38756680685 1 43034936922
38756746626 1 34461845351
38756746627 1 34461845351
38756746630 1 38756746732
38756746631 1 38756812772
38756746732 1 38756812772
38756812772 1 34445134934
38773326178 1 34478424613
38773326178 1 38773391854
38773326218 1 38756614752
38773326218 1 38773391966
38773391854 1 38773391910
38773391854 1 38773457583
38773391855 1 34478490363
38773391856 1 38773457663
38773391857 1 38773457587
38773391910 1 34478490363
38773391913 1 38756680605
38773391914 1 38756680605
38773391966 1 34461713304
38773457583 1 34478556133
38773457587 1 38773523434
38773457663 1 38773523534
38773523235 1 38773588910
38773523336 1 38773523337
38773523434 1 34478621967
38773523435 1 34478621967
38773523534 1 34461844870
38773523535 1 34461844870
38773588552 1 38773588553
38773588670 1 38773588671
38773588910 1 38773654692
38773589033 1 38773589034
38773589153 1 38773655000
38789120223 1 38790103354
38789120298 1 38773326218
38789120299 1 38773326218
38789120301 1 38773326178
38789120302 1 38773326178
38789120303 1 38773326178
38789120303 1 38790103395
38789120378 1 38773326218
38789120379 1 38773326178
38789120379 1 38773326218
38790103313 1 34495201660
38790103314 1 38790168903
38790103315 1 38790168903
38790103316 1 38790168905
38790103354 1 38773391854
38790103395 1 38773391854
38790103395 1 38773391856
38790168791 1 34495267034
38790168846 1 34495267033
38790168846 1 34495267189
38790168848 2 38790234410
38790168903 1 34495267189
38790168905 1 38790234491
38790168905 1 38790234567
38790168906 1 38790234491
38790168961 1 38790234567
38790168962 1 38790234567
38790234333 1 38790299833
38790234334 1 38790299833
38790234337 1 38790299735
38790234410 1 34495332532
38790234410 1 34495332635
38790234411 1 34495332635
38790234491 1 38790300141
38790234567 1 34495332841
38790234567 1 38790234568
38790234568 1 34495332841
38790234570 1 38790300240
38790234646 1 38790234647
38790299735 1 38790561871
38790299833 1 34495398103
38790299834 1 34495398103
38790299837 1 38790561871
38790300043 1 34495398102
38790300044 1 34495398102
38790300141 1 38790365761
38790300142 1 38790365761
38790300240 1 38790300241
38790365761 1 34478686782
38790365762 1 34478686782
38790561875 1 38790561877
38790561875 1 38790692943
38790692943 1 34512568450
38790692946 1 38790692948
38805766236 1 38805831881
38805831725 1 38805897282
38805831726 1 38805897283
38805831775 1 34510930060
38805831775 1 38805897357
38805831775 1 38805897436
38805831776 1 38805897436
38805831827 1 38789120298
38805831829 1 38789120223
38805831830 1 38789120223
38805831881 1 38789120378
38805831882 1 38789120301
38805897281 1 34495136056
38805897281 1 43134484576
38805897281 1 43134484578
38805897282 1 38806880450
38805897283 1 38790103313
38805897283 1 38806880450
38805897357 1 34495136016
38805897358 1 34495136016
38805897363 1 38790103314
38805897436 1 34495136056
38806880329 1 38806945950
38806880411 1 38806946008
38806880450 1 38790168791
38806880450 1 38790168846
38806880451 1 38790168848
38806880452 1 38790168848
38806880489 1 38790168846
38806880490 2 38790168846
38806880491 1 25922502747
38806880491 1 38790168848
38806880492 1 38790168848
38806945950 1 38790234413
38806946008 1 38790234333
38822477871 1 38822477886
38822477871 2 43134484576
38822477871 1 43136450716
38822477886 2 38822740061
38822477886 2 38822740064
38822477886 1 38839517277
38822477886 1 38839517280
38822477886 1 43117707360
38822477886 1 43136450713
38822477886 2 43136450716
38822477886 1 43136450719
38822477886 1 43136450722
38822477887 1 43136450722
38822477902 1 43117707360
38822477902 1 43136450716
38822477903 1 43136450716
38822543387 1 34510864425
38822543388 1 38806880489
38822543389 1 38806880450
38822543419 1 38805831775
38822543419 1 38805831827
38822543420 1 38805831725
38822543420 2 38805831775
38822543421 1 38805831725
38822543452 1 38805831775
38822740061 2 38822805597
38822740061 2 38822805600
38822805597 1 38822871133
38822805597 2 38822871136
38822871133 1 38839713887
38822871136 1 38822936671
38822871136 1 38822936673
38822936671 1 43117969505
38824575126 1 38824706195
38839255054 1 38839517277
38839255054 1 38839517280
38839255054 1 43136450713
38839255055 1 38839517277
38839255055 1 38839517280
38839255055 1 43136319641
38839255055 1 43136450713
38839255070 3 38839517277
38839255070 2 38839517280
38839255070 1 43134484576
38839255070 1 43134484578
38839255070 1 43136319641
38839255070 1 43136319647
38839255070 1 43136450719
38839255071 1 38839255086
38839255071 1 38839517277
38839255071 1 38839517280
38839255071 1 43136319647
38839255086 1 38839255087
38839255086 1 38839517274
38839255086 12 38839517277
38839255086 11 38839517280
38839255086 5 43134484576
38839255086 2 43136319644
38839255086 7 43136450713
38839255086 5 43136450716
38839255086 2 43136450719
38839255087 1 43134484576
38839255087 2 43136450713
38839255087 4 43136450716
38839255087 3 43136450719
38839255102 1 43136450719
38839517274 3 38839517280
38839517274 4 38839582813
38839517274 3 38839582816
38839517277 13 38839517280
38839517277 4 38839517282
38839517277 29 38839582813
38839517277 39 38839582816
38839517277 2 38839582818
38839517277 2 43134550109
38839517277 5 43134550112
38839517277 1 43134550114
38839517277 2 43136319644
38839517277 9 43136450713
38839517277 3 43136450716
38839517280 4 38839517282
38839517280 1 38839582813
38839517280 1 38839582816
38839517280 2 43136319644
38839517280 9 43136450713
38839517280 2 43136450716
38839582805 1 38839648343
38839582805 1 38839648346
38839582805 1 43136450722
38839582807 1 43136450722
38839582813 1 38839582816
38839582813 2 38839582818
38839582813 28 38839648349
38839582813 35 38839648352
38839582813 1 43134615645
38839582813 2 43134615648
38839582816 7 38839648352
38839582816 3 43134615648
38839648343 1 38839713882
38839648343 1 38839713885
38839648349 14 38839713885
38839648349 1 38839713886
38839648349 2 38839713887
38839648349 23 38839713888
38839648349 1 38839713889
38839648349 1 43134681181
38839648349 3 43134681184
38839648352 1 38839713887
38839648352 3 38839713888
38839648352 1 38839713889
38839648352 2 43134681183
38839648352 7 43134681184
38839648352 2 43134681185
38839648352 1 43134746719
38839648352 2 43134746721
38839713882 1 38839779422
38839713882 1 38839779423
38839713885 3 38839779421
38839713885 2 38839779423
38839713885 10 38839779424
38839713885 2 38839779425
38839713885 2 43134746720
38839713886 1 38839779423
38839713887 2 38839779423
38839713887 2 38839779425
38839713887 1 43134746719
38839713887 1 43134746721
38839713888 5 38839779423
38839713888 5 38839779424
38839713888 5 38839779425
38839713888 1 43134746719
38839713888 1 43134746720
38839713888 1 43134746721
38839779421 3 38839844960
38839779422 1 38839844959
38839779422 1 38839844961
38839779423 5 38839844959
38839779423 3 38839844961
38839779423 1 43134812255
38839779423 6 43134812257
38839779424 1 38839844959
38839779424 2 38839844960
38839779424 1 38839844961
38839779424 3 43134812255
38839779424 5 43134812256
38839779424 4 43134812257
38839844959 1 43134877791
38839844959 7 43134877793
38839844960 1 43134877791
38839844960 3 43134877792
38839844960 2 43134877793
38841221267 1 38841221270
38841221267 1 38841352339
38841221270 2 38841352342
38841352339 1 38841352342
38841352339 5 38841483411
38841352342 1 38824706198
38841352342 3 38841483411
38841352342 16 38841483414
38841483411 4 38841483414
38856294493 1 38839582813
38856294493 1 38839582816
38856294493 1 38856294496
38856294493 1 38856294498
38856294493 1 38856360032
38856294493 1 38856360034
38856294496 1 38856294498
38856360029 1 38856360034
38856360029 1 43134615648
38856360029 1 43134615650
43034805003 1 38739903779
43034936922 1 86310916
43051516382 1 43034805003
43051582108 1 38739903625
43051582109 1 38739903625
43051647904 1 38756746630
43051713630 1 43051779480
43051779480 1 43051845545
43051845545 1 43051845696
43067310545 1 43051516382
43068293478 1 43068359267
43068293479 1 43068359213
43068293517 1 43068359267
43068293558 1 43051582108
43068293559 1 43051582108
43068359156 1 43068424887
43068359213 1 38756680607
43068359267 1 43051647904
43068359268 1 43051647904
43068424730 1 38773523235
43068424732 1 43068490433
43068424732 1 43068490437
43068424733 1 43068490433
43068424733 1 43068490437
43068424734 1 43068490433
43068424812 1 38773523336
43068424812 1 43068490638
43068424813 1 43068424814
43068424887 1 43068490635
43068424969 1 43068490842
43068490433 1 38773588670
43068490433 1 43068556091
43068490437 1 43068556100
43068490635 1 38773589153
43068490638 1 38773589033
43068490842 1 38756812177
43068490843 1 38756812177
43068555856 1 43068621393
43068556091 1 38773654395
43068621393 1 43068621394
43084022019 1 43067310545
43084087522 2 43085070652
43084087523 1 43085070692
43084087526 1 43085070654
43084087527 1 43085070654
43084087603 1 43068293478
43084087684 1 43068293558
43085070574 1 13054378042
43085070574 1 43085136206
43085070613 1 38790168962
43085070613 1 43085136258
43085070613 2 43085136259
43085070614 1 43085136259
43085070652 1 38773391857
43085070652 1 43085136315
43085070654 1 43068359156
43085070654 1 43085136317
43085070655 1 43068359158
43085070692 1 38773391913
43085136093 1 43085201717
43085136147 1 38790234337
43085136205 1 43085201792
43085136206 1 43085201792
43085136206 1 47380169093
43085136258 1 38790234646
43085136259 1 38790234570
43085136259 1 38790234646
43085136259 1 43068424730
43085136260 1 43068424730
43085136263 1 43085201872
43085136315 1 43068424732
43085136317 1 43068424732
43085136318 1 43068424734
43085136319 1 43068424734
43085136319 1 43068424812
43085201637 1 43085267343
43085201638 1 43085267343
43085201717 1 47380234546
43085201792 1 38790300043
43085201872 1 43085267547
43085201874 1 43085267551
43085267039 1 43085529183
43085267343 1 38773588673
43085267547 1 38773588552
43085267548 1 38773588552
43085267551 1 43068555856
43085529183 1 47380496480
43100668000 1 43100733535
43100668000 1 43100930153
43100733533 1 43100799127
43100733533 1 43100799179
43100733534 1 43100799179
43100733535 1 43100799026
43100733535 1 47395766479
43100733536 1 47395766479
43100733565 1 38805831882
43100733567 1 43100799026
43100733568 1 43084022019
43100799023 1 25922502747
43100799023 1 38806880451
43100799024 1 25922502747
43100799025 3 43100864585
43100799026 1 25956581479
43100799026 1 43100864585
43100799026 1 43101847749
43100799027 1 25956581479
43100799075 1 38805897363
43100799075 1 43100864660
43100799076 1 43084087523
43100799076 1 43100864585
43100799077 1 43100864664
43100799078 1 43100864588
43100799078 1 43100864664
43100799127 2 43084087522
43100799129 1 43084087603
43100799129 1 43084087604
43100799129 1 43100864663
43100799130 1 43084087526
43100799130 1 43084087527
43100799130 1 43084087604
43100799130 1 43100864663
43100799179 1 38789120302
43100799179 1 38789120303
43100864585 1 13054378042
43100864585 2 43085070613
43100864586 1 43085070613
43100864588 1 47380037872
43100864660 1 38790103316
43100864663 1 43085070613
43100864664 1 13037076694
43100864664 2 43085070613
43100864666 1 43085070654
43100864666 1 47380037872
43100930153 1 43100995689
43100995689 1 43134877799
43101847591 1 43101913198
43101847631 1 43085463707
43101847631 1 43101913141
43101847749 1 43085136093
43101847749 1 43101847790
43101847750 1 43085136147
43101847788 1 38790168905
43101847790 1 43085136147
43101847791 1 43085136205
43101913141 1 38790692946
43101913198 1 43085201637
43117445167 2 43134484576
43117445167 1 43134484578
43117445167 1 43136450713
43117445167 1 43136450719
43117445168 1 43134484581
43117445168 2 43134484584
43117445168 2 43136450722
43117445168 1 47395700832
43117445183 1 25956581482
43117445183 2 38841483411
43117445183 5 38841483414
43117445183 4 43117707360
43117445183 9 43117707362
43117445183 10 43117707365
43117445183 2 43117707368
43117445183 1 43119673497
43117445183 7 43134484576
43117445183 16 43134484578
43117445183 10 43134484581
43117445183 1 43134484584
43117445183 1 43136319644
43117445183 1 43136319650
43117445183 1 43136450710
43117445183 7 43136450713
43117445183 6 43136450716
43117445183 4 43136450719
43117445183 3 43136450722
43117445183 1 47431286952
43117445183 1 47431418021
43117445184 1 25956581482
43117445184 1 38841483414
43117445184 1 43100733565
43117445184 2 43117707365
43117445184 7 43117707368
43117445184 1 43119673497
43117445184 2 43134484581
43117445184 8 43134484584
43117445184 1 43134484586
43117445184 1 43136319644
43117445184 2 43136450713
43117445184 2 43136450716
43117445184 2 43136450719
43117445184 5 43136450722
43117445184 2 43136450725
43117445184 1 47412478048
43117445184 3 47431418021
43117445198 1 43117707360
43117445198 1 43136450716
43117445199 1 38841483414
43117445199 1 43117510687
43117445199 1 43117510750
43117445199 1 43117707362
43117445199 1 43117707365
43117445199 1 43117707366
43117445199 1 43117707367
43117445199 1 43117707368
43117445199 1 43136319650
43117445199 1 43136450716
43117445200 1 43117510687
43117445215 1 43117510750
43117510685 1 38805831726
43117510685 1 43100799023
43117510686 1 43100799023
43117510686 2 43100799025
43117510686 1 43100799076
43117510686 1 43100799077
43117510687 1 43100799025
43117510687 1 47395766375
43117510688 1 47395766375
43117510717 2 43100799075
43117510718 1 43100799129
43117510719 1 43100799026
43117510719 1 43100799078
43117510719 1 43100799129
43117510719 1 47395766427
43117510720 1 47395766375
43117510749 1 38805831829
43117510749 1 43100799076
43117510749 1 43100799127
43117510750 1 43100799076
43117510750 1 43100799129
43117510750 1 43100799130
43117510751 1 43100799078
43117510751 1 43100799129
43117510751 2 43100799130
43117707360 1 38841483414
43117707360 7 43117772896
43117707360 1 43117772898
43117707360 1 43134550112
43117707360 1 43134550114
43117707362 1 38841483414
43117707362 7 43117772898
43117707362 2 43117772901
43117707362 1 43134550112
43117707362 2 43134550114
43117707362 2 43134550117
43117707365 9 43117772901
43117707365 2 43117772904
43117707365 2 43134550117
43117707365 1 43134550120
43117707365 1 43136450713
43117707365 1 43136450716
43117707365 1 43136450722
43117707366 1 43117772903
43117707368 1 43117772903
43117707368 7 43117772904
43117707368 1 43117772905
43117707368 1 43117838441
43117707368 2 43134550120
43117707368 1 43136450716
43117707368 2 43136450719
43117707370 1 43136450719
43117772896 6 43117838432
43117772896 3 43117838434
43117772896 1 43134615648
43117772898 3 43117838434
43117772898 1 43117838437
43117772898 3 43134615650
43117772901 4 43117838437
43117772901 1 43117838439
43117772901 1 43117838441
43117772901 5 43134615653
43117772901 1 43136450716
43117772903 1 43117838439
43117772903 1 43117838441
43117772904 2 43117838440
43117772904 5 43134615656
43117838432 2 43117903969
43117838432 5 43117903971
43117838432 1 43134681185
43117838434 2 43117903969
43117838434 3 43117903971
43117838434 2 43117903972
43117838434 1 43117903974
43117838437 2 43117903972
43117838437 4 43117903974
43117838437 1 43117903975
43117838437 1 43134681190
43117838439 1 43117903975
43117838439 1 43117903977
43117838439 1 43118035046
43117838439 1 43134812263
43117838440 1 43117903977
43117838440 1 47412871275
43117838441 1 43117903977
43117838441 1 43117903979
43117838441 1 43134681192
43117903969 3 43117969505
43117903969 3 43117969507
43117903969 1 43134746721
43117903969 1 43134746723
43117903971 3 43117969507
43117903971 1 43134746723
43117903971 1 43134746724
43117903972 1 43117969508
43117903972 2 43117969510
43117903972 1 43134746724
43117903974 2 43117969510
43117903975 1 43117969513
43117903977 1 43117969511
43117903977 2 43134746729
43117969505 2 43118035041
43117969505 1 43118035043
43117969505 2 43134812257
43117969507 1 43118035043
43117969507 2 43134812259
43117969507 1 43134812260
43117969508 1 43134812260
43117969510 1 43134812260
43117969510 3 43134812262
43117969510 1 43134812263
43117969511 1 43134812263
43117969511 1 43134812265
43117969513 1 43134812263
43117969513 1 43134812265
43118035041 1 43134877793
43118035041 1 43134877795
43118035043 1 43134877795
43118035046 1 43134877795
43118035046 1 43134877796
43119411353 3 43119542425
43119411356 1 43119542428
43119411359 1 43119542431
43119542422 1 38824706198
43119542425 3 43119673497
43119542428 1 43119673500
43119542428 1 43119673503
43119542431 1 43119673503
43119542431 1 43119673504
43134222350 1 43117510685
43134222350 1 43117510686
43134222351 1 21642674192
43134222351 1 38822543388
43134222351 1 38822543389
43134222351 1 38822543419
43134222351 1 43101847788
43134222351 1 43117510685
43134222351 4 43117510686
43134222351 1 43117510687
43134222351 1 43117510718
43134222351 2 43117510719
43134222351 2 43134484576
43134222351 3 43134484578
43134222351 1 43134484581
43134222351 1 43136450716
43134222351 1 43136450725
43134222351 1 47412477984
43134222352 1 167837699
43134222352 1 43117510685
43134222352 2 43117510687
43134222352 1 43134222368
43134222352 2 43134484581
43134222352 2 43134484584
43134222352 1 43136450719
43134222352 2 47412477984
43134222366 1 21625962521
43134222366 1 43117510717
43134222367 1 167837729
43134222367 1 21625962521
43134222367 1 25937641523
43134222367 1 38822543387
43134222367 1 38822543419
43134222367 1 38822543420
43134222367 2 38841483414
43134222367 1 43100733535
43134222367 1 43117510717
43134222367 1 43117510719
43134222367 1 43117510749
43134222367 12 43134484576
43134222367 15 43134484578
43134222367 5 43134484581
43134222367 2 43134484584
43134222367 1 43136319641
43134222367 1 43136450710
43134222367 3 43136450713
43134222367 1 43136450716
43134222367 2 43136450719
43134222367 3 43136450722
43134222367 2 43136450725
43134222367 1 47412477984
43134222367 3 47412478016
43134222367 1 47431418021
43134222368 3 167837729
43134222368 1 4430364919
43134222368 1 25937641523
43134222368 1 43117510686
43134222368 2 43117510719
43134222368 5 43134484581
43134222368 5 43134484584
43134222368 1 43136450719
43134222368 1 43136450722
43134222368 1 43136450725
43134222368 3 47412478016
43134222368 1 47412478048
43134222368 1 47429451880
43134222368 1 47429451882
43134222368 1 47431417857
43134222368 1 47431418024
43134222383 1 25905201496
43134222383 1 34527576122
43134222383 1 38805766236
43134222383 2 38822543420
43134222383 2 38824706198
43134222383 2 38841483411
43134222383 5 38841483414
43134222383 2 43100733533
43134222383 1 43100733535
43134222383 1 43117510717
43134222383 1 43117510749
43134222383 2 43117510750
43134222383 1 43117510751
43134222383 4 43119673497
43134222383 1 43119673500
43134222383 1 43119673503
43134222383 1 43134222384
43134222383 4 43134222399
43134222383 23 43134484576
43134222383 59 43134484578
43134222383 47 43134484581
43134222383 7 43134484584
43134222383 1 43134550114
43134222383 1 43136188572
43134222383 1 43136319641
43134222383 2 43136319644
43134222383 1 43136319650
43134222383 5 43136450710
43134222383 11 43136450713
43134222383 13 43136450716
43134222383 7 43136450719
43134222383 2 43136450722
43134222383 4 43136450725
43134222383 1 47395700832
43134222383 1 47395700864
43134222383 1 47431286952
43134222383 1 47431417857
43134222383 4 47431418021
43134222383 2 47431418024
43134222384 1 151060545
43134222384 1 151060579
43134222384 1 25905201496
43134222384 1 38824706195
43134222384 1 38841483411
43134222384 1 43100733534
43134222384 1 43100733568
43134222384 1 43117510749
43134222384 2 43117510751
43134222384 2 43119673497
43134222384 1 43119673503
43134222384 7 43134484581
43134222384 11 43134484584
43134222384 1 43136450713
43134222384 1 43136450716
43134222384 5 43136450719
43134222384 2 43136450722
43134222384 1 43136450725
43134222384 1 47412478048
43134222384 6 47431418021
43134222384 2 47431418024
43134222399 1 38841483411
43134222399 1 43100733565
43134222399 1 43117510749
43134222399 1 43119673497
43134222399 1 43134484578
43134222399 1 43134484581
43134222399 1 43136319650
43134222399 1 43136450713
43134222399 2 43136450722
43134222399 1 43136450725
43134222399 1 47412478048
43134222399 1 47431418024
43134484573 45 43134484578
43134484573 1 43134550109
43134484573 46 43134550112
43134484573 43 43134550114
43134484573 1 43136450713
43134484576 6 38841483411
43134484576 17 38841483414
43134484576 104 43134484578
43134484576 103 43134484581
43134484576 194 43134550112
43134484576 260 43134550114
43134484576 66 43134550117
43134484576 1 43134615648
43134484576 1 43136319638
43134484576 1 43136319641
43134484576 1 43136319644
43134484576 1 43136319650
43134484576 5 43136450710
43134484576 14 43136450713
43134484576 21 43136450716
43134484576 7 43136450719
43134484576 6 43136450722
43134484578 1 38806880411
43134484578 7 38841483411
43134484578 21 38841483414
43134484578 1 43101847749
43134484578 178 43134484581
43134484578 106 43134484584
43134484578 1 43134550112
43134484578 220 43134550114
43134484578 285 43134550117
43134484578 81 43134550120
43134484578 1 43134615650
43134484578 1 43136319638
43134484578 2 43136319641
43134484578 1 43136319644
43134484578 1 43136319650
43134484578 10 43136450710
43134484578 29 43136450713
43134484578 44 43136450716
43134484578 24 43136450719
43134484578 19 43136450722
43134484578 3 43136450725
43134484578 1 47431418021
43134484581 1 152174714
43134484581 1 38806880411
43134484581 1 38841483411
43134484581 6 38841483414
43134484581 1 43101847749
43134484581 187 43134484584
43134484581 73 43134484586
43134484581 213 43134550117
43134484581 234 43134550120
43134484581 55 43134550122
43134484581 1 43134615653
43134484581 1 43136319641
43134484581 2 43136319647
43134484581 5 43136450710
43134484581 22 43136450713
43134484581 37 43136450716
43134484581 40 43136450719
43134484581 28 43136450722
43134484581 10 43136450725
43134484581 6 47431418021
43134484581 8 47431418024
43134484584 1 38841483414
43134484584 82 43134484586
43134484584 1 43134550112
43134484584 2 43134550117
43134484584 58 43134550120
43134484584 24 43134550122
43134484584 2 43136319647
43134484584 8 43136450713
43134484584 14 43136450716
43134484584 31 43136450719
43134484584 33 43136450722
43134484584 8 43136450725
43134484584 6 47431418021
43134484584 9 47431418024
43134484586 1 43136450713
43134484586 1 43136450716
43134484586 7 43136450719
43134484586 13 43136450722
43134484586 1 43136450725
43134484586 2 47431418021
43134484586 1 47431418024
43134550109 20 43134550114
43134550109 1 43134615645
43134550109 22 43134615648
43134550109 15 43134615650
43134550112 1 4447142094
43134550112 1 8742109353
43134550112 45 43134550117
43134550112 214 43134615648
43134550112 218 43134615650
43134550112 23 43134615653
43134550114 1 43117838434
43134550114 1 43117838437
43134550114 36 43134550120
43134550114 1 43134615648
43134550114 270 43134615650
43134550114 210 43134615653
43134550114 22 43134615656
43134550114 1 43136450713
43134550117 44 43134550122
43134550117 2 43134615650
43134550117 273 43134615653
43134550117 220 43134615656
43134550117 21 43134615658
43134550117 2 43134681190
43134550117 1 43134681191
43134550117 1 43136450713
43134550120 4 43134615653
43134550120 85 43134615656
43134550120 22 43134615658
43134550120 1 43134681192
43134550120 1 43134746727
43134550120 1 43134746729
43134550120 1 47429582952
43134550120 1 47429582954
43134615645 4 43134615650
43134615645 1 43134681181
43134615645 5 43134681184
43134615648 9 43134615653
43134615648 1 43134681183
43134615648 188 43134681184
43134615648 18 43134681185
43134615648 157 43134681186
43134615648 14 43134681187
43134615648 4 43134681189
43134615648 4 43134746721
43134615648 3 43134746723
43134615648 1 43134746724
43134615650 10 43134615656
43134615650 2 43134681185
43134615650 248 43134681186
43134615650 18 43134681187
43134615650 21 43134681188
43134615650 155 43134681189
43134615650 4 43134681190
43134615650 1 43134746721
43134615650 1 43134746722
43134615650 7 43134746723
43134615650 8 43134746724
43134615650 2 43134746726
43134615653 7 43134615658
43134615653 1 43134681186
43134615653 4 43134681188
43134615653 250 43134681189
43134615653 22 43134681190
43134615653 18 43134681191
43134615653 154 43134681192
43134615653 2 43134681194
43134615653 1 43134746725
43134615653 3 43134746726
43134615653 4 43134746727
43134615656 4 43134681189
43134615656 14 43134681191
43134615656 116 43134681192
43134615656 17 43134681193
43134615656 24 43134681194
43134615656 1 43134681195
43134615656 2 43134746727
43134615656 5 43134746729
43134681181 2 43134746720
43134681183 2 43134746721
43134681183 1 43134812257
43134681184 2 38841483411
43134681184 3 43134746719
43134681184 144 43134746720
43134681184 32 43134746721
43134681184 103 43134746722
43134681184 23 43134746723
43134681184 5 43134812257
43134681184 3 43134812259
43134681184 1 43136319641
43134681184 1 43136450713
43134681185 19 43134746721
43134681185 14 43134746723
43134681186 1 8742109274
43134681186 2 43134746720
43134681186 1 43134746721
43134681186 198 43134746722
43134681186 32 43134746723
43134681186 41 43134746724
43134681186 98 43134746725
43134681186 5 43134746726
43134681186 6 43134812259
43134681186 5 43134812260
43134681186 1 43136319641
43134681186 1 43136450713
43134681186 1 43136450719
43134681187 15 43134746723
43134681187 7 43134746724
43134681188 12 43134746724
43134681188 9 43134746726
43134681189 1 8742109274
43134681189 13 43134746724
43134681189 210 43134746725
43134681189 40 43134746726
43134681189 29 43134746727
43134681189 94 43134746728
43134681189 3 43134746729
43134681189 2 43134812260
43134681189 2 43134812261
43134681189 8 43134812262
43134681189 6 43134812263
43134681189 1 43134812264
43134681189 1 43134812265
43134681190 1 43134746724
43134681190 17 43134746726
43134681190 11 43134746727
43134681191 1 43134746726
43134681191 17 43134746727
43134681191 14 43134746729
43134681192 2 43134681194
43134681192 4 43134746725
43134681192 17 43134746727
43134681192 124 43134746728
43134681192 32 43134746729
43134681192 8 43134746730
43134681192 6 43134746731
43134681192 2 43134812263
43134681192 4 43134812265
43134681192 1 43134812267
43134681193 4 43134746729
43134681193 1 43134746731
43134681194 1 43134746728
43134746719 5 43134812257
43134746720 1 38807273612
43134746720 1 43134812255
43134746720 101 43134812256
43134746720 33 43134812257
43134746720 56 43134812258
43134746720 22 43134812259
43134746720 1 43134877791
43134746720 2 43134877793
43134746720 1 43134877795
43134746721 1 25922502750
43134746721 1 38807273612
43134746721 50 43134812257
43134746721 30 43134812259
43134746722 1 30217470065
43134746722 2 43134812257
43134746722 117 43134812258
43134746722 45 43134812259
43134746722 55 43134812260
43134746722 56 43134812261
43134746722 10 43134812262
43134746722 2 43134877795
43134746722 7 43134877796
43134746722 6 43134877798
43134746722 1 43136450713
43134746723 1 43134812257
43134746723 51 43134812259
43134746723 28 43134812260
43134746724 1 43134812259
43134746724 45 43134812260
43134746724 25 43134812262
43134746725 1 170000390
43134746725 1 38806880329
43134746725 1 43134746728
43134746725 2 43134812258
43134746725 13 43134812260
43134746725 134 43134812261
43134746725 54 43134812262
43134746725 39 43134812263
43134746725 59 43134812264
43134746725 2 43134812265
43134746725 1 43134877796
43134746725 1 43134877797
43134746725 6 43134877798
43134746725 6 43134877799
43134746725 1 43134877801
43134746725 1 43136450713
43134746726 2 43134812260
43134746726 42 43134812262
43134746726 19 43134812263
43134746726 1 43134877799
43134746727 1 43134812262
43134746727 43 43134812263
43134746727 28 43134812265
43134746727 1 43134877799
43134746728 1 38806880329
43134746728 17 43134812263
43134746728 95 43134812264
43134746728 39 43134812265
43134746728 3 43134812266
43134746728 10 43134812267
43134746728 2 43134877799
43134746728 10 43134877801
43134746728 3 43134877803
43134746729 1 38824706198
43134746729 1 43101847591
43134746729 1 43134812262
43134746729 3 43134812263
43134746729 28 43134812265
43134746729 4 43134812267
43134746731 1 43134812265
43134812255 5 43134877793
43134812256 4 43134877791
43134812256 49 43134877792
43134812256 34 43134877793
43134812256 25 43134877794
43134812256 19 43134877795
43134812257 1 43134877791
43134812257 86 43134877793
43134812257 35 43134877795
43134812258 1 43134812261
43134812258 2 43134877793
43134812258 70 43134877794
43134812258 26 43134877795
43134812258 35 43134877796
43134812258 20 43134877797
43134812258 9 43134877798
43134812259 3 43134877793
43134812259 97 43134877795
43134812259 40 43134877796
43134812259 1 43136450710
43134812260 3 43134877795
43134812260 86 43134877796
43134812260 33 43134877798
43134812261 15 43134877796
43134812261 69 43134877797
43134812261 49 43134877798
43134812261 42 43134877799
43134812261 24 43134877800
43134812262 3 43134877796
43134812262 86 43134877798
43134812262 25 43134877799
43134812263 5 43134877798
43134812263 77 43134877799
43134812263 23 43134877801
43134812264 1 43134877798
43134812264 23 43134877799
43134812264 60 43134877800
43134812264 40 43134877801
43134812264 7 43134877803
43134812265 1 43134877798
43134812265 4 43134877799
43134812265 75 43134877801
43134812265 15 43134877803
43134877798 1 47397470374
43134877799 1 43136450725
43136188566 1 38824575126
43136188566 1 43136319638
43136188569 1 43119542422
43136188569 2 43119542425
43136188569 2 43136188572
43136188569 8 43136319641
43136188569 1 43136319644
43136188572 6 43136319644
43136188572 1 43136319647
43136188575 1 43119542431
43136188575 5 43136319647
43136188578 1 43136319647
43136188578 3 43136319650
43136188581 1 43136319653
43136188581 2 47431286949
43136319638 1 38824706198
43136319638 5 38841483414
43136319638 6 43136319641
43136319638 6 43136450710
43136319638 1 43136450713
43136319641 2 38841483414
43136319641 3 43119673497
43136319641 12 43136319644
43136319641 6 43136450710
43136319641 35 43136450713
43136319641 11 43136450716
43136319644 8 43136319647
43136319644 9 43136450713
43136319644 52 43136450716
43136319644 11 43136450719
43136319647 1 43119673503
43136319647 4 43136319650
43136319647 5 43136450716
43136319647 40 43136450719
43136319647 14 43136450722
43136319650 1 43119673503
43136319650 6 43136319653
43136319650 11 43136450719
43136319650 44 43136450722
43136319650 8 43136450725
43136319653 6 43136450725
43136319653 4 47431418021
43136450710 7 43136450713
43136450713 7 43136450716
43136450716 5 43136450719
43136450719 5 43136450722
43136450722 3 43136450725
43151261789 2 43134550112
43151261789 2 43134550114
43151261789 3 43151261794
43151261789 1 43151327328
43151261789 1 43151327330
43151261792 5 43134550114
43151261792 5 43134550117
43151261792 3 43151261794
43151261792 10 43151261797
43151261792 5 43151327330
43151261792 5 43151327333
43151261794 1 43134550114
43151261794 4 43134550117
43151261794 2 43134550120
43151261794 10 43151261797
43151261794 19 43151261800
43151261794 1 43151327330
43151261794 15 43151327333
43151261794 14 43151327336
43151261797 1 43134550120
43151261797 1 43134550122
43151261797 18 43151261800
43151261797 5 43151261802
43151261797 1 43151327333
43151261797 4 43151327336
43151261797 3 43151327338
43151261800 1 43134550120
43151261800 1 43134550122
43151261800 6 43151261802
43151327325 1 43151327330
43151327325 1 43151392864
43151327325 1 43151392866
43151327328 1 43134615650
43151327328 1 43134615653
43151327328 5 43151327333
43151327328 2 43151392864
43151327328 4 43151392866
43151327328 2 43151392869
43151327330 2 43134615650
43151327330 3 43134615653
43151327330 1 43134615656
43151327330 1 43151327333
43151327330 8 43151327336
43151327330 2 43151392866
43151327330 7 43151392869
43151327330 5 43151392872
43151327333 1 43119542425
43151327333 2 43134615653
43151327333 4 43134615656
43151327333 2 43134615658
43151327333 2 43151327336
43151327333 4 43151327338
43151327333 8 43151392869
43151327333 10 43151392872
43151327333 2 43151392874
43151327336 1 43119542425
43151327336 1 43151327338
43151392864 2 43134681184
43151392864 3 43134681186
43151392864 2 43151392869
43151392864 1 43151458400
43151392864 2 43151458402
43151392864 1 43151458405
43151392866 1 43134681189
43151392866 1 43134681192
43151392866 2 43151392872
43151392866 3 43151458402
43151392866 3 43151458405
43151392869 1 43134615658
43151392869 6 43134681189
43151392869 7 43134681192
43151392869 2 43151392874
43151392869 6 43151458405
43151392869 7 43151458408
43151392869 1 43151458410
43151458400 2 43134746720
43151458400 2 43134746722
43151458400 1 43136450719
43151458402 1 43134746722
43151458402 1 43134746725
43151458402 1 43136450719
43151458402 2 43151523938
43151458402 2 43151523941
43151458402 1 43151589474
43151458405 3 43134746725
43151458405 2 43134746728
43151458405 3 43151523941
43151458405 3 43151523944
43151458408 1 43151523944
43151458408 1 43151523946
43151523938 2 43134812258
43151523938 2 43134812261
43151523941 2 43134812261
43151523941 2 43134812264
43151523941 1 43151589477
43151523944 1 43151589480
43151589474 1 43134877794
43151589477 1 43134877797
43151589480 1 43134877800
47363326456 1 43068424969
47363326512 1 47363392267
47363392267 1 43051713630
47379054826 1 47380037952
47379054903 1 43068293479
47379054982 1 118620521
47380037872 1 47380103448
47380037912 1 43085136263
47380037912 1 43085136319
47380037912 1 47380103559
47380037952 1 43085136318
47380037952 1 47380103615
47380037992 1 47363326456
47380103448 1 135528683
47380103504 1 135528683
47380103559 1 43085201874
47380103615 1 43068424812
47380169093 1 135594393
47380234546 1 135659767
47395635296 1 47395700864
47395635296 1 47412674666
47395700832 1 47395766428
47395700864 1 47395766324
47395700864 1 47395766429
47395766324 1 47395831885
47395766375 1 43100864666
47395766375 1 47395831962
47395766376 2 47395831964
47395766427 1 47379054982
47395766428 1 47379054826
47395766428 1 47379054903
47395766429 1 134414571
47395766479 1 43084087684
47395766480 1 134414571
47395831885 1 43101847791
47395831962 1 43085070655
47395831964 3 47380037912
47395832042 1 47380037912
47397470374 1 43102699613
47412412480 1 43117707368
47412412480 1 43119673503
47412412480 1 43136450722
47412412480 1 47429451880
47412412480 1 47429451882
47412477984 1 151126017
47412477984 1 47395766324
47412477984 1 47395766375
47412478016 1 151126121
47412478016 2 47395766376
47412478048 1 151126121
47412478048 1 47395766428
47412478048 1 47395831964
47412674666 1 43134550122
47412674666 1 43136450722
47412674666 1 47412740202
47412740202 1 47412805738
47412805738 1 47429648491
47412871275 1 47412936811
47412936811 1 43134812265
47412936811 1 43134812267
47429189664 1 43119673503
47429189664 1 43134484584
47429189664 1 43134484586
47429189664 1 43136450719
47429189664 1 47429451777
47429189664 1 47429451882
47429189680 1 43134484584
47429189680 1 43134484586
47429189680 1 43136450716
47429189680 3 43136450719
47429189680 4 43136450722
47429189680 6 47429451880
47429189680 7 47429451882
47429189696 1 43136450719
47429189696 1 43136450722
47429451777 1 43134550120
47429451777 1 43134550122
47429451777 1 43136450716
47429451777 1 43136450719
47429451777 11 47429451882
47429451777 9 47429517416
47429451777 13 47429517418
47429451880 6 43134550120
47429451880 5 43134550122
47429451880 1 43136450713
47429451880 1 43136450716
47429451880 10 43136450719
47429451880 8 43136450722
47429451880 21 47429451882
47429451880 28 47429517416
47429451880 32 47429517418
47429451882 1 43136450713
47429451882 2 43136450716
47429451882 11 43136450719
47429451882 8 43136450722
47429451882 1 47429517418
47429517313 1 43134615656
47429517313 1 43134615658
47429517313 1 47429517418
47429517416 8 43134615656
47429517416 7 43134615658
47429517416 25 47429582952
47429517416 29 47429582954
47429517418 2 47429582952
47429517418 10 47429582954
47429582952 10 43134681192
47429582952 4 43134681194
47429582952 1 43134746729
47429582952 1 43134746731
47429582952 16 47429648488
47429582952 1 47429648489
47429582952 16 47429648490
47429582952 1 47429648491
47429582954 3 47429648488
47429582954 10 47429648490
47429582954 2 47429648491
47429648488 5 43134746728
47429648488 1 43134746729
47429648488 3 43134746730
47429648488 1 43134746731
47429648488 10 47429714024
47429648488 3 47429714025
47429648488 11 47429714026
47429648488 3 47429714027
47429648489 1 47429714025
47429648489 1 47429714027
47429648490 1 47429714025
47429648490 3 47429714026
47429648490 4 47429714027
47429648491 1 47429714025
47429648491 3 47429714027
47429713921 1 47429779560
47429713921 1 47429779562
47429714024 3 43134812264
47429714024 2 43134812265
47429714024 1 43134812266
47429714024 2 43134812267
47429714024 3 47429779560
47429714024 2 47429779561
47429714024 3 47429779562
47429714024 2 47429779563
47429714025 6 43134812265
47429714025 6 43134812267
47429714026 1 47429779560
47429714026 1 47429779561
47429714026 1 47429779562
47429714026 2 47429779563
47429714027 2 43134812265
47429714027 2 43134812267
47429714027 1 47429779561
47429714027 3 47429779563
47429779560 3 43134877800
47429779560 2 43134877801
47429779560 2 43134877803
47429779561 4 43134877801
47429779561 3 43134877803
47429779563 2 43134877801
47429779563 3 43134877803
47431286949 7 47431418021
47431286949 4 47431418024
47431286952 1 47431417857
47431286952 3 47431418024
47431418021 1 47431418024
