38822740058 1 38839582810
38839582810 1 38839648346
38839582810 1 38839648349
38839648346 1 38839713882
38839648346 1 38839713885
38839713882 1 38856556637
38839713882 1 38856556640
38856556637 1 43151589472
38856556637 1 43151589474
43134222384 1 47429451880
43134222384 1 47429451882
43151523944 1 43168366693
43151523944 1 43168366696
43151589472 1 43168432229
43151589472 1 43168432232
43151589480 1 43168432229
43168366690 2 43168366696
43168366690 1 43168432232
43168366690 1 43168432234
43168366693 1 43168366696
43168366693 1 43168366698
43168432221 1 43168432226
43168432224 1 43168432226
43168432226 1 43168432232
43168432229 1 43168432234
47429189680 1 47429451882
47429451880 1 47429451882
47429451880 2 47429517416
47429451880 2 47429517418
47429451882 1 47429517418
47429517416 1 47429582952
47429517416 2 47429582954
47429517418 1 47429582954
47429582952 1 47429648490
47429582954 1 47429648488
47429582954 2 47429648490
47429648488 1 43151523944
47429648488 1 43151523946
47429648490 2 47446491240
47429648490 2 47446491242
47446491240 1 43151589480
47446491240 1 43151589482
47446491240 1 43168366696
47446491240 1 43168366698
