51052546 1 51118083
51052547 1 51118083
51118082 2 52690949
51118083 1 51183619
51183619 1 52822028
52690949 2 52822021
52690949 1 52822024
52822021 1 52953093
52822021 1 52953096
52822024 1 52953099
52822028 1 52953103
52953093 1 53084169
52953096 1 53084169
52953099 1 53084174
52953100 1 53084174
53084169 1 53215241
53084169 1 53215243
53084174 1 53215246
53215235 1 53346307
53215241 1 53346314
53215243 1 53346315
53215246 1 4348313616
67174689 3 67240457
67174689 4 67240509
67174720 3 67240457
67174720 3 67240509
67240457 3 67306409
67240457 2 67306410
67240457 2 67306411
67240457 1 67306487
67240457 1 67306489
67240457 1 68289113
67240458 1 67306411
67240508 1 67306409
67240508 1 68289113
67240509 2 67306487
67240509 1 67306488
67240509 1 68289235
67240561 1 68289273
67240561 1 68289274
67240613 2 67829762
67306331 2 68289114
67306409 1 68289114
67306409 4 68289153
67306410 1 68289114
67306410 1 68289155
67306411 1 68289154
67306411 1 68289155
67306412 1 68289155
67306486 1 68289153
67306487 1 68289153
67306487 4 68289193
67306487 1 68355114
67306488 1 68289194
67306489 1 68289195
67306564 2 68289193
67829762 1 51118082
67829762 1 67895298
67829762 1 68289273
67829762 1 68289274
67895298 1 52690949
68289113 2 68355001
68289113 2 68355057
68289114 1 68289154
68289114 1 68355004
68289114 2 68355059
68289114 1 68355061
68289115 1 4363322302
68289152 1 68355057
68289153 2 68355057
68289153 2 68355058
68289153 1 68355059
68289153 2 68355114
68289154 1 68355059
68289154 1 68355116
68289155 1 68355117
68289155 1 4363322414
68289193 1 68355114
68289193 1 68355169
68289193 1 68355170
68289193 1 69468162
68289193 1 69468166
68289194 1 69468169
68289195 1 68355173
68289233 1 69468162
68289234 1 69468169
68289235 1 69468175
68289273 1 69468161
68289273 1 69468165
68289274 1 69468168
68289274 1 69468172
68355001 1 68421145
68355001 2 68421146
68355002 1 68421148
68355004 1 68421151
68355057 3 69468162
68355057 3 69468166
68355058 1 69468169
68355058 1 69468171
68355059 1 69468171
68355059 1 69468174
68355059 1 4364435473
68355061 1 4364435482
68355112 2 69468162
68355112 1 69468163
68355114 4 69468169
68355116 1 68355117
68355117 1 4364435476
68355169 1 69468162
68355169 1 69468166
68355170 2 69468166
68355170 1 69468169
68355173 1 4364435473
68355173 1 4364435476
68421145 1 69468163
68421146 2 69468164
68421148 1 69468167
68421151 1 4364435472
69468161 1 69599234
69468162 1 69599234
69468162 1 69599235
69468162 2 69599236
69468162 1 69599238
69468163 1 69599236
69468163 1 69795841
69468164 1 69795844
69468164 1 69795846
69468165 1 69599238
69468166 1 69599236
69468166 2 69599238
69468166 2 69599239
69468166 2 69599241
69468167 1 69795848
69468168 1 69599244
69468169 2 69599239
69468169 2 69599242
69468169 2 69599243
69468170 1 69795848
69468171 2 69599245
69468172 1 4364566542
69468174 1 4347789339
69468174 1 4364566544
69468175 1 4364566545
69599234 2 69730307
69599235 1 69795841
69599235 1 69926916
69599236 3 69795844
69599236 1 69926915
69599236 1 69926916
69599238 1 69730308
69599238 1 69730310
69599238 1 69730311
69599239 1 69730314
69599239 2 69795846
69599239 1 69926920
69599241 2 69730311
69599242 2 69730317
69599243 2 69730317
69599244 1 69730318
69599245 1 69730320
69599245 1 4364894218
69730307 1 69861379
69730307 1 70057988
69730308 1 69861383
69730310 1 69861383
69730311 2 69861386
69730311 1 70057990
69730314 1 69926920
69730317 1 69861392
69730317 2 69926920
69730317 1 4365025290
69730318 1 4364828689
69730320 1 4364894218
69795841 1 69926914
69795844 3 69926915
69795844 1 69926917
69795846 2 69926917
69795848 1 4364894217
69861378 1 53215235
69861379 1 70057985
69861383 1 69992455
69861383 1 70057988
69861386 1 70057990
69861386 1 70057992
69861392 1 4365025290
69926915 1 69926916
69926915 1 69926917
69926916 1 70057987
69926917 1 69926918
69926920 1 70057991
69926920 2 4365025289
69926922 2 4365025289
69992455 1 70189062
70057988 1 70189059
70057988 1 70189061
70057990 1 70189061
70057990 2 70189063
70057991 1 70057993
70057992 1 70189063
70189063 1 70189064
83951841 2 83951873
83951841 1 84017569
83951841 1 100794786
83951872 3 84017569
83951873 3 67240457
83951873 9 84017569
83951873 3 84017621
83951873 2 84017673
83951873 1 100794785
83951874 1 84017572
83951904 1 67240457
83951904 1 83951905
83951904 3 84017569
83951904 2 84017621
83951904 1 84017673
84017569 4 84083391
84017569 7 84083392
84017569 1 84083471
84017569 1 100860531
84017572 1 4379050694
84017621 1 67306331
84017621 1 84083391
84017621 2 84083392
84017621 2 84083469
84017621 1 84083470
84017621 2 84083471
84017621 2 84083548
84017621 1 84083549
84017622 1 84083395
84017622 1 84083549
84017672 2 84017724
84017672 2 84083469
84017673 2 84083547
84017673 1 84083548
84017673 1 47328723803
84017724 1 84083547
84017724 1 47328723803
84083313 1 101843426
84083391 5 85066209
84083391 3 85066249
84083391 1 85066250
84083392 4 85066210
84083392 2 85066249
84083392 5 85066250
84083393 1 85066250
84083395 1 84083473
84083396 1 84083474
84083468 1 85066209
84083469 3 85066289
84083469 1 85066290
84083470 1 85066250
84083471 1 85066251
84083471 1 85066291
84083473 1 84083474
84083547 1 68289113
84083547 1 68355001
84083547 1 85066289
84083547 1 85066329
84083547 1 47329706545
84083548 2 68289114
84083548 2 85066330
84083549 1 68289115
84083550 1 68289115
84083624 1 68289113
84083624 1 47329706545
85066209 4 85131993
85066209 3 85131994
85066209 1 101909209
85066209 1 101909210
85066210 3 85131995
85066210 1 101909212
85066248 1 85131993
85066249 1 85131994
85066249 3 85132050
85066249 2 85132051
85066249 1 85132106
85066250 1 85131994
85066250 1 85131997
85066250 2 85132051
85066250 3 85132052
85066250 1 85132108
85066251 1 85132109
85066288 1 85131993
85066289 1 85132105
85066289 1 85132107
85066289 1 85132161
85066289 1 85132162
85066289 1 85132163
85066290 1 85132164
85066291 1 85132165
85066328 1 85131993
85066328 1 85132105
85066329 1 68355002
85066330 2 85132220
85066368 1 85132106
85131993 1 85132049
85131993 1 85197893
85131993 2 85197894
85131993 1 85197897
85131993 1 101974953
85131993 1 101975034
85131993 1 47329838226
85131993 1 47346615442
85131994 1 85132050
85131994 1 85197894
85131994 1 85197896
85131994 1 85197899
85131994 1 85197974
85131994 1 101974876
85131994 1 101975034
85131994 1 101975110
85131994 1 101975112
85131995 3 85197899
85131996 1 4396942259
85131996 1 4396942339
85131997 1 4380165275
85132048 1 85197893
85132048 1 85197897
85132049 2 85197897
85132049 1 85198049
85132049 1 85198050
85132050 1 85197897
85132050 1 85197973
85132050 1 85197974
85132050 1 85198052
85132051 1 85198054
85132051 1 85198055
85132052 1 85198055
85132052 1 4380165274
85132052 1 4380165353
85132053 1 4380165275
85132105 2 85198127
85132105 1 85198128
85132105 1 85198206
85132106 1 85197973
85132106 1 85198129
85132107 1 85198210
85132108 1 4380165431
85132109 1 4380165433
85132161 1 85198205
85132161 1 85198207
85132161 1 85198284
85132161 1 4381212688
85132163 1 85198288
85132164 1 4380165586
85132165 1 4380165588
85132220 2 4363388448
85197893 1 85263867
85197893 1 85263868
85197893 1 85263869
85197893 1 47329904223
85197894 2 85263870
85197895 1 85263870
85197896 1 85263873
85197897 1 4397008392
85197899 1 4380231276
85197899 2 4380231277
85197970 1 85263867
85197973 1 85263971
85197973 1 85264074
85197974 1 85263975
85197974 1 85264077
85198049 1 85264174
85198049 1 85264175
85198050 2 85264175
85198051 1 85263971
85198052 1 85264179
85198054 1 4380231583
85198055 2 4380231481
85198127 2 85264378
85198128 1 85264380
85198129 1 85264280
85198129 1 85264380
85198130 1 85264280
85198205 1 85264379
85198206 1 85264380
85198207 1 86441989
85198210 1 4381409296
85198284 1 86245383
85198288 1 4381212688
85263867 1 85329914
85263868 1 85329915
85263869 1 85329917
85263870 2 85329798
85263873 1 4380297219
85263875 1 4380297222
85263969 1 85329914
85263971 1 47346813616
85263972 1 47346813616
85263975 1 85330042
85264071 1 85330154
85264074 1 85330038
85264077 1 85330163
85264173 1 85330273
85264174 1 85330276
85264175 1 85330276
85264175 1 85330277
85264179 1 85330282
85264275 1 86310913
85264280 1 86310920
85264378 2 86310913
85264379 1 86441987
85264380 2 86310916
85264478 1 85330153
85329798 1 85396153
85329798 1 85396154
85329803 1 4380363458
85329914 1 85396147
85329915 1 85396150
85329917 1 85396306
85330032 1 86310919
85330032 1 102172906
85330032 1 4348051483
85330038 1 85396458
85330042 1 4380363760
85330273 1 86310914
85330274 1 86310914
85330276 1 86310915
85330276 1 86310917
85330277 2 86310917
85330282 1 4381278217
86245383 1 86441990
86310913 1 86310914
86310913 2 86441987
86310916 1 86441987
86310916 2 86441989
86310918 2 86441989
86310919 1 4381409292
86310920 1 86310922
86441989 1 86441991
86441990 1 86441991
86441990 1 86573063
86573058 1 86573154
100729057 8 100794733
100729057 2 100794734
100729057 1 100794785
100729057 1 47345434989
100729058 1 100794734
100729088 4 100794733
100729088 1 100794785
100729088 1 47345434989
100794681 1 100794784
100794733 9 100860451
100794733 5 100860452
100794733 1 100860453
100794733 2 100860529
100794733 1 100860530
100794733 1 117637589
100794734 1 100860453
100794734 1 21575696969
100794784 4 100860451
100794784 1 100860529
100794784 1 117637589
100794784 1 47345500784
100794785 4 100860529
100794785 2 100860530
100794785 1 100860531
100794786 2 100860531
100794836 2 100860529
100860451 6 101843345
100860451 5 101843385
100860451 2 118620561
100860452 2 101843345
100860452 1 101843346
100860452 1 101843385
100860452 2 101843386
100860452 2 118620562
100860453 1 101843347
100860453 1 118620561
100860528 1 101843385
100860529 9 101843385
100860529 2 101843425
100860529 1 101843426
100860530 1 101843385
100860530 2 101843386
100860530 2 101843426
100860531 2 101843387
100860531 1 101843427
100860532 1 101843387
100860606 1 101843385
100860606 1 101843425
101843345 3 101909041
101843345 1 101909098
101843345 1 118686257
101843345 1 118686258
101843345 1 118686259
101843345 1 47346549352
101843346 1 101909043
101843347 1 4413653558
101843385 8 101909097
101843385 5 101909098
101843385 2 101909099
101843385 3 101909153
101843385 5 101909154
101843386 3 101909099
101843386 2 101909100
101843386 1 101909157
101843387 2 4396876454
101843424 1 101909097
101843425 2 101909154
101843425 1 101909210
101843426 2 101909156
101843426 1 101909212
101843427 1 4396876453
101843427 1 4396876454
101909041 1 101974797
101909041 1 101974798
101909041 1 118752013
101909041 1 118752015
101909043 1 118752018
101909097 1 101974798
101909097 2 101974875
101909097 2 101974876
101909097 2 101974877
101909097 2 101974953
101909097 1 101974955
101909098 1 101974877
101909098 4 101974878
101909098 1 101974956
101909099 2 101974880
101909099 1 101974957
101909100 1 4396942178
101909100 1 4396942179
101909153 2 101974878
101909153 1 101974953
101909153 3 101974954
101909153 1 101975032
101909153 1 118817585
101909154 2 101974955
101909154 2 101974956
101909154 1 101974957
101909154 2 101975033
101909155 1 101974957
101909156 1 4396942336
101909156 1 4396942412
101909157 1 4396942336
101909209 1 101975109
101909209 1 101975111
101909210 1 101975111
101909210 2 101975113
101909212 1 4380165196
101909212 1 4380165198
101909212 1 4396942412
101909213 1 4380165198
101974797 1 118817791
101974798 1 118817791
101974875 1 102040675
101974875 2 102040676
101974876 1 101974955
101974876 1 102040676
101974876 2 102040678
101974877 1 102040678
101974877 1 102040679
101974877 1 102040680
101974878 3 102040681
101974878 1 102040682
101974878 1 102040683
101974878 1 4413785094
101974880 1 4397007981
101974880 1 4397008083
101974953 2 102040778
101974953 1 102040779
101974953 1 102040880
101974953 1 43068490744
101974954 1 102040779
101974954 1 102040881
101974954 2 102040882
101974954 1 118817790
101974955 1 102040678
101974955 1 102040781
101974955 1 102040883
101974955 1 102040884
101974955 1 118817790
101974956 1 102040784
101974956 2 102040884
101974957 1 102040785
101974957 1 102040887
101975030 1 43068490744
101975031 3 102040982
101975032 1 102040882
101975033 1 102040884
101975033 1 102040986
101975034 1 102040785
101975035 1 102040887
101975109 1 102041085
101975110 1 102040981
101975110 1 102041085
101975111 1 102041088
101975112 1 102041089
101975113 1 85263875
101975113 1 4397008387
102040675 1 102106409
102040675 2 102106410
102040676 1 102106410
102040676 2 102106411
102040678 1 102106291
102040678 1 102106414
102040678 1 102106415
102040679 1 102106415
102040679 1 102106535
102040680 1 102106418
102040681 1 102106418
102040681 1 102106419
102040681 1 4397139610
102040682 1 4397073597
102040776 1 102106409
102040778 1 102106650
102040778 1 102106651
102040779 1 102106532
102040781 1 102106657
102040782 1 102106657
102040784 1 4397073956
102040785 1 4397073719
102040785 1 4397073958
102040880 1 102106651
102040880 1 102106772
102040881 1 102106772
102040882 1 102106654
102040882 1 102106655
102040882 1 102106774
102040883 1 102106655
102040883 1 102106776
102040884 2 102106776
102040884 1 102106777
102040886 1 4397073956
102040887 1 102106539
102040887 1 4397074078
102040981 1 102106890
102040981 1 47346747262
102040982 1 102106771
102040982 2 102106891
102040986 1 102106897
102041085 1 102107012
102041088 1 102107017
102041089 1 85329803
102041092 1 4380297104
102106291 1 118949209
102106409 1 102172298
102106409 1 102172299
102106410 2 102172300
102106411 1 102172300
102106411 1 102172301
102106414 1 102172458
102106415 1 102172307
102106418 1 4397139608
102106418 1 4397139610
102106419 1 4397139610
102106529 1 102172602
102106532 1 102172607
102106535 1 102172460
102106539 1 102172461
102106650 1 102172604
102106651 1 102172604
102106651 1 102172757
102106654 1 102172762
102106655 1 102172764
102106657 1 4397139911
102106769 1 102172905
102106771 1 102173062
102106772 1 102172759
102106772 1 102172911
102106774 1 102172915
102106776 2 102172917
102106776 1 102172918
102106777 1 4397140215
102106890 1 102173212
102106891 1 102173061
102106891 2 102173062
102106897 1 4397140367
102107012 1 102173215
102107017 1 4380363456
117506241 1 117571897
117506241 1 134349062
117506272 1 117571897
117571897 1 117637512
117571897 3 117637589
117571897 1 117637590
117571948 2 117637589
117637511 2 118620481
117637511 1 135397697
117637512 1 135397698
117637588 1 135397697
117637589 5 118620521
117637589 4 118620561
117637590 1 118620522
118620481 1 118620521
118620481 1 135463305
118620481 1 135463307
118620482 1 118620522
118620521 1 118686145
118620521 3 118686146
118620521 1 118686147
118620521 1 118686201
118620521 2 118686202
118620522 2 118686147
118620560 1 118686145
118620561 3 118686201
118620561 1 118686202
118620561 1 118686203
118620561 2 118686258
118620562 1 118686260
118620562 1 118686261
118620600 1 118686257
118686145 1 118751779
118686145 1 118751780
118686146 1 118751859
118686146 2 118751860
118686147 1 118751706
118686147 1 118751785
118686201 1 118686257
118686201 1 118751858
118686201 1 118751935
118686201 1 118751936
118686201 2 118751937
118686202 2 118751859
118686202 1 118751860
118686202 2 118751937
118686203 1 118751939
118686256 1 118751935
118686256 1 47363326568
118686257 1 118751935
118686257 2 118752013
118686257 1 43068424970
118686258 1 118751939
118686258 1 118752015
118686258 1 118752017
118686259 2 118751939
118686260 1 4413719237
118686261 1 4413719240
118751701 1 135594495
118751706 1 4430561802
118751778 1 135594495
118751779 1 118817280
118751780 1 118817383
118751785 1 13020758046
118751857 1 118817588
118751858 1 118817587
118751859 1 118817487
118751859 1 118817488
118751859 1 118817590
118751860 1 118817388
118751860 1 118817488
118751860 1 118817489
118751860 1 118817591
118751935 1 118817585
118751935 1 118817586
118751936 1 118817587
118751936 1 118817588
118751937 1 118817589
118751937 1 118817590
118751939 1 118817594
118751939 1 4413784891
118751939 1 4413784992
118752012 1 118817585
118752013 1 118817688
118752013 1 118817689
118752013 1 118817790
118752014 1 118817688
118752014 1 118817689
118752014 1 118817790
118752015 1 118817691
118752015 1 118817793
118752017 1 118817695
118752018 1 4413785095
118817280 1 118882787
118817383 1 118882909
118817388 1 4413850212
118817487 1 118882912
118817488 1 118882912
118817488 1 118883153
118817489 1 118883034
118817490 1 4413850212
118817585 1 118883147
118817585 1 47363523399
118817586 2 118883147
118817587 1 118883148
118817588 1 118883150
118817588 1 118883151
118817589 1 118883271
118817591 1 4413850452
118817594 1 4413850575
118817688 1 118883387
118817689 1 118883388
118817691 1 118883391
118817695 1 4413850694
118817790 1 118883387
118817790 1 118883507
118817790 1 47363523519
118817791 1 118883509
118817793 1 118883512
118882787 1 118948300
118882905 1 118948298
118882909 1 118948457
118882912 1 118948461
118883032 1 118948461
118883034 1 4413915761
118883147 1 118948758
118883147 1 118948909
118883148 1 118948759
118883150 1 118948763
118883151 1 4413916063
118883153 1 4413915911
118883271 1 118948916
118883387 1 118949213
118883388 1 118949215
118883391 1 118949068
118883507 1 118949213
118883509 1 118949369
118883512 1 118949222
118948763 1 118948915
134283425 1 134349009
134283456 1 134349009
134349009 1 151191633
134349061 1 134414572
134349061 1 134414650
134349062 1 134414652
134349112 1 134414650
134414572 1 8742633511
134414649 1 4430757910
134414650 1 17349476414
134414652 1 13037600815
135397619 1 135463141
135397619 1 8742502431
135397657 1 135463193
135397657 1 135463249
135397657 1 135463250
135397658 1 135463195
135397658 1 135463197
135397658 1 4430757910
135397658 1 8742502441
135397659 1 4430430494
135397659 1 8742502438
135397659 1 8742502439
135397697 3 135463249
135397697 1 135463305
135397697 1 135463306
135397698 1 135463251
135397736 1 135463249
135463141 1 4430495833
135463193 1 135528606
135463193 1 135528684
135463195 1 135528611
135463249 1 135528761
135463249 1 135528762
135463249 1 135528763
135463249 1 135528841
135463250 1 135528764
135463251 1 135528766
135463305 1 135528841
135463305 1 135528917
135463305 1 135528919
135463306 1 135528843
135463306 1 135528919
135463307 1 135528845
135528606 1 135987205
135528611 1 8742830098
135528684 1 135594090
135528761 1 135594189
135528762 1 135594192
135528763 1 135594194
135528764 1 135594093
135528766 1 4430561495
135528839 1 135594189
135528841 1 135594296
135528843 1 4430561596
135528844 1 4430561495
135528845 1 4430561599
135528917 1 135594394
135528918 1 135594394
135528919 1 135594398
135593985 1 135987202
135594090 1 135987205
135594093 1 4430954507
135594189 1 135594291
135594190 1 135594292
135594192 1 135856133
135594194 1 135856135
135594291 1 135856130
135594292 1 135856130
135594296 1 4430823433
135594394 1 135659764
135594395 1 135659764
135594398 1 135659769
135594495 1 135660002
135659522 1 135856130
135659526 1 135856133
135659526 1 135856135
135659529 1 135659649
135659529 1 4430823433
135659764 1 135725062
135659769 1 4430692367
135660002 1 135725364
135856129 1 135987202
135856134 1 135987205
135856135 1 135856137
135856136 1 135856137
135856138 1 4430954507
135987205 1 135987206
151191633 1 8742895647
152174755 1 152240133
152174755 1 4447535121
4363322302 1 4364435485
4363322414 1 4364435479
4363388448 1 4364435475
4364435472 1 4364566550
4364435473 1 4364566550
4364435473 1 4364566551
4364435475 1 4364566553
4364435476 1 4364566554
4364435478 1 4381409291
4364435479 1 4364566557
4364435482 1 4364566557
4364435485 1 8659533857
4364435487 1 8659533860
4364566542 1 4364697620
4364566544 1 4364894222
4364566545 1 4364697620
4364566545 1 4364697623
4364566550 1 4364763150
4364566550 1 8659992598
4364566551 1 4364697628
4364566553 1 8659861524
4364566557 1 8659664932
4364697620 1 4364828695
4364697623 1 4364828697
4364697628 1 4348051483
4364763150 1 4364894224
4364763152 1 4364894225
4364828689 1 4348182547
4364828695 1 4348182556
4364894218 1 4364894220
4364894218 1 4365025291
4364894219 1 4364894220
4364894222 1 4365025295
4364894224 1 4364894225
4365025290 2 4365156363
4365025291 1 4365025292
4365025295 1 4365025297
4365156363 1 4365156364
4379050694 1 4380033509
4380033509 1 4380099297
4380099297 1 8675132577
4380165196 1 4380231282
4380165274 1 4380231482
4380165275 1 4380231384
4380165353 1 4380231587
4380165433 1 8676180004
4380165586 1 4364435481
4380165588 1 4364435487
4380231276 1 4380297347
4380231277 1 4380297350
4380231277 1 12971212826
4380231384 1 4380231486
4380231481 1 8676245522
4380231481 1 8676245524
4380231482 1 8676245526
4380231583 1 4381278226
4380297104 1 8676245529
4380297219 1 4380363611
4380297340 1 4380363455
4380297347 1 8676245527
4380297350 1 12971212826
4381212688 2 4364763152
4381278226 1 8676376598
4381409296 1 8659730449
4396876453 1 4396942338
4396876454 1 8691909637
4396942178 1 4397007986
4396942179 1 4397007987
4396942259 1 8691975186
4397007981 1 4397073842
4397008083 1 4397073841
4397008387 1 4380297104
4397073597 1 4397139464
4397073717 1 4397139464
4397073956 1 4397140071
4397139911 1 4397140063
4413719237 1 4413784996
4413719238 1 4413784996
4413784891 1 4413850579
4413784992 1 4413850576
4413784993 1 4413850579
4413785095 1 4413850697
4413850212 1 4413915614
4413850452 1 4413915917
4413850575 1 8708883373
4430430494 1 4430495836
4430561495 1 8725921811
4430561596 1 4430823441
4430561599 1 8725921818
4430561802 1 13020889118
4430626833 1 4430823441
4430626833 1 4430823442
4430823439 1 4430823440
4430823439 1 8725921811
4430954512 1 8742830098
4447535121 1 4447666199
4447535133 1 4447666201
4447535133 1 4447666204
4447666199 1 4447797274
4447797274 1 8742895647
8659533857 1 8659664938
8659730449 1 8659730451
8659730450 1 8659730451
8675132577 1 8675198689
8675198689 1 8675198791
8676180004 1 8659533869
8676180007 1 8659533869
8676245522 1 8676376599
8676245524 1 8676376599
8676245526 1 8676376602
8676376599 1 8676376600
8691777946 1 8691843646
8691777984 1 8691843644
8691777985 1 8691843644
8691843644 1 8708686543
8691843645 1 8708686543
8691843646 1 8708686623
8708555121 1 8708620749
8708620749 1 8708686310
8708686310 1 8725529108
8708686543 1 8708752197
8708686623 1 8708752403
8708752197 1 8708817758
8708752403 1 8708818001
8708817758 1 4413915766
8708818001 1 8708883828
8708818121 1 8708883828
8725332217 1 4447535133
8725332217 1 8725397684
8725397684 1 8742240271
8725397685 1 8742240271
8725529108 1 8725594495
8725594495 1 4430692377
8725594496 1 4430692377
8725790742 1 8725921818
8725790745 1 8725790746
8725790745 1 13020889118
8742502431 1 8742633511
8742502438 1 13037600815
8742502441 1 13037600819
12987008216 1 43019272346
13020496417 1 8725790740
13020496418 1 8725790740
13020561682 1 8725790740
13020561682 1 13020561683
13037600819 1 17349476414
17297506729 1 17298489681
17298489681 1 17298555295
17298489682 1 17298555295
17298555295 1 17315398130
17298621230 1 17298687013
17298621231 1 17298687013
17298687013 1 13003785314
17315398130 1 13020496417
21542011185 1 21558854179
21558854128 1 21558919989
21558854179 1 21558920066
21558919989 1 21559902710
21558919990 1 21559902710
21558920066 1 21559902789
21558920067 1 21559902789
21559902710 1 25854935798
21559902750 1 25854935798
21559902789 1 21559968614
21559968614 1 25855001944
21575696969 1 21576679844
21575696970 1 21576679844
21576679844 1 21593522762
21592342737 1 21592408403
21592408348 1 17297506729
21592408400 1 17297506729
21592408403 1 21592474109
21592474109 1 21593457022
21593457022 1 25888490006
21593522762 1 17298621230
21593522763 1 17298621230
25853821426 1 25853887211
25853887211 1 25854870008
25853887287 1 25854870047
25854870008 1 25871713019
25854870047 1 25854935800
25854935798 1 25855001711
25854935799 1 25855001711
25854935800 1 25855001713
25854935856 1 25855001713
25855001711 1 25871844915
25855001713 1 25855067702
25855001944 1 25855068105
25855067702 1 25855133640
25855068105 1 25855068207
25855068106 1 25856114742
25855068207 1 25856114742
25855133640 1 25871977078
25871713019 1 30166746152
25871844915 1 25871910852
25871910852 1 25871977072
25871977078 1 25871977230
25888490006 1 25888555675
25888490007 1 25888555675
25904218311 1 25905201415
25905201415 1 25905267000
25905267000 1 25905332503
30166746152 1 30166812225
30166746230 1 30166812225
34429206655 1 30134370422
34429206658 1 30134370422
34429206663 1 34429337730
34429534285 1 34429665355
34429599867 1 34429796423
34429665355 1 34429796425
34429665357 2 34429796427
34429665359 1 34429796427
34429796423 1 34429796424
34429796427 1 34429796428
34444936398 1 34444936399
34444936478 1 38739903775
34445002314 1 34445002315
34445002416 1 34445002417
34445068494 1 30151082051
34445068495 1 30151082051
34445134929 1 34445134930
34446049354 1 30151213125
34446049358 1 38741016655
34446049359 1 34429403209
34446180426 1 34446180427
34446180429 1 34446180431
34461779020 1 34461779021
34478358919 1 34478424556
34478358920 1 34478424556
34478424556 1 38773457506
34478424557 1 38773457506
34478555727 2 34478555728
34478687237 1 34478687238
34495397981 1 34495397982
34495397981 1 34495594570
34495397981 1 34495594571
34495594570 1 34495725640
38707658900 1 38707789969
38707789969 1 38707921037
38707921037 1 38707921040
38707921038 1 38708052109
38707921040 1 38708052109
38723126798 1 38723126876
38723126875 2 38724173965
38723126876 1 38724173965
38724173963 1 34429337735
38724173965 1 34429337735
38724173968 1 34429665355
38724173970 1 34429665355
38724173972 1 38724305040
38724173972 1 38724305041
38724173973 1 38724305040
38724173975 1 38724305041
38724173975 1 38724305044
38724305040 2 34429665357
38724305041 1 38724436109
38724305044 1 38724436109
38724305044 1 38724436112
38724305044 1 38724436114
38724305045 1 38724632657
38724305047 1 38724436114
38724436109 1 34429927499
38724436112 1 34429927501
38724436114 1 38724763727
38724501588 1 38724501589
38724632657 1 38724763728
38724763727 1 38724894799
38724763729 1 38724894799
38724763735 1 38724894806
38739771907 1 38739837703
38739837703 1 34444936398
38739837704 1 34444936400
38739837705 1 34461713379
38739837760 1 34444936400
38739837761 1 34461713379
38739837762 1 34444936478
38739903623 1 34445002416
38739903625 1 38739969716
38739903697 1 38739903698
38739903776 1 38739903777
38739903779 1 38739969918
38739903859 1 38739970024
38739903933 1 34429206655
38739903934 1 34429206655
38739904012 1 34429206663
38739904015 1 38724173968
38739904015 1 38740951184
38739969615 1 38739969616
38739969617 1 34445068494
38739969619 1 38740035678
38739969716 1 38739969717
38739969821 1 38740035914
38739969822 1 38740035794
38739969822 1 38740035914
38739969823 1 38740035794
38739969918 1 34446049351
38739969925 1 38740036035
38739969925 1 38741016655
38739970024 1 38739970126
38739970027 1 38741016657
38739970028 1 38739970130
38739970029 1 38741016661
38739970125 1 34446180427
38739970126 1 34446180427
38739970127 1 34446180429
38739970128 1 34446180429
38739970130 1 38741016661
38739970130 1 38741147729
38740035562 1 30134501487
38740035562 1 34446049354
38740035563 1 34446049354
38740035678 1 38740102086
38740035679 1 34445134937
38740035679 1 38740102086
38740035680 1 34445134937
38740035680 1 38740035799
38740035680 1 38740102235
38740035681 1 38740102238
38740035794 1 34445134929
38740035795 1 34445134929
38740035801 1 38741016656
38740035914 1 34446049356
38740036035 1 34446049358
38740102092 1 38740102093
38740102094 1 38740102095
38740102235 1 38740102236
38740951184 1 34429534285
38740951184 1 38741147727
38741016655 1 34446180426
38741016657 1 34446180430
38741016660 1 38741016661
38741016661 1 38741147730
38741016661 1 38741147732
38741147727 1 34429534285
38741147729 1 34429534285
38741147729 1 38741147731
38741147730 1 38741147731
38741147733 1 38724501588
38741147733 1 38741278804
38741147735 1 38724501588
38741278806 1 38741278808
38756680526 1 38756680527
38756680528 1 34461779020
38756680529 1 38773523536
38756680604 1 38756680605
38756680606 1 38756746421
38756680607 1 38756746421
38756680761 1 34445002314
38756680762 1 34445002314
38756680840 1 34445002416
38756680841 1 38739969615
38756746428 1 38756812293
38756746529 1 38756812413
38756746530 1 38756812413
38756746629 1 34461845230
38756746630 1 34461845230
38756812293 1 34461911084
38756812294 1 34461911084
38756812417 1 38756878241
38756812418 1 38756878241
38756812536 1 38756878695
38756812537 1 38756878695
38756812538 1 38756878696
38756812657 1 38756878997
38756812775 1 34461911697
38756812777 1 38756878999
38756878997 1 38756878998
38756878999 1 38756879000
38756879002 1 38756879003
38773391802 1 38790234569
38773457506 1 38773523131
38773457510 2 34478555727
38773457511 1 34478555727
38773457588 1 38773523230
38773457589 1 38773523230
38773457664 1 38773457665
38773457745 1 38773523434
38773523230 1 38773523231
38773523337 1 38773588909
38773588552 1 38773588673
38773588672 1 38773653933
38773588672 1 38773654085
38773588673 1 38773653933
38773588673 1 38773654085
38773588909 1 34478687237
38773589151 1 38773589152
38773653933 1 38773653934
38773654085 1 38773654086
38773654395 1 38773654396
38773654702 1 38773654703
38773654854 1 38773654855
38790168849 1 38807011392
38790168850 1 38807011392
38790168962 1 38790234411
38790234569 1 38790300038
38790299837 1 34495725643
38790300038 1 34495725640
38790365288 1 38790561875
38790365288 1 38790561876
38790365650 1 38790431000
38790431154 1 38790431155
38790561871 1 34495725643
38807011392 1 38807011393
38807273607 1 34512437378
38807273613 1 34512437383
38807273621 1 38807404690
38807732305 1 34512896078
43002364057 1 43002495126
43002364066 1 43002495138
43002364069 1 43002495138
43002495126 1 38707658900
43002495138 1 43002626211
43002626211 1 43002757283
43002757283 1 43002888353
43002888353 1 43003019425
43016847647 1 43016847680
43016847679 1 43016913466
43016847679 1 43016913517
43016847679 3 43016913519
43016847679 1 43016913571
43016847680 2 43016913466
43016847680 4 43016913519
43016847680 1 43016913571
43016847711 1 43016913622
43016847712 1 43016913622
43016913466 1 43016979443
43016913466 1 43016979520
43016913467 4 43016979443
43016913467 2 43016979444
43016913467 1 43016979520
43016913519 5 43016979521
43016913519 2 43016979522
43016913571 1 43017962231
43016913622 1 43017502823
43016979443 1 43017962110
43016979443 3 43017962150
43016979444 1 43017962111
43016979444 1 43017962150
43016979444 4 43017962151
43016979520 1 43017962189
43016979521 1 43017962189
43016979521 4 43017962190
43016979522 1 43017962190
43016979522 1 43017962191
43016979522 1 43018028126
43017502823 1 43002364057
43017568363 1 43002364066
43017962110 1 43018028012
43017962110 1 43018028068
43017962111 2 43018028070
43017962150 1 43018028068
43017962150 2 43018028123
43017962150 2 43018028124
43017962151 1 43018028069
43017962151 3 43018028070
43017962151 1 43018028124
43017962151 4 43018028126
43017962189 1 43018028178
43017962190 1 43018028125
43017962190 1 43018028178
43017962190 3 43018028181
43017962191 1 43018028125
43017962191 1 43018028126
43017962191 2 43018028181
43017962191 1 43018028182
43017962231 1 43019141279
43017962271 1 43019272354
43017962311 1 43019272354
43018028011 1 38724173973
43018028012 1 38724173972
43018028012 1 38724173973
43018028014 1 43018094178
43018028015 1 43018028071
43018028067 1 38724173972
43018028068 1 43019141271
43018028069 1 43019141277
43018028070 1 43019141277
43018028070 2 43019141280
43018028070 2 43019141281
43018028070 1 43019141283
43018028071 1 43019141281
43018028123 1 38724173972
43018028123 1 38724173975
43018028124 1 43019141271
43018028124 1 43019141274
43018028125 1 43019141280
43018028126 4 43019141280
43018028126 2 43019141283
43018028127 2 43019141283
43018028178 1 43018028179
43018028181 2 43019141277
43018028181 2 43019141280
43018028182 1 43019141283
43018094178 1 43019141281
43018094179 1 43019141281
43018094180 2 43019141284
43019141271 1 38724305044
43019141271 1 38724305045
43019141274 1 38724305044
43019141277 2 43019272349
43019141279 1 43019272352
43019141280 3 43019272349
43019141280 6 43019272350
43019141281 2 43019272353
43019141281 1 43019468890
43019141283 2 43019272353
43019141283 1 43019272355
43019141283 2 43019272356
43019141284 1 43019468892
43019141284 1 43019468893
43019141285 1 43019272355
43019141286 2 43019272356
43019141286 1 43019272358
43019272349 4 43019403419
43019272350 1 43019403419
43019272350 2 43019403422
43019272350 2 43019468889
43019272350 1 43019599961
43019272352 1 43019403421
43019272353 1 43019403425
43019272353 2 43019468891
43019272353 1 43019468893
43019272354 1 43019403424
43019272355 1 43019403425
43019272355 1 43019403427
43019272356 1 43019403425
43019272356 2 43019599965
43019272358 1 43019403431
43019403419 1 43019534488
43019403419 1 43019599961
43019403419 3 43019731031
43019403421 1 43019534491
43019403422 2 43019599961
43019403424 1 43019534494
43019403425 1 43019599963
43019403425 1 43019599965
43019403425 1 43019731035
43019403427 1 43019534497
43019403431 1 43019731039
43019468889 1 43019599959
43019468889 1 43019599961
43019468890 1 43019468891
43019468891 1 43019599961
43019468891 1 43019599962
43019468891 1 43019599964
43019468892 1 43019468894
43019468893 1 43019468894
43019468893 1 43019599963
43019468893 1 43019599966
43019468894 1 43019599966
43019534488 1 38724763735
43019534491 1 43019862105
43019534494 1 43019665566
43019534497 1 43019862109
43019599959 1 43019599960
43019599961 1 43019599962
43019599961 4 43019731032
43019599963 1 43019599965
43019599963 1 43019731036
43019599964 1 43019599965
43019599965 3 43019731036
43019665566 1 43019862105
43019731031 1 38724894806
43019731031 2 38724894808
43019731032 1 38724894806
43019731032 1 38724894808
43019731032 2 43019731033
43019731032 1 43019731034
43019731036 2 43019731038
43019731039 1 43019731040
43033624831 1 43050467795
43033624832 1 43050467795
43033624863 2 43033690578
43033624863 2 43033690579
43033624863 4 43033690630
43033624863 1 43033690631
43033624864 2 43033690578
43033624864 3 43033690579
43033624864 3 43033690630
43033624864 3 43033690631
43033624895 1 43016913466
43033690577 1 38739771907
43033690578 1 43033756346
43033690578 1 43033756423
43033690578 1 43033756425
43033690579 1 43033756347
43033690579 1 43033756424
43033690579 2 43033756425
43033690579 2 43033756426
43033690579 1 43050533563
43033690579 1 43050533564
43033690630 1 43033756423
43033690630 3 43033756502
43033690630 1 43033756580
43033690630 1 43033756581
43033690631 1 43033756425
43033690631 2 43033756502
43033690631 9 43033756503
43033690631 1 43033756504
43033690631 5 43033756581
43033690631 1 43033756582
43033690631 1 43034739247
43033690683 1 43033756581
43033756346 1 43051516421
43033756347 1 43051516422
43033756423 1 43034739205
43033756423 1 43034739245
43033756424 1 43034739205
43033756424 1 43034739244
43033756424 2 43034739245
43033756425 2 43034739206
43033756425 1 43034739207
43033756425 1 43034739245
43033756426 2 43034739207
43033756426 3 43034739247
43033756502 1 43034739245
43033756502 1 43034739285
43033756502 1 43034739286
43033756503 2 43034739245
43033756503 5 43034739246
43033756503 1 43034739285
43033756503 3 43034739286
43033756504 3 43034739246
43033756504 4 43034739247
43033756504 1 43034739286
43033756504 1 43034739287
43033756580 1 43034739285
43033756581 1 43017962110
43033756581 3 43034739286
43033756581 1 43034739325
43033756581 2 43034739326
43033756582 1 43034739286
43033756582 1 43034739287
43033756582 1 43034739327
43034739205 1 43034805003
43034739206 1 43034805003
43034739206 1 43034805004
43034739207 4 43034805005
43034739207 3 43034805006
43034739244 1 38739837704
43034739245 1 38739837704
43034739245 1 38739837762
43034739245 2 43034805058
43034739245 2 43034805114
43034739246 1 43034805058
43034739246 2 43034805060
43034739246 1 43034805114
43034739246 1 43034805116
43034739246 3 43034805117
43034739247 1 43034805005
43034739247 1 43034805006
43034739247 1 43034805007
43034739247 1 43034805061
43034739247 4 43034805062
43034739247 4 43034805117
43034739247 1 43034805118
43034739285 1 43034805170
43034739285 1 43034805171
43034739286 2 43034805117
43034739286 1 43034805170
43034739286 3 43034805171
43034739286 2 43034805172
43034739286 1 43034805173
43034739287 1 43034805117
43034739287 1 43034805119
43034739287 2 43034805173
43034739287 2 43034805174
43034739287 1 43034805175
43034739325 1 43034805226
43034739326 1 43018028011
43034739326 1 43034805226
43034739326 1 43034805227
43034739327 1 43018028014
43034739327 1 43034805174
43034739327 1 43034805175
43034805003 1 38739903625
43034805003 1 43034870921
43034805004 1 38739903625
43034805004 1 43034870922
43034805005 1 43034805061
43034805005 2 43034870924
43034805005 2 43034870925
43034805006 1 43034805062
43034805006 2 43034870924
43034805006 1 43034870925
43034805006 1 43034870926
43034805006 1 43034870927
43034805006 2 43034871003
43034805006 2 43034871004
43034805006 1 43051648062
43034805006 1 43051648143
43034805007 1 43034870926
43034805007 1 43034870928
43034805007 1 43034871004
43034805007 2 43034871005
43034805007 1 43034871006
43034805007 1 43051648142
43034805058 1 38739903776
43034805058 1 38739903779
43034805060 1 43034871000
43034805060 1 43034871079
43034805061 1 43034871002
43034805061 1 43034871003
43034805061 2 43034871079
43034805062 1 43034870924
43034805062 1 43034870926
43034805062 1 43034871002
43034805062 1 43034871004
43034805062 1 43034871005
43034805062 1 43034871081
43034805062 1 43034871083
43034805062 1 43051648144
43034805063 1 43034870924
43034805063 1 43034871004
43034805063 1 43034871005
43034805063 1 43034871006
43034805063 1 43034871083
43034805114 1 38739903857
43034805114 1 38739903933
43034805115 1 38739903857
43034805115 1 38739903933
43034805116 1 38739903859
43034805117 1 43034871080
43034805117 3 43034871157
43034805117 2 43034871158
43034805117 1 43034871159
43034805118 1 43034871001
43034805118 1 43034871003
43034805118 1 43034871004
43034805118 1 43034871079
43034805118 1 43034871082
43034805118 1 43034871159
43034805119 1 43034871003
43034805119 1 43034871161
43034805119 1 43034871162
43034805170 1 38739904012
43034805171 1 38723126798
43034805171 1 38739904012
43034805171 1 38739904015
43034805172 1 38739904015
43034805172 1 43034871234
43034805173 1 43034871236
43034805173 1 43034871314
43034805174 1 43034871240
43034805174 1 43034871316
43034805174 2 43034871317
43034805175 1 43034871239
43034805175 2 43034871240
43034805175 3 43034871317
43034805226 1 38724173963
43034805227 1 38723126875
43034805227 1 38724173963
43034870921 1 38739969619
43034870922 1 38739969617
43034870922 1 38739969619
43034870924 1 43034870925
43034870924 1 43034936917
43034870924 1 43034937019
43034870925 1 43034937020
43034870925 1 43034937022
43034870926 1 43034937022
43034870926 1 43034937023
43034870927 1 43034937027
43034870928 1 43034936925
43034870928 1 43034937026
43034871000 1 38739969821
43034871001 1 38739969618
43034871002 1 38739969618
43034871002 1 43034871080
43034871003 1 43034936917
43034871003 1 43034937020
43034871003 1 43034937021
43034871004 1 43034937022
43034871004 2 43034937023
43034871004 1 43034937121
43034871004 1 43034937126
43034871005 1 43034937022
43034871005 2 43034937023
43034871005 1 43034937026
43034871005 1 43034937126
43034871005 1 43051714034
43034871006 1 43034871084
43034871006 1 43034937026
43034871006 1 43034937027
43034871006 1 43034937126
43034871006 1 43051714034
43034871079 1 38739969822
43034871079 2 38739969925
43034871079 1 38739970027
43034871080 1 38739969925
43034871080 1 43034937325
43034871081 1 43034937225
43034871082 1 43034937227
43034871083 1 43034937127
43034871083 1 43034937228
43034871083 1 43034937230
43034871084 1 43034937128
43034871084 1 43034937228
43034871084 2 43034937230
43034871157 1 38739970028
43034871157 1 38739970127
43034871157 1 38739970130
43034871158 1 38739970028
43034871158 1 43034937325
43034871158 1 43034937326
43034871159 1 43034937430
43034871161 1 43034937331
43034871162 2 43034937332
43034871234 1 38740951184
43034871236 1 38741147733
43034871239 1 43036115035
43034871240 1 43034937435
43034871240 1 47329904733
43034871314 1 43035918488
43034871316 1 43035918491
43034871317 1 43035918497
43034871317 2 43035918500
43034871318 2 43035918500
43034936917 1 38756812775
43034936917 1 43034937019
43034936918 1 38740035679
43034936918 1 38756812775
43034936925 1 43035002868
43034937019 1 38740035679
43034937019 1 38740035680
43034937020 1 38740035680
43034937020 1 38740035681
43034937020 1 38740035801
43034937021 1 43035003099
43034937022 1 38740035680
43034937022 2 43035002980
43034937022 1 43035003099
43034937023 1 43035002982
43034937023 2 43035003101
43034937023 1 43035003102
43034937024 1 43035003102
43034937025 1 43034937026
43034937026 1 43035002986
43034937026 1 43035003106
43034937027 1 4364697628
43034937027 1 43035003107
43034937121 1 34446049359
43034937122 1 38740035801
43034937126 1 43035003102
43034937126 1 43035003104
43034937126 1 43035003224
43034937127 1 43035003102
43034937127 1 43035003104
43034937127 1 43035003224
43034937128 1 4364435478
43034937128 1 43034937129
43034937128 1 43035002987
43034937128 1 43035003225
43034937129 1 4364435478
43034937225 1 43035003340
43034937226 1 43035003340
43034937227 1 43035003343
43034937228 1 43035003342
43034937229 1 43035003224
43034937229 1 43035003342
43034937230 1 43035003346
43034937230 1 43035003347
43034937231 1 43035003347
43034937325 1 38741016660
43034937325 1 38741016661
43034937326 1 38741016660
43034937326 2 38741016661
43034937329 1 43035003345
43034937331 1 43035983964
43034937332 1 43035983964
43034937332 2 43035983965
43034937333 1 43035983965
43034937430 1 43035983961
43035002865 1 38740102094
43035002866 1 38740102094
43035002868 2 43035069249
43035002980 1 38740102091
43035002980 1 38740102094
43035002981 1 38740102094
43035002982 1 43035069392
43035002986 1 43035069398
43035002987 1 43035069252
43035002989 1 43035069396
43035003099 1 38740102244
43035003100 1 38740102244
43035003102 1 43035069544
43035003104 1 43035069548
43035003106 1 43035003226
43035003106 1 43035069551
43035003107 1 43035069553
43035003224 1 43035003225
43035003340 1 38741016662
43035003342 1 43035983960
43035003343 1 43035983962
43035003345 1 43035983966
43035003346 1 43035983964
43035003347 1 43035983966
43035069396 1 43035069397
43035069551 1 43035069552
43035918488 1 38741147733
43035918491 1 43036115033
43035918494 1 43036115033
43035918497 1 43036115035
43035918500 2 43036115037
43035918503 1 43036115039
43035983961 1 43036115032
43035983964 1 43035983965
43035983965 1 43035983966
43036115033 1 38741278806
43036115035 1 43036115036
43036115035 1 43036246108
43036115037 1 43036115038
43036115037 1 43036246108
43036115037 1 43036246110
43036115039 1 43036246110
43036246108 1 43036246110
43036246110 1 43036246112
43050402047 6 43050467742
43050402047 4 43050467743
43050402047 1 43050467795
43050402047 2 43067244906
43050402047 2 43067244907
43050402048 5 43050467742
43050402048 3 43050467743
43050402048 2 43050467795
43050402048 1 43067244906
43050402048 2 43067244907
43050467742 2 43050533484
43050467742 1 43050533563
43050467742 1 43067310621
43050467742 4 43067310622
43050467743 4 43050533485
43050467743 4 43050533486
43050467743 2 43050533563
43050467743 1 43067310623
43050467743 2 43067310624
43050467792 1 43050533557
43050467794 1 43050533562
43050467795 1 43050533485
43050467795 2 43050533562
43050467795 3 43050533563
43050467795 4 43050533564
43050533484 2 43051516381
43050533485 3 43051516342
43050533485 1 43051516343
43050533485 2 43051516382
43050533486 2 43051516342
43050533486 3 43051516343
43050533486 2 43051516383
43050533486 2 43068293559
43050533557 1 8691777946
43050533558 1 8691777946
43050533562 1 43051516421
43050533563 4 43051516382
43050533563 1 43051516421
43050533563 3 43051516422
43050533564 1 43051516382
43050533564 5 43051516383
43050533564 1 43051516422
43050533564 2 43051516423
43051516342 2 43051582051
43051516342 1 43051582052
43051516342 1 43068359268
43051516343 1 43051582054
43051516343 1 43051582109
43051516343 2 43068359270
43051516343 1 43068359271
43051516381 2 43051582107
43051516382 1 43051582107
43051516382 2 43051582108
43051516382 1 43051582109
43051516382 1 43051582165
43051516383 3 43051582109
43051516383 6 43051582110
43051516383 1 43051582165
43051516383 4 43051582166
43051516421 1 43051582162
43051516421 1 43051582163
43051516421 1 43051582219
43051516422 1 43051582162
43051516422 3 43051582163
43051516422 1 43051582164
43051516422 1 43051582165
43051516422 1 43051582219
43051516423 1 43051582165
43051516423 3 43051582166
43051582051 1 38756680526
43051582051 1 38756680528
43051582052 1 38756680528
43051582052 1 38756680529
43051582054 1 43051647830
43051582055 1 43051647831
43051582055 1 43068425048
43051582107 1 38756680604
43051582107 1 38756680605
43051582107 1 38756680606
43051582108 1 38756680606
43051582108 1 43051647905
43051582108 1 43051647982
43051582109 1 43051647905
43051582109 2 43051647907
43051582109 1 43051647983
43051582110 1 43051647907
43051582110 3 43051647908
43051582110 3 43051647986
43051582111 1 43051647831
43051582111 1 43051647986
43051582162 1 38756680836
43051582163 1 38756680761
43051582163 1 38756680762
43051582163 1 38756680838
43051582164 1 38756680762
43051582164 1 38756680841
43051582165 1 43051647984
43051582165 1 43051647985
43051582165 2 43051648062
43051582166 2 43051647985
43051582166 2 43051647986
43051582166 1 43051647987
43051582166 3 43051648064
43051582219 1 38739903623
43051582220 1 38756680841
43051582223 1 43051648065
43051647830 1 43051713627
43051647831 1 43051713629
43051647905 1 38756746428
43051647907 1 43051713727
43051647907 1 43051713728
43051647908 1 43051713729
43051647908 2 43051713830
43051647910 1 43051713834
43051647910 1 43051713835
43051647982 1 38756746629
43051647983 1 38756746529
43051647984 1 43051713929
43051647985 1 43051713832
43051647985 1 43051713931
43051647986 2 43051713831
43051647986 1 43051713932
43051647986 1 43051713934
43051647987 1 43051713831
43051647987 1 43051713934
43051647987 1 43051713935
43051647988 1 43051713834
43051647988 1 43051713936
43051648062 1 43051713930
43051648062 1 43051714031
43051648062 1 43051714032
43051648063 1 43051713930
43051648063 1 43051714032
43051648064 1 43051713933
43051648064 2 43051714035
43051648065 1 43051714035
43051648065 1 43051714139
43051648142 1 43051714136
43051648143 1 43051714136
43051648143 2 43051714139
43051648144 1 47346681235
43051713627 1 43051779358
43051713629 1 43051779360
43051713727 1 43051779595
43051713728 1 43051779476
43051713728 1 43051779595
43051713729 1 43051779598
43051713830 1 43051779596
43051713830 1 43051779597
43051713831 1 43051779597
43051713831 1 43051779598
43051713831 1 43051779719
43051713832 1 43051779481
43051713832 1 43051779598
43051713832 1 43051779719
43051713834 1 43051779602
43051713834 1 43051779722
43051713835 1 43051779602
43051713835 2 43051779604
43051713929 1 38756812536
43051713930 1 38756812417
43051713930 1 38756812536
43051713931 1 38756812538
43051713932 1 43051779716
43051713933 1 43051779838
43051713934 1 43051779720
43051713934 1 43051779838
43051713935 1 43051779721
43051713936 1 43051779843
43051714031 1 38756812777
43051714032 1 38756812657
43051714032 1 38756812777
43051714035 1 43051779957
43051714035 1 43051779958
43051714035 1 43051779959
43051714036 1 43051779957
43051714036 1 43051779959
43051714136 1 30134501487
43051714137 1 30134501487
43051714139 2 43051780081
43051714141 1 43035002865
43051714142 1 43035002865
43051779358 1 43068622457
43051779360 1 43051845242
43051779476 1 38756878094
43051779481 1 43051845401
43051779595 1 38756878244
43051779596 1 38756878244
43051779596 1 38756878396
43051779597 1 38756878397
43051779598 1 43051845545
43051779598 1 43051845696
43051779602 1 43051845549
43051779602 1 43051845551
43051779603 1 43051845549
43051779604 1 43051845553
43051779604 1 43051845705
43051779716 1 38756878548
43051779718 1 43051845696
43051779719 1 43051845697
43051779720 1 43051845852
43051779721 1 43051845853
43051779722 1 43051845702
43051779725 1 43051845707
43051779838 1 43051846001
43051779839 1 43051846001
43051779841 1 43051845853
43051779843 1 43051846007
43051779957 1 38756879002
43051779958 1 43051846153
43051779959 1 43051846154
43051779963 1 43051846004
43051779964 1 43051846004
43051780077 1 69468174
43051780081 1 43051846308
43051845551 1 43051845703
43051846004 1 43051846005
43051846156 1 43051846157
43067179231 1 43084022070
43067179232 1 43067179264
43067179232 1 43084022071
43067179264 1 43067244906
43067244855 1 43084087683
43067244906 1 43067310544
43067244906 1 43067310622
43067244906 1 43084087682
43067244907 1 43067310546
43067244907 3 43067310623
43067244907 1 43084087682
43067310544 1 43085070653
43067310546 2 43068293519
43067310621 1 43068293517
43067310622 1 43068293517
43067310622 1 43068293518
43067310622 2 43068293557
43067310622 1 43068293558
43067310623 3 43068293518
43067310623 2 43068293519
43067310623 1 43068293558
43067310624 8 43068293519
43067310624 1 47363260816
43068293517 1 38773391802
43068293517 1 43068359155
43068293518 2 43068359155
43068293518 1 43068359211
43068293518 1 43068359213
43068293519 4 43068359157
43068293519 4 43068359158
43068293519 2 43068359213
43068293519 3 43068359214
43068293557 1 43068359210
43068293558 1 43068359212
43068293559 2 43068359214
43068293559 1 43068359269
43068293559 5 43068359270
43068293559 1 43068359271
43068359155 2 38773457510
43068359156 1 38773457510
43068359157 1 43068424733
43068359157 2 43068424810
43068359157 1 43068424811
43068359158 1 43068424733
43068359158 3 43068424811
43068359158 1 43068424813
43068359210 1 38773457664
43068359211 1 38773457588
43068359212 1 43068424964
43068359213 1 43068424888
43068359213 2 43068424889
43068359214 2 43068424889
43068359214 2 43068424890
43068359214 1 43068424968
43068359214 1 43068490538
43068359268 1 38773457745
43068359269 1 43068424967
43068359270 1 43068424967
43068359270 4 43068424968
43068359270 1 43068425044
43068359270 3 43068425046
43068359271 1 43068425047
43068359271 1 43068425048
43068424733 1 43085267547
43068424810 2 43068490432
43068424811 2 43068490433
43068424811 2 43068490434
43068424811 1 43085267547
43068424812 2 43068490434
43068424813 1 43068490437
43068424888 1 43068490636
43068424889 1 43068490535
43068424889 1 43068490536
43068424890 1 43068490536
43068424890 1 43068490537
43068424890 1 43068490639
43068424891 1 43068490537
43068424964 1 38773523337
43068424965 1 38773523337
43068424967 1 43068490738
43068424968 1 43068490639
43068424968 1 43068490740
43068424968 3 43068490741
43068424970 1 43068490638
43068425044 1 38773523440
43068425045 1 38773523440
43068425046 1 43068490741
43068425046 2 43068490742
43068425047 1 43068490742
43068425047 1 43068490744
43068425048 1 43068490744
43068425048 1 43068490846
43068490432 1 38773588552
43068490432 1 38773588672
43068490433 1 43068555851
43068490433 1 43068555852
43068490434 1 43068555851
43068490434 1 43068555852
43068490434 1 43068555853
43068490434 1 43068555972
43068490435 1 43068555853
43068490437 1 43068555977
43068490535 1 43068556211
43068490536 1 43068556093
43068490536 1 43068556211
43068490537 1 43068556093
43068490537 1 43068556094
43068490538 1 43068556094
43068490538 1 43068556215
43068490542 1 43068556100
43068490636 1 38773588913
43068490639 1 43068556213
43068490639 1 43068556215
43068490640 1 43068556215
43068490643 1 43068556220
43068490644 1 43068556220
43068490738 1 38773589151
43068490740 1 43068556332
43068490741 1 43068556332
43068490741 1 43068556333
43068490741 1 43068556453
43068490741 1 43068556454
43068490742 1 43068556455
43068490742 1 43068556456
43068490744 1 43068490745
43068490744 1 43068556458
43068490744 1 43068556459
43068490845 1 43068556454
43068490846 1 43068556459
43068490847 1 43068556459
43068490847 1 43068556580
43068555851 1 38790431154
43068555852 1 38773654093
43068555853 1 43068621391
43068555972 2 38773654093
43068555977 1 43068621549
43068556093 1 43068621696
43068556094 1 43068621544
43068556094 1 43068621696
43068556100 1 43068621554
43068556211 1 38773654395
43068556213 1 38773654702
43068556214 1 38773654702
43068556215 1 43068621698
43068556215 1 43068621850
43068556220 1 43068621857
43068556332 1 38773654853
43068556333 1 38773654853
43068556333 1 43068622151
43068556334 1 43068622151
43068556338 1 38790561872
43068556338 1 43068556339
43068556341 1 43068622163
43068556453 1 38773654854
43068556454 1 38773654854
43068556454 1 43068622152
43068556455 1 43068622306
43068556456 1 43068622156
43068556458 1 43068622311
43068556459 1 43068622312
43068556459 1 43068622313
43068556580 1 43068622313
43068621554 1 43068621706
43068621857 1 43068621858
43084022019 2 43084087605
43084022070 1 43084087604
43084022071 1 43084087605
43084022071 1 43084087684
43084087604 1 34512437383
43084087605 1 38807404690
43084087605 1 43085463704
43084087606 1 43085463704
43084087606 1 43085463707
43084087682 1 34512437378
43084087683 1 43085070613
43084087683 1 43085070654
43084087684 1 43085070654
43084087684 1 43085070655
43085070574 1 38807273621
43085070574 1 38807273624
43085070574 1 43101913308
43085070613 1 38807273613
43085070613 1 43085136090
43085070613 1 43085136146
43085070614 1 43085136146
43085070614 1 43085136149
43085070614 1 43085463704
43085070615 2 43085136149
43085070615 1 43085463707
43085070653 1 38790168849
43085070653 1 38790168962
43085070653 1 38807273607
43085070653 1 38807273608
43085070654 1 43085136260
43085070654 1 43085136261
43085070655 1 43085136206
43085070655 1 43085136261
43085070695 1 43085136260
43085136090 1 38807011394
43085136146 1 38807011392
43085136149 1 43085136206
43085136149 1 43085201558
43085136150 1 43085201637
43085136206 1 43085201637
43085136206 1 43085201716
43085136260 1 43085201790
43085136261 1 43085201790
43085136261 1 43085201792
43085201558 1 38807601237
43085201637 1 38790824022
43085201716 1 43085267039
43085201790 1 38790299837
43085201791 1 38790299837
43085201792 1 43085267239
43085201874 1 43085332835
43085267039 1 43085660250
43085267239 1 38790561875
43085267547 1 38790365650
43085332835 1 43085398161
43085529179 1 43085660250
43085660247 1 38790824022
43101913308 1 43101978694
43101978694 1 34512896078
47295103704 1 47295692802
47295692802 1 51118082
47295692908 1 51118082
47311749248 2 83951873
47311749248 1 47328592128
47311749248 1 47328592129
47311749248 1 47328592160
47311749248 1 47345369344
47311749248 1 47362146528
47311814945 1 67240561
47311814976 4 67240457
47311814976 1 67240561
47311814976 2 43016913467
47311814976 3 43016913519
47311814976 4 47311880763
47311814976 6 47311880764
47311814976 2 47311880765
47311814976 3 47311880815
47311814976 10 47311880816
47311814976 1 47311880817
47311814976 1 47311880868
47311815008 2 67240613
47311815008 1 47295103704
47311815008 1 47311880817
47311815008 1 47311880867
47311815008 2 47311880868
47311815008 1 47311880919
47311815040 1 51052546
47311880763 4 43016979444
47311880763 1 47311946740
47311880763 1 47311946741
47311880764 1 67306331
47311880764 1 67306409
47311880764 1 67306487
47311880764 1 43016979444
47311880764 1 47311946664
47311880764 3 47311946740
47311880764 5 47311946741
47311880764 4 47311946742
47311880765 1 67306487
47311880765 1 68289234
47311880765 1 47311880816
47311880815 3 47311946819
47311880816 2 67306487
47311880816 1 67306564
47311880816 1 68289234
47311880816 1 68289274
47311880816 3 47311946819
47311880816 2 47311946820
47311880816 1 47312929489
47311880816 1 47312929527
47311880816 1 47312929528
47311880817 1 67829762
47311880867 1 47312470123
47311880868 2 67829762
47311880868 1 47312470123
47311880868 1 47312470124
47311880919 1 47312470123
47311946663 1 47311946742
47311946663 1 47312929407
47311946664 1 47311946742
47311946664 1 47312929408
47311946740 1 43017962150
47311946740 2 43017962151
47311946741 1 43017962111
47311946741 2 43017962151
47311946741 1 47312929407
47311946741 1 47312929408
47311946741 4 47312929448
47311946742 1 68289113
47311946742 2 47312929408
47311946742 3 47312929448
47311946819 1 43017962151
47311946819 1 43017962191
47311946819 1 47312929487
47311946820 2 47312929488
47312470123 1 43017568363
47312470123 1 43017962271
47312470124 1 47312929608
47312929407 1 43018028015
47312929408 1 68355057
47312929408 1 43018028015
47312929408 1 47312995311
47312929408 1 47312995368
47312929448 2 68355057
47312929448 1 43018028127
47312929448 1 47312995313
47312929448 1 47312995423
47312929487 1 47312995479
47312929488 2 68355169
47312929488 1 47312995479
47312929489 1 69468161
47312929527 1 43019141285
47312929528 1 69468161
47312929528 1 43019141285
47312929528 1 47314108584
47312929608 1 47314108584
47312995311 1 43018094180
47312995313 1 69468163
47312995368 1 47314108586
47312995423 1 43019141286
47312995479 1 43019141286
47314108584 1 47314239656
47314108584 1 47314239657
47314108585 1 34429599867
47314108586 1 69599235
47314239656 1 47314370729
47314239657 1 47314370730
47314370729 1 69861378
47314370730 1 47314501802
47314501802 1 47314698337
47314698337 1 47314829409
47314829409 1 47314829410
47328526449 4 67174689
47328526449 4 83951841
47328526449 15 83951873
47328526449 2 83951904
47328526449 10 100729057
47328526449 2 117506241
47328526449 1 134283425
47328526449 1 21592342737
47328526449 1 43033624863
47328526449 1 47311814945
47328526449 8 47311814976
47328526449 3 47328592097
47328526449 8 47328592128
47328526449 7 47328592129
47328526449 25 47328592160
47328526449 5 47345369313
47328526449 24 47345369344
47328526449 1 47362146497
47328526449 4 47362146528
47328526464 5 67174689
47328526464 4 83951841
47328526464 13 83951873
47328526464 1 83951874
47328526464 2 83951904
47328526464 12 100729057
47328526464 2 117506241
47328526464 1 134283425
47328526464 1 21542011185
47328526464 1 21592342737
47328526464 1 43016847647
47328526464 6 43016847679
47328526464 1 43016847680
47328526464 1 43016847711
47328526464 1 43033624831
47328526464 9 43033624863
47328526464 4 43033624864
47328526464 1 43033690683
47328526464 14 43050402047
47328526464 2 43050402048
47328526464 1 43067179231
47328526464 2 43067179232
47328526464 1 47311814945
47328526464 38 47311814976
47328526464 7 47311815008
47328526464 1 47311815040
47328526464 4 47328592097
47328526464 37 47328592128
47328526464 6 47328592129
47328526464 106 47328592160
47328526464 2 47328592192
47328526464 5 47345369313
47328526464 89 47345369344
47328526464 1 47362146497
47328526464 27 47362146528
47328592097 2 100794733
47328592097 2 47328592129
47328592128 3 100794733
47328592128 4 100794785
47328592128 1 43033690578
47328592128 1 43033690579
47328592128 2 43050467743
47328592128 1 43050467792
47328592128 4 43050467795
47328592128 5 47328657875
47328592128 4 47328657876
47328592128 2 47345435039
47328592128 5 47345435040
47328592128 1 47345435041
47328592128 5 47345435091
47328592128 8 47345435092
47328592129 1 84017569
47328592129 3 84017621
47328592129 2 100794785
47328592129 2 47328657876
47328592129 1 47328657928
47328592129 1 47345435041
47328592160 1 67240457
47328592160 3 84017569
47328592160 7 84017621
47328592160 1 84017622
47328592160 2 84017672
47328592160 2 100794733
47328592160 1 100794785
47328592160 1 21558854128
47328592160 1 21592408348
47328592160 1 34478358919
47328592160 3 43016913467
47328592160 1 43033690577
47328592160 3 43033690579
47328592160 1 43033690630
47328592160 14 43033690631
47328592160 1 43050467742
47328592160 1 43050467792
47328592160 1 43050467795
47328592160 1 43067244906
47328592160 2 47311880763
47328592160 8 47311880764
47328592160 2 47328657825
47328592160 7 47328657875
47328592160 22 47328657876
47328592160 17 47328657927
47328592160 23 47328657928
47328592160 1 47328657979
47328592160 5 47328657980
47328592160 1 47345435041
47328592160 1 47345435091
47328592160 3 47345435092
47328592161 1 67240457
47328592161 1 84017672
47328592192 1 84017622
47328592192 1 43016913467
47328592192 1 47311880763
47328592192 2 47311880764
47328657825 1 100860529
47328657825 1 47328657876
47328657875 1 43033756426
47328657875 5 47328723722
47328657875 5 47328723723
47328657875 1 47345500861
47328657876 1 84083313
47328657876 4 84083391
47328657876 1 100860529
47328657876 2 47328723646
47328657876 2 47328723647
47328657876 2 47328723722
47328657876 9 47328723723
47328657876 5 47328723724
47328657876 1 47328723801
47328657876 1 47328723802
47328657876 1 47345500861
47328657876 1 47345500862
47328657877 1 43033756424
47328657927 1 43033756426
47328657927 1 43033756503
47328657927 3 43033756504
47328657927 1 43033756581
47328657927 1 43033756582
47328657927 1 47328723722
47328657927 1 47328723723
47328657927 1 47328723800
47328657927 6 47328723801
47328657927 1 47328723878
47328657927 3 47328723879
47328657928 2 84083469
47328657928 1 84083547
47328657928 1 43033756426
47328657928 1 43033756504
47328657928 1 47328723647
47328657928 1 47328723724
47328657928 2 47328723725
47328657928 8 47328723801
47328657928 8 47328723802
47328657928 5 47328723879
47328657928 5 47328723880
47328657979 1 43033756503
47328657979 1 43033756581
47328657979 1 47311946663
47328657980 2 84083547
47328657980 1 84083548
47328657980 2 47311946663
47328657980 1 47311946664
47328657980 1 47328723879
47328657980 1 47328723880
47328723646 1 85066209
47328723646 1 47346483681
47328723647 1 85066209
47328723647 1 47328723725
47328723722 3 43034739207
47328723722 2 43034739247
47328723723 1 8708555121
47328723723 4 43034739207
47328723723 1 43034739246
47328723723 2 43034739247
47328723723 1 47329706503
47328723723 5 47329706504
47328723723 1 47329706543
47328723723 3 47329706544
47328723723 1 47346483720
47328723724 5 85066209
47328723724 1 85066249
47328723724 1 47329706504
47328723724 5 47329706544
47328723725 2 85066249
47328723725 1 85066289
47328723800 2 43034739287
47328723801 3 43034739287
47328723801 2 47329706543
47328723801 3 47329706544
47328723801 4 47329706584
47328723802 2 85066249
47328723802 1 85066289
47328723802 5 47329706544
47328723802 3 47329706545
47328723802 2 47329706584
47328723803 1 47329706584
47328723878 1 43034739327
47328723879 1 43034739287
47328723879 2 43034739327
47328723879 1 47329706583
47328723879 2 47329706584
47328723879 1 47329706624
47328723880 1 68289113
47328723880 1 4447666201
47328723880 1 8691777984
47328723880 1 47329706545
47328723880 3 47329706584
47329706503 2 43034805006
47329706503 1 47329772304
47329706504 1 85131993
47329706504 1 85131994
47329706504 1 101909153
47329706504 2 43034805006
47329706504 2 43034805007
47329706504 1 43051582165
47329706504 1 47329772303
47329706504 3 47329772304
47329706504 1 47346549463
47329706505 1 85131993
47329706543 1 85131993
47329706543 1 101909153
47329706543 1 43034805007
47329706543 1 43034805061
47329706543 1 43034805063
47329706543 1 43034805119
47329706544 2 85131993
47329706544 1 85131996
47329706544 2 85132049
47329706544 1 101974955
47329706544 2 43034805006
47329706544 2 43034805007
47329706544 1 43034805061
47329706544 1 43034805062
47329706544 1 43034805063
47329706544 1 43034805119
47329706544 1 47329772304
47329706544 1 47329772305
47329706544 2 47329772359
47329706544 4 47329772360
47329706544 2 47329772415
47329706544 1 47329772416
47329706544 1 47346549520
47329706545 1 85131993
47329706545 3 85132105
47329706545 1 85132161
47329706545 1 47329772416
47329706583 1 38739837705
47329706583 1 43034805062
47329706583 1 43034805175
47329706584 1 85131994
47329706584 1 85131996
47329706584 3 85132105
47329706584 1 85132161
47329706584 1 101909153
47329706584 1 43034805062
47329706584 1 43034805063
47329706584 1 43034805118
47329706584 1 43034805174
47329706584 1 43034805175
47329706584 1 47329772304
47329706584 1 47329772415
47329706584 2 47329772416
47329706584 2 47329772471
47329706584 4 47329772472
47329706584 1 47329772527
47329706585 1 85132106
47329706624 2 85132161
47329706624 1 38739837705
47329706624 1 38739903697
47329706624 4 43034805118
47329706624 1 47329772527
47329772249 1 85197897
47329772303 1 43034870928
47329772303 1 43034871004
47329772304 3 85197893
47329772304 1 101975035
47329772304 1 43034871004
47329772304 1 47329838225
47329772304 1 47329838226
47329772304 1 47346615208
47329772305 1 85198049
47329772359 2 43034871006
47329772360 1 43034871006
47329772360 1 43034871084
47329772360 1 43034937329
47329772360 1 47329838226
47329772360 1 47329838303
47329772360 1 47329838381
47329772360 2 47329838382
47329772415 1 43034871084
47329772415 1 43034871162
47329772416 1 85198049
47329772416 1 47329838459
47329772416 1 47329838460
47329772416 1 47329904630
47329772471 1 43034937128
47329772471 1 47329838536
47329772471 1 47329838615
47329772472 1 43034937128
47329772472 1 47329838382
47329772472 2 47329838537
47329772472 2 47329838538
47329772472 1 47329838615
47329772527 1 43018094180
47329772527 1 47329838615
47329772528 1 43034871005
47329838224 1 47346681234
47329838225 1 47329904222
47329838226 1 102041083
47329838226 1 43034937025
47329838226 1 47346681439
47329838303 1 47329904426
47329838381 1 47329904529
47329838382 1 85264071
47329838382 1 85264173
47329838382 1 47329904222
47329838382 1 47329904224
47329838382 1 47329904529
47329838459 1 47329904631
47329838460 1 85264275
47329838536 1 47329904732
47329838537 2 43034937128
47329838537 1 43036115037
47329838537 1 47329904732
47329838537 1 47331082335
47329838538 1 47329904734
47329838538 1 47330885802
47329838538 1 47331082335
47329838615 1 43035918503
47329838615 1 47330885799
47329904222 1 43035002868
47329904222 1 43051779963
47329904223 1 43035002989
47329904224 1 43035002989
47329904224 1 47346747263
47329904426 1 47329970406
47329904528 1 4380297340
47329904529 1 69468174
47329904529 1 47329970646
47329904531 1 69468174
47329904630 1 43035983966
47329904631 1 47314108585
47329904631 1 47330951263
47329904632 1 69468174
47329904633 1 85330153
47329904732 1 43036115040
47329904733 1 86441988
47329904733 1 43035003106
47329904734 1 47330951265
47329970169 1 102172906
47329970405 1 38740102092
47329970406 1 38740102092
47329970406 1 43035069556
47329970407 1 43051846313
47329970408 1 43051846313
47329970646 1 47330951264
47330885799 1 47331082337
47330885802 1 43019272346
47330885802 2 47331082337
47330951263 1 47330951264
47330951265 1 47331082338
47331082335 1 47331082336
47331082337 1 86573058
47331082337 1 47331213410
47345303680 1 67174689
47345303680 1 47328592160
47345369313 2 100794733
47345369313 3 117571897
47345369344 1 100794681
47345369344 5 100794733
47345369344 1 100794785
47345369344 4 117571897
47345369344 1 25853821426
47345369344 7 43050467743
47345369344 1 43050467794
47345369344 2 43067244907
47345369344 5 47345434989
47345369344 17 47345435039
47345369344 30 47345435040
47345369344 2 47345435091
47345369344 2 47345435092
47345369344 1 47362212153
47345369344 8 47362212203
47345369344 7 47362212204
47345369344 1 47362277922
47345434989 1 100860529
47345434989 4 117637589
47345434989 1 47345500784
47345435039 2 43050533485
47345435039 4 43050533486
47345435039 1 43067310624
47345435039 3 47345500782
47345435039 7 47345500783
47345435039 1 47345500860
47345435039 1 47362277921
47345435040 5 100860451
47345435040 1 100860529
47345435040 5 117637589
47345435040 1 47345500707
47345435040 1 47345500782
47345435040 8 47345500783
47345435040 9 47345500784
47345435040 3 47345500861
47345435040 6 47345500862
47345435040 2 47362277921
47345435040 3 47362277922
47345435041 2 100860529
47345435091 1 43050533563
47345435091 2 43050533564
47345435091 4 47345500861
47345435092 4 100860529
47345435092 1 25853887287
47345435092 6 47345500861
47345435092 7 47345500862
47345500707 1 101843385
47345500782 1 43051516343
47345500782 2 43068293559
47345500783 1 43051516343
47345500783 2 43051516383
47345500783 6 43068293559
47345500783 1 47346483639
47345500783 2 47346483640
47345500783 4 47346483680
47345500784 2 101843345
47345500784 3 101843385
47345500784 1 118620561
47345500784 1 47346483601
47345500784 1 47346483639
47345500784 2 47346483640
47345500784 1 47346483680
47345500784 1 47363260856
47345500860 1 43051516383
47345500861 4 43051516383
47345500861 6 47346483680
47345500861 4 47346483720
47345500862 6 101843385
47345500862 2 47346483641
47345500862 5 47346483680
47345500862 2 47346483720
47346483601 1 118686257
47346483639 1 43051582055
47346483639 1 43068359270
47346483640 1 101909041
47346483640 2 43051582055
47346483640 1 43068359270
47346483640 1 47346549351
47346483640 1 47363326567
47346483641 1 101843424
47346483641 1 101909097
47346483680 1 101909097
47346483680 1 101909153
47346483680 1 43051582055
47346483680 2 47346549353
47346483680 6 47346549407
47346483680 4 47346549408
47346483680 1 47346549463
47346483680 1 47346549464
47346483681 1 101909209
47346483720 1 101909209
47346483720 1 43051582223
47346483720 5 47346549464
47346549351 1 47363392344
47346549352 1 47346615128
47346549352 1 47363392344
47346549353 1 101974875
47346549353 1 47346549409
47346549407 2 43051647910
47346549407 1 43051647988
47346549407 1 47346615206
47346549407 2 47346615285
47346549408 1 101974875
47346549408 1 47346549464
47346549408 1 47346615206
47346549408 4 47346615208
47346549408 1 47346615285
47346549409 1 101974953
47346549463 1 43051647988
47346549463 1 43051648065
47346549464 2 101974953
47346549464 3 101975031
47346549464 2 47346615364
47346549520 1 47346615363
47346615128 1 43068490845
47346615129 1 43068490845
47346615206 1 47346615284
47346615207 1 47346615285
47346615208 2 102040675
47346615208 1 47346681032
47346615208 1 47346681134
47346615208 1 47363458144
47346615284 1 43051713835
47346615285 1 43051713835
47346615285 2 47346681132
47346615363 1 43051713835
47346615364 1 102040981
47346615364 1 47346681236
47346615442 1 43051714141
47346681032 1 102106409
47346681132 1 43051779725
47346681132 1 47346746901
47346681134 1 102106529
47346681234 1 47346746901
47346681235 1 47346746901
47346681236 1 102106769
47346681439 1 47346747262
47346681440 1 47346747262
47346746901 1 43051845249
47346746901 1 43051845708
47346747262 1 43051846156
47346747262 1 43051846162
47346747263 1 43051845858
47362146497 1 47362212204
47362146528 2 134349061
47362146528 1 43067244855
47362146528 2 43084022019
47362146528 3 47362212151
47362146528 3 47362212152
47362146528 1 47362212153
47362146528 3 47362212203
47362146528 7 47362212204
47362146528 1 47378989316
47362146528 1 47378989317
47362146528 3 47378989367
47362146528 2 47378989368
47362146560 1 47362212203
47362212151 1 43084087683
47362212151 1 43084087684
47362212151 1 47379054981
47362212152 1 43084087684
47362212152 1 47379054981
47362212152 2 47379054982
47362212153 1 117637511
47362212203 1 43067310546
47362212203 4 43067310624
47362212203 3 47362277843
47362212203 2 47362277920
47362212203 1 47362277921
47362212204 3 117637511
47362212204 1 25904218311
47362212204 1 47362277767
47362212204 3 47362277843
47362212204 3 47362277844
47362212204 1 47362277920
47362212204 4 47362277922
47362212204 1 47379054905
47362212204 1 47379054983
47362212255 1 43067310624
47362212256 1 47362277922
47362277767 1 135397697
47362277843 1 47363260776
47362277843 1 47363260816
47362277843 1 47380037991
47362277844 1 118620481
47362277844 3 135397697
47362277844 1 47363260776
47362277920 2 43068293519
47362277921 1 43068293519
47362277921 2 47363260816
47362277922 2 118620521
47362277922 1 47363260777
47362277922 3 47363260816
47362277922 1 47363260817
47362277922 2 47363260856
47363260776 1 47363326400
47363260776 1 47363326456
47363260776 1 47380103615
47363260777 1 118686145
47363260816 1 118686201
47363260816 1 118751857
47363260816 1 47363326456
47363260816 1 47363326457
47363260816 2 47363326512
47363260817 1 118686257
47363260856 2 118686201
47363260856 1 118686257
47363260856 1 118751857
47363260856 1 47363326512
47363260856 1 47363326567
47363326400 1 118751701
47363326456 1 118751701
47363326456 1 47363392033
47363326456 1 47363392112
47363326457 1 118751857
47363326512 1 118751857
47363326512 1 118751935
47363326512 2 47363392189
47363326567 1 47363392267
47363326567 1 47363392345
47363326568 1 43068424970
47363326568 1 47363392267
47363326568 1 47363392345
47363392033 1 47380234851
47363392034 1 47380234851
47363392112 1 47363457738
47363392189 1 43068490542
47363392189 1 43068490643
47363392267 1 47363458042
47363392344 1 43068490847
47363392345 1 43068490847
47363457738 1 118882905
47363458042 1 43068556341
47363458144 1 38790561872
47363523399 1 43085398465
47363523519 1 43068621399
47363523520 1 43068621399
47378989316 1 47379054904
47378989317 1 134414649
47378989367 1 43084087606
47378989367 1 47379054903
47378989367 1 47379054981
47378989368 1 134414649
47378989368 1 47379054903
47378989368 1 47379054904
47378989368 1 47379054982
47379054903 1 135790595
47379054904 1 47380037912
47379054905 1 47379055060
47379054981 3 47380037952
47379054982 3 135397657
47379054982 1 135397697
47379054983 1 135397697
47379055060 1 135397697
47380037912 1 135463193
47380037912 1 135790595
47380037912 1 47380103448
47380037952 1 47380103503
47380037952 1 47380103504
47380037952 1 47380103559
47380037991 1 47380103615
47380103448 1 47380168860
47380103503 1 47380169015
47380103504 1 47380169015
47380103504 1 47380169016
47380103559 1 47380169093
47380103560 1 47380169093
47380103615 1 43085201874
47380168860 1 135987201
47380169015 1 47380234341
47380169016 1 135593985
47380169093 1 47380234442
47380234341 1 47380627554
47380234442 1 47380496479
47380234851 1 47380300374
47380300374 1 47380365765
47380496479 1 47380496480
47380496481 1 47380627554
