68289153 1 68355114
68355003 1 69468174
68355004 1 4364435476
68355114 1 69468169
69468169 1 69599242
69468174 1 4364566547
69599242 1 69730317
69730317 1 4365025290
83951841 1 84017621
83951873 1 84017621
84017569 2 84083391
84017569 1 84083393
84017569 1 85066249
84017620 1 84083391
84017620 1 85066249
84017621 1 84083471
84017621 1 84083547
84017621 1 84083548
84017672 1 84083547
84083314 1 85066211
84083315 1 85066211
84083391 2 85066249
84083392 1 85066210
84083471 1 85066290
84083547 1 85066330
84083548 1 85066330
85066209 2 85131993
85066210 1 85131996
85066211 1 85131997
85066249 1 85132049
85066249 2 85132050
85066249 1 85132051
85066289 2 85132161
85066290 1 85132165
85066291 1 85132165
85066330 1 68355003
85066330 1 68355004
85131993 1 85197893
85131993 1 85197894
85131993 1 85197972
85131996 1 85197977
85131997 1 4380165277
85132049 1 85198050
85132050 2 85198051
85132051 1 85198131
85132052 1 85197977
85132105 1 85198051
85132161 1 85198205
85132161 1 85198284
85132165 1 4380165587
85197893 1 85263869
85197893 1 85263970
85197894 1 85263970
85197897 1 85263978
85197972 1 85263971
85197977 1 4380231379
85198049 1 85264174
85198050 1 85264176
85198051 1 85264278
85198051 1 85264279
85198131 1 85264284
85198205 1 86441988
85198284 1 86245380
85263869 1 85329916
85263873 1 85329922
85263969 1 85329913
85263970 1 85329915
85263970 1 85329916
85263971 1 85329916
85263971 1 85330036
85263978 1 4380297343
85264174 1 85330275
85264176 1 85330278
85264278 1 86310917
85264279 1 86310917
85264284 1 4381278220
85329913 1 85396298
85329915 1 85396300
85329916 1 85396302
85329916 1 85396303
85329922 1 4380363609
85330033 1 85396450
85330036 1 85396455
85330037 1 85396455
85330275 1 86310915
85330278 1 86310917
86245380 1 86441988
86310917 1 86310918
86310917 2 86310919
86310918 1 86310919
86441988 1 86573059
100729057 3 100794733
100729057 1 100794785
100729058 1 100794735
100729088 2 100794733
100794733 2 100860451
100794733 1 100860452
100794733 3 100860529
100794733 1 100860530
100794733 1 100860531
100794733 1 100860606
100794735 1 100860454
100794784 2 100860529
100794785 1 84083314
100794785 1 84083392
100794785 1 100860606
100860451 1 100860529
100860451 3 101843345
100860451 5 101843385
100860452 1 101843346
100860452 1 101843386
100860454 1 101843386
100860528 1 100860606
100860528 1 101843345
100860528 1 101843385
100860529 1 85066209
100860529 3 101843385
100860529 2 101843425
100860530 1 101843386
100860530 1 101843425
100860531 1 101843427
100860606 2 101843385
100860606 1 47329706504
101843345 1 101909043
101843345 1 101909097
101843345 1 101909098
101843346 1 101909043
101843346 1 101909045
101843385 1 101909097
101843385 2 101909098
101843385 1 101909099
101843385 3 101909153
101843385 1 101909154
101843385 2 101909155
101843386 1 101909099
101843386 1 101909154
101843386 1 101909156
101843425 1 85197897
101843425 3 101909153
101843425 1 101909210
101843427 1 101909213
101843464 2 101909153
101909041 1 101974875
101909042 1 101974799
101909043 1 101974803
101909045 1 4396942180
101909097 1 101909153
101909097 1 101974875
101909097 1 101974954
101909098 1 101974877
101909098 1 101974878
101909098 1 101974879
101909099 1 101974879
101909099 2 101974958
101909152 1 101974953
101909153 1 101974953
101909153 1 101974954
101909153 2 101975031
101909153 2 101975032
101909153 2 101975033
101909154 1 101974954
101909154 1 101975034
101909155 1 101974954
101909155 1 101974958
101909155 2 101975036
101909156 1 4396942334
101909208 1 101975031
101909209 1 85197893
101909210 1 101975112
101909213 1 4380165197
101974797 1 102040573
101974799 1 102040677
101974803 1 4397007882
101974875 2 102040676
101974877 1 101974956
101974878 1 102040782
101974878 1 102040783
101974879 1 102040785
101974952 1 102040677
101974953 1 102040880
101974953 1 102040881
101974954 1 102040780
101974954 1 102040879
101974954 1 102040881
101974954 1 102040882
101974954 1 102040987
101974955 1 102040780
101974956 1 102040782
101974956 1 102040783
101974958 1 4397008083
101974958 1 4397008186
101975031 1 102040880
101975031 2 102040982
101975032 1 102040982
101975032 1 102040984
101975032 1 102041085
101975033 1 102040985
101975033 1 102041087
101975034 1 102040884
101975036 1 4380231174
101975036 1 12971147320
101975109 1 102041084
101975110 1 102041085
101975112 1 85263873
102040573 1 102106410
102040578 1 102106418
102040578 1 4397073716
102040675 1 102106410
102040676 1 102106412
102040676 1 102106531
102040677 1 102106410
102040677 1 102106536
102040780 1 102106654
102040782 1 102106658
102040783 1 4397140065
102040785 1 4397073839
102040879 1 47346747142
102040880 2 102106771
102040881 1 102106773
102040882 1 102106774
102040884 1 102106897
102040982 1 102106891
102040982 1 102107011
102040984 1 102106894
102040985 1 102107016
102040986 1 102106897
102041084 1 102107012
102041085 1 102107012
102041087 1 102107016
102106409 1 102172298
102106410 1 102172298
102106410 1 47346812703
102106412 1 102172302
102106418 1 4397139611
102106531 1 102172452
102106654 1 102172763
102106658 1 4397139912
102106771 1 102172910
102106771 1 102173062
102106773 1 102172913
102106774 1 102172915
102106891 1 102173061
102106894 1 102173218
102106897 1 4397140367
102107011 1 102173213
102107012 1 85396151
102107012 1 102173367
102107014 1 102173218
102107016 1 102173221
102107016 1 4380363454
102172298 1 102172299
117440624 1 47345369344
117506241 1 117571846
117506241 6 117571897
117506272 4 117571897
117571845 2 117637511
117571845 1 117637512
117571845 1 134414728
117571846 1 117637514
117571897 1 100860452
117571897 3 117637511
117571897 4 117637512
117571897 2 117637589
117571897 5 117637590
117571948 2 117637511
117571948 1 117637589
117637511 3 118620481
117637511 3 118620521
117637511 1 118620522
117637511 1 17332568127
117637512 1 118620482
117637512 3 118620522
117637512 1 118686148
117637513 1 118686148
117637514 1 118620483
117637589 3 118620521
117637589 1 118620561
117637590 3 118620522
117637590 3 118620562
117637666 1 118620561
118620481 2 118686089
118620481 1 118686090
118620481 1 118686145
118620481 2 118686146
118620481 1 118686147
118620481 1 13020692533
118620482 1 118686092
118620483 1 4413653390
118620521 3 118686145
118620521 2 118686146
118620521 1 118686201
118620521 4 118686202
118620522 2 118686147
118620522 2 118686148
118620522 1 118686203
118620522 1 118686204
118620522 1 118751785
118620523 1 4413653560
118620560 1 118686145
118620560 1 118686201
118620561 1 118686201
118620561 1 118686257
118620561 1 118686258
118620562 2 118686259
118620562 1 118686261
118620600 1 101909042
118620600 1 118686257
118686089 1 118686146
118686089 1 118751702
118686090 2 118751702
118686090 1 135528921
118686092 1 4430496220
118686145 3 118751779
118686145 1 118751780
118686145 1 118751857
118686145 1 118751858
118686145 1 118751859
118686146 1 118751702
118686146 3 118751782
118686146 1 118751859
118686146 1 118751861
118686147 1 118751706
118686147 1 118751783
118686147 1 4413719160
118686148 1 118751785
118686148 1 118751862
118686148 2 4413719160
118686201 1 118751858
118686201 3 118751935
118686201 3 118751936
118686202 1 118751860
118686202 3 118751861
118686203 4 118751861
118686204 1 4413719239
118686256 1 118751935
118686257 2 118752013
118686257 2 118752014
118686258 1 118752016
118686259 1 118752017
118686259 1 118752019
118686260 1 118752019
118686261 1 4413719240
118751701 1 118817280
118751702 2 118817282
118751703 2 118817282
118751706 1 4430561803
118751779 1 118817280
118751779 3 118817382
118751779 1 118817383
118751779 1 47363457738
118751780 1 118817385
118751781 1 118817385
118751781 1 4413784685
118751782 1 118817387
118751782 1 118817388
118751782 1 118817489
118751783 1 118817389
118751785 1 4413784690
118751785 1 4430561803
118751857 1 118817483
118751857 4 118817484
118751857 1 118817587
118751858 1 118817485
118751859 1 118817487
118751860 1 118751938
118751861 1 118751939
118751861 2 118817491
118751861 1 118817593
118751861 1 4413784789
118751862 1 4413784788
118751862 1 4413784789
118751935 1 118817585
118751935 1 118817587
118751935 2 118817687
118751935 2 118817688
118751935 1 47363457940
118751936 1 118817589
118751936 1 118817690
118751936 1 118817691
118751937 1 118817589
118751938 1 118817592
118751939 1 118817592
118752012 1 118817585
118752012 1 118817687
118752013 1 118817692
118752013 1 118817791
118752013 1 47363458044
118752014 2 102040578
118752014 2 118817791
118752016 1 118817796
118752017 1 118817695
118752019 1 4413784995
118817280 1 118882788
118817282 1 118882790
118817282 1 135660006
118817382 3 118882907
118817383 1 118882909
118817385 1 118882792
118817387 1 118882795
118817388 1 4413850093
118817389 1 4413850214
118817483 1 118883026
118817483 1 118883150
118817484 1 118883027
118817484 2 118883028
118817485 1 118883028
118817485 1 118883030
118817487 1 118883032
118817489 1 118883034
118817491 1 4413850334
118817491 1 4413850335
118817585 1 118883266
118817587 1 118883149
118817587 1 118883268
118817589 1 118883273
118817592 1 4413850453
118817593 1 4413850454
118817687 1 118883266
118817687 1 118949211
118817688 1 118883267
118817688 1 118883268
118817690 1 118883390
118817691 1 118883395
118817695 1 4413850693
118817791 1 118883389
118817791 1 118883508
118817796 1 4413850692
118882788 1 118948151
118882790 1 118948153
118882792 1 118948309
118882795 1 4413915610
118882907 1 118948302
118882907 1 118948452
118882907 1 118948454
118882909 1 118948456
118883025 1 118948602
118883026 1 118948604
118883027 1 118948757
118883028 1 118948608
118883030 1 118948610
118883032 1 4413915910
118883034 1 4413915760
118883147 1 118948757
118883149 1 118948913
118883265 1 118949058
118883266 1 118949059
118883266 1 118949060
118883267 1 118949061
118883268 1 118949062
118883268 1 118949063
118883273 1 4413916217
118883385 1 118949209
118883388 1 118949062
118883389 1 118949217
118883390 1 118949066
118883508 1 118949366
118883509 1 118949217
118948151 1 118948303
118948153 1 118948305
118949059 1 118949060
118949209 1 118949210
134283425 1 134348957
134283425 2 134349009
134283456 1 134349009
134283457 3 134349061
134348957 1 151191633
134348957 1 151191710
134348958 1 151191633
134349009 2 134414493
134349009 2 134414494
134349009 2 134414571
134349009 1 151191710
134349060 1 134414571
134349061 1 134414573
134349061 3 134414649
134349061 2 134414650
134349061 1 134414651
134349062 1 134414573
134349112 1 134414649
134349112 1 134414650
134414493 1 135790599
134414493 1 135790602
134414493 1 4447666201
134414494 1 135397618
134414494 1 4447666198
134414571 1 135397617
134414571 1 135790602
134414571 1 135790605
134414571 1 4430757907
134414572 1 135397618
134414572 1 4430757907
134414573 1 4430757919
134414649 5 135397657
134414649 1 135397697
134414649 1 135397698
134414650 1 135397698
134414650 1 8742633514
134414651 1 135397658
134414651 1 135397698
134414726 1 135397697
134414727 2 135397697
134414728 1 135397698
134414804 1 135397697
135397577 1 135463082
135397577 1 135790599
135397577 1 152240298
135397577 1 152567818
135397617 4 135463138
135397617 2 135463194
135397617 1 135790602
135397617 2 135790605
135397618 1 135397659
135397618 1 135463083
135397618 1 135463139
135397618 1 135463140
135397618 1 4430757907
135397618 1 4430757919
135397618 1 4447535123
135397619 1 135463197
135397657 1 135463193
135397657 2 135463249
135397657 1 135463250
135397657 3 135463251
135397658 1 135463196
135397658 1 135463252
135397658 1 8742502433
135397659 1 135463197
135397697 2 135463305
135397697 2 135463306
135397697 1 135463307
135397698 1 135463251
135397698 1 135463307
135397698 1 135463309
135397736 1 135463305
135463082 1 135528529
135463083 1 4447272967
135463138 2 135528530
135463138 1 135528531
135463139 1 135528610
135463193 1 135528685
135463194 1 135528608
135463194 1 135528609
135463194 1 135528685
135463196 1 4430495910
135463197 1 4430495909
135463249 1 135528761
135463249 1 135528762
135463249 1 135528840
135463249 1 135528841
135463250 1 135528763
135463250 1 135528841
135463251 1 135528687
135463251 1 135528843
135463251 1 135528844
135463252 1 4430496142
135463305 2 135528918
135463306 1 135528919
135463306 1 135528921
135463307 1 135528843
135463307 1 135528844
135463307 1 135528922
135463309 1 4430496144
135528529 1 152895495
135528530 1 152764424
135528530 1 4447862795
135528531 1 4447993871
135528605 1 135593987
135528608 1 4431085581
135528609 1 135593992
135528610 1 4447862799
135528685 1 135593990
135528687 1 135593992
135528687 1 4430561393
135528761 1 135594293
135528762 1 135594192
135528763 1 135594194
135528764 1 135594194
135528766 1 4430561393
135528839 1 135594292
135528839 1 135594293
135528839 1 135594395
135528840 1 135594294
135528841 1 135594295
135528843 1 135594299
135528844 1 4430561496
135528844 1 4430561598
135528918 1 135594396
135528918 1 135659885
135528919 1 135594398
135528920 1 135594398
135528921 1 135594503
135528921 1 4430561698
135528922 1 4430561699
135593987 1 135987203
135593990 1 4430954505
135593992 1 4430954507
135594192 1 135856135
135594193 1 135856135
135594194 1 135856135
135594292 1 135659764
135594293 1 135659644
135594294 1 135659646
135594295 1 135659647
135594299 1 4430823439
135594395 1 135659765
135594396 1 135659886
135594398 1 135659890
135594399 1 135659890
135594503 1 8725790743
135659527 1 135856135
135659765 1 135725065
135659885 1 135725216
135659886 1 135725218
135660006 1 135725370
135856129 1 135856226
135856129 1 135987206
135856130 1 135856226
135856132 1 135987203
135856132 1 135987205
135856135 1 135856136
135856136 1 4430954505
135987201 1 135987202
151191633 1 8742764580
151191710 1 4447666192
152174673 1 152567809
152174673 1 153288707
152174753 1 152240242
152174753 1 152567817
152174755 1 4447207542
152174755 1 4447535127
152174793 1 152240297
152174793 1 152567812
152174794 1 152240243
152174794 1 152240244
152174794 1 152567822
152174794 1 4447535121
152240241 1 153157635
152240242 1 4448124939
152240243 1 4448124943
152240244 1 8743223320
152240297 1 152305666
152240298 1 4447993868
152305666 1 152895492
152567809 1 152698882
152567809 1 152698886
152567810 1 152698883
152567812 1 152698884
152567817 1 152698890
152567818 1 152698893
152567822 1 4447666192
152698882 1 152829956
152698890 1 152829965
152764422 1 152895495
152764422 1 152895496
152829956 1 152961028
153026561 1 153157634
153026564 1 153157635
153157633 1 153288706
153157636 1 153288708
153157636 1 153288709
153288707 1 153288709
4364435476 1 4364566553
4364435481 1 8659861528
4364566547 1 4364894224
4364566553 1 8659861524
4365025290 1 4365156363
4365025292 1 4365156363
4380165197 1 4380231279
4380165277 1 4380165355
4380165587 1 4364435481
4380231174 1 12971212826
4380231279 1 8675264646
4380231379 1 4380297588
4380297588 1 8676245522
4381278220 1 4381409295
4396942334 1 4397008393
4397008083 1 4397073962
4397008186 1 4397074083
4397073839 1 8692107220
4413653390 1 4430496224
4413719160 1 4413784693
4413719160 1 4413784794
4413719239 1 4413784897
4413784693 1 4413784795
4413784788 1 4413850335
4413784789 1 4413850335
4413784995 1 4413850701
4413850093 1 4430692681
4413850214 1 4413915767
4413850334 1 4413915921
4413850453 1 4413916070
4413850454 1 4413916072
4413850693 1 4413916527
4413916070 1 4413916222
4430495909 1 8742830104
4430496142 1 4430561499
4430496220 1 4430561703
4430561393 1 4430954513
4430561496 1 8725921814
4430561499 1 13020889116
4430561598 1 8725790739
4430561601 1 13020889116
4430561698 1 8725790741
4430561699 1 4430626955
4430561803 1 13020758044
4430626948 1 47380496481
4430626950 1 4430823439
4430626955 1 8725790739
4430626955 1 8725790741
4430627074 1 8725790741
4430627191 1 8725790743
4430823438 1 4430954513
4430823438 1 4430954514
4430954506 1 4447862796
4430954506 1 4447862797
4430954507 1 4430954508
4430954508 1 4431085581
4430954508 1 4431085583
4430954510 1 4447862799
4430954510 1 4447862800
4447272967 1 8743092248
4447535121 1 4447666198
4447535123 1 4447666201
4447535127 1 4447666205
4447666205 1 8742764580
4447862794 1 4447993868
4447862795 1 4447862797
4447862796 1 4447993871
4447993866 1 4448124939
4447993866 1 4448124940
4447993870 1 4448124943
8659861528 1 12954959900
8675264646 1 8676245527
8676245522 1 8676376599
8676245523 1 8676376599
8708883380 1 8708883381
8725594375 1 8725659675
8725594494 1 13020758044
8725659675 1 8725659828
8725659676 1 8725659828
8725790738 1 8725921814
8725790742 1 13020889116
8742502433 1 8742633514
12971147320 1 17249468482
13003653772 1 13003719506
13003719506 1 13003785068
13003785068 1 8708883380
13020692533 1 17332568127
17297375437 1 17297441101
17297441101 1 17297506725
17297506725 1 17298489720
17297506726 1 17298489720
17298489720 1 17298555405
17298555405 1 13003653772
17298555406 1 13003653772
21575565553 3 21575631239
21575631239 1 21575696970
21575631239 2 21575696971
21575696970 1 21576679845
21575696971 2 21576679885
21576679845 1 21576745605
21576679885 1 21576745605
21576679885 2 21576745606
21576745605 1 21576811395
21576745606 1 21576811395
21576745606 2 25871778771
21576811395 1 25871844505
21576811396 1 25871844505
21592408352 1 21592474031
21592408404 1 21592474031
21592474031 1 21593457022
21592474032 1 21593457022
21593457022 1 25888490006
21609119921 1 21609185515
21609185515 1 21609251091
21609251091 1 21610234117
21610234117 1 21610234158
21610234157 1 25905266998
21610234158 1 25905266998
25871647183 1 25871712904
25871712848 1 25871778618
25871712904 1 25871778695
25871778618 1 25871844409
25871778695 1 25871844509
25871778771 2 25871844609
25871844409 1 25871910138
25871844505 1 25871910369
25871844509 1 25871976316
25871844510 1 25871976316
25871844609 2 25871910492
25871910138 1 30166943314
25871910369 1 25871976308
25871910492 2 25871976464
25887441331 1 25888424319
25887441332 1 25888424280
25887441407 1 25888424358
25887441408 1 25888424359
25888424280 1 25888489955
25888424318 1 25888489951
25888424319 1 25888490009
25888424358 1 25888490064
25888424359 1 25871712848
25888424359 1 25888490064
25888424361 1 30183457363
25888489951 1 25888555675
25888489955 1 30183522901
25888490006 1 25888555675
25888490009 1 25888555757
25888490064 1 25888555833
25888555675 2 25888621417
25888555757 1 25888621423
25888555833 1 25888621624
25888621417 2 25888686988
25888621423 1 30183654412
25888621624 1 25888687352
25888686988 1 25888752767
25888687352 1 25888753230
25904152761 1 25904218389
25904152866 1 25887441332
25904152867 1 25887441332
25904218389 1 25905201455
25905201375 1 25905266944
25905201455 1 25905267056
25905266944 1 25905332426
25905266998 1 25905332579
25905267056 1 25905332582
25905332426 1 25905397822
25905332504 1 25905397822
25905332579 1 25905398021
25905332582 1 25905398128
25905332660 1 25905398128
25905397822 1 30200758336
25905397823 1 30200758336
25905398021 1 25905659961
25905398128 1 30200430788
25905463364 1 25905659961
25920929820 1 25922502757
25920929925 1 25920995449
25920995449 1 25905201375
25921978510 1 25922043991
25921978510 1 25922371680
25922043991 1 25922830396
25922043992 1 25922830396
25922371680 1 25922502757
25922699322 1 25922830396
30166811713 1 30166877445
30183457363 1 30183523135
30183457364 1 30183523135
30183522901 1 30183588524
30183523135 1 30166811713
30183654412 1 30183720077
30200627263 1 30200758336
34429534285 1 34429665355
34445002519 1 38739969816
34445002618 1 30134435905
34445068495 1 30151082053
34445068614 1 38741016654
34445068734 1 38741016654
34445134936 1 34445134937
34446180427 1 34446180428
34446180429 1 34446180430
34461779327 1 38756746624
34478490208 1 34478490286
34478621246 1 34478621367
34495398103 1 34495398104
34495398103 1 34495594568
34495594572 1 34495725640
34495594572 1 34495725641
34512765007 1 34512896075
34512765007 1 34512896076
38724173972 1 38724305038
38724305038 1 38724436106
38724305042 1 38724436112
38724305045 1 38724436112
38724436106 1 34429927499
38724436112 1 38724632657
38724632657 1 38724763727
38724763727 1 38724894798
38724894798 1 38724894800
38739903622 1 34445002618
38739903624 1 34445002519
38739903625 1 34445002519
38739969616 1 38756746833
38739969618 1 34445068495
38739969925 2 38741016657
38739969926 2 38741016657
38740035676 1 34446049350
38740035680 1 34445134936
38740035802 1 43035003099
38740036038 1 38741016655
38740036040 1 38741016658
38740951184 1 34429534285
38741016654 1 38741016656
38741016655 1 38741016657
38741016656 1 34446180427
38741016657 1 34446180427
38741016657 1 34446180429
38741016657 1 34446180430
38741016658 1 34446180430
38741016658 1 38741016660
38756680528 1 38756746318
38756680529 1 38756746318
38756680684 1 34461779327
38756680685 1 34461779327
38756746318 1 38756746319
38756746321 1 38756746322
38756746326 1 38756812052
38756746326 1 38756812054
38756746327 1 38756812054
38756746428 1 38756812290
38756746530 1 34461845232
38756746531 1 34461845232
38756746835 1 38740035676
38756812176 1 38756878086
38756812177 1 38756878238
38756812178 1 38756878238
38756812290 1 38756812291
38756812536 1 38756878845
38756878238 1 38756878239
38756878700 1 38756878852
38756878845 1 38756878846
38773326219 1 38773391910
38773391858 1 38773457506
38773391910 1 34478490280
38773391911 1 34478490280
38773457587 1 34478555931
38773457588 1 34478555931
38773457588 1 38773457589
38773457588 1 38773523231
38773523132 1 34478621246
38773523231 1 38773588905
38773523232 1 38773588905
38773588672 1 38773654085
38773588673 1 38773654088
38773588905 1 34478687238
38773588906 1 34478687238
38773588911 1 38773654389
38773588912 1 38773654389
38773654246 1 38773654398
38773655006 1 38773655007
38790234569 1 38790300141
38790234570 1 38790300037
38790234570 1 38790300141
38790234571 1 38790300037
38790234649 1 38790300141
38790299941 1 34495725644
38790300037 1 38790300038
38790300040 1 34495594567
38790300041 1 34495725640
38790300042 1 34495725640
38790300044 1 38790561872
38790300141 1 30200627269
38790300141 1 34495594568
38790365280 1 34495594572
38790365280 1 34495594573
38790365280 1 38790365281
38790365406 1 38790561872
38790561872 1 34495725644
38790561872 1 38790561873
38790561877 1 38790692948
38790561879 1 38790692947
38790692947 1 38807601233
38790692949 1 38790692950
38807273621 1 38807404690
38807273623 1 38807535760
38807601235 1 38807732306
38807601237 1 38807732306
38807732311 1 38807863382
38807863379 1 38807863381
38807863379 1 38807994451
43016979365 1 43017962150
43016979442 1 43017962149
43016979443 1 43017962150
43017962149 1 43018028122
43017962150 1 43018028068
43018028068 1 43019141271
43018028122 1 38724173972
43019141271 1 38724305042
43019272357 1 43019403430
43019403430 1 43019534499
43019534499 1 43019665572
43033624863 1 43033690682
43033624864 1 43033690631
43033624864 1 43033690682
43033690578 1 43033756425
43033690579 1 43033756425
43033690579 1 43033756503
43033690631 1 43016979365
43033690682 1 43016979442
43033690683 1 43016979365
43033756348 1 43034739207
43033756425 1 43034739246
43033756426 2 43034739207
43033756426 4 43034739247
43033756503 1 43034739286
43033756504 1 43034739247
43034739207 5 43034805006
43034739207 1 43034805062
43034739246 1 43034805060
43034739247 2 43034805061
43034739247 1 43034805062
43034739247 2 43034805118
43034739247 1 43034805119
43034739286 1 43034805116
43034739287 1 43034805119
43034805006 1 43034870926
43034805006 1 43034871003
43034805006 2 43034871004
43034805006 1 43034871005
43034805007 1 43034871004
43034805060 1 43034871079
43034805061 1 43034871079
43034805061 1 43034871080
43034805062 2 43034871004
43034805063 1 43034871005
43034805116 1 43034871234
43034805118 1 43034871159
43034805118 1 43034871160
43034805119 1 43034871161
43034805172 1 43034871234
43034870926 1 43034937023
43034871003 1 43034937021
43034871004 1 43034937023
43034871004 1 43034937123
43034871004 1 43034937124
43034871004 1 43034937125
43034871005 1 43034937024
43034871005 1 43034937127
43034871079 2 38739969925
43034871080 1 38739969925
43034871080 1 43034937223
43034871083 1 43034937127
43034871159 1 43034937430
43034871160 1 43034937329
43034871160 1 43034937430
43034871161 1 43034937433
43034871234 1 38740951184
43034871239 1 43034937433
43034936918 1 38740035680
43034937021 1 38740035802
43034937023 1 43035002982
43034937023 1 43035003101
43034937024 1 43035003104
43034937025 1 43035003104
43034937123 1 38740036038
43034937124 1 43035003220
43034937125 1 43035003223
43034937126 1 43035003223
43034937127 1 43035003225
43034937223 1 38740036040
43034937224 1 38740036040
43034937229 1 43035003225
43034937329 1 43035983963
43034937330 1 43035983963
43034937430 1 43035983961
43034937433 1 43035983963
43035002982 1 43035069545
43035003101 1 43035003102
43035003102 1 43035069545
43035003104 1 43035069548
43035003220 1 38741016662
43035003225 1 43035983964
43035003345 1 43035983964
43035918500 1 43036115039
43035918503 1 43036115039
43035983961 1 43036115032
43035983963 1 43036115034
43035983963 1 43036115036
43036115039 1 43036246110
43050402015 1 43050402048
43050402047 1 43033690578
43050402047 2 43050467742
43050402047 3 43050467743
43050402047 1 47345435039
43050402048 1 43033690578
43050402048 2 43050467742
43050402048 3 43050467743
43050467691 1 43050533485
43050467742 1 43050533562
43050467742 1 43050533563
43050467743 5 43050533485
43050467743 4 43050533486
43050467743 3 43050533563
43050467743 2 43050533564
43050533485 1 43051516342
43050533485 1 43051516343
43050533485 3 43051516382
43050533485 2 43051516383
43050533486 1 43051516343
43050533486 5 43051516383
43050533562 1 43051516381
43050533563 2 43051516382
43050533563 1 43051516422
43050533564 1 43034739207
43050533564 3 43051516383
43050533564 1 43051516422
43051516342 1 43051582053
43051516343 2 43051582053
43051516343 1 43051582054
43051516343 1 43051582110
43051516343 1 47346549351
43051516381 1 43051582162
43051516382 1 43051582108
43051516382 1 43051582109
43051516382 2 43051582164
43051516382 1 43051582165
43051516383 1 43051582109
43051516383 1 43051582110
43051516383 4 43051582165
43051516383 3 43051582166
43051516383 1 43051582167
43051516422 1 43051582164
43051516422 1 43051582165
43051516422 1 43051582219
43051516423 3 43051582165
43051582053 1 43051647828
43051582053 1 43051647829
43051582053 1 43051647906
43051582053 1 43051647907
43051582054 1 43051647829
43051582054 1 43051647830
43051582054 2 43051647907
43051582054 1 43051647908
43051582055 1 43051647830
43051582055 2 43051647831
43051582055 1 43051647908
43051582055 1 43051647909
43051582055 1 43051647985
43051582108 1 38739903622
43051582108 1 38756680684
43051582109 1 43051647985
43051582109 1 43051713929
43051582110 1 43051647909
43051582110 1 43051647985
43051582110 1 43051647986
43051582111 1 43051647909
43051582162 1 38756680760
43051582164 2 43051648060
43051582165 2 43051647985
43051582165 2 43051648063
43051582165 1 43051648139
43051582165 1 43051648140
43051582165 1 43051713929
43051582166 1 43051647985
43051582166 1 43051647986
43051582166 1 43051647987
43051582166 1 43051648064
43051582166 1 43051648140
43051582167 1 43051647988
43051582167 1 43051648065
43051582219 1 38739903624
43051582220 1 38739903624
43051647828 1 38756746326
43051647829 1 43051713626
43051647830 1 43051713625
43051647830 1 43051713729
43051647831 1 43051713628
43051647831 1 43051713731
43051647832 1 43051713630
43051647906 1 43051713725
43051647907 1 38756746530
43051647907 1 43051713727
43051647908 1 43051713727
43051647909 1 43051713732
43051647909 1 43051713832
43051647910 1 43051713732
43051647985 1 38739969616
43051647985 1 43051713931
43051647985 2 43051713932
43051647986 1 43051713832
43051647986 1 43051713933
43051647987 1 43051713832
43051647987 1 43051713935
43051647988 1 43051713936
43051647988 1 43051713937
43051648060 1 38739969617
43051648060 1 38756746835
43051648061 1 38756746835
43051648063 2 43051714033
43051648064 1 43051714036
43051648065 1 43051713935
43051648065 1 43051714038
43051648066 1 43051714038
43051648066 1 43051714140
43051648139 1 38739969618
43051648140 1 43034936918
43051648141 1 43034936918
43051713625 1 38756812176
43051713626 1 43051779356
43051713628 1 43051779359
43051713630 1 43051779361
43051713631 1 43051779365
43051713632 1 43051779365
43051713725 1 38756812176
43051713727 1 38756812176
43051713727 1 38756812177
43051713727 1 38756812295
43051713729 1 43051779478
43051713731 1 43051779481
43051713732 1 43051779482
43051713832 1 43051779599
43051713832 1 43051779720
43051713835 1 43051779725
43051713836 1 43051779725
43051713929 1 38756812536
43051713931 1 43051779835
43051713932 2 43051779837
43051713933 1 43051779838
43051713935 1 43051779842
43051713936 1 43051779842
43051713937 1 43051779844
43051714033 1 43051779956
43051714033 1 43051780075
43051714034 1 43051779956
43051714036 1 43051779959
43051714038 1 43051779963
43051714135 1 43051780075
43051714140 1 43051780081
43051779356 1 38756878093
43051779361 1 43051845245
43051779365 1 43051845251
43051779478 1 38756878095
43051779481 1 43051845396
43051779482 1 43051845550
43051779485 1 43051845555
43051779599 1 43051845698
43051779605 1 43051845555
43051779720 1 43051845851
43051779725 1 43051845707
43051779835 1 38756878700
43051779837 1 38756878703
43051779837 1 43051845999
43051779838 1 43051846000
43051779842 1 43051846006
43051779842 1 43051846007
43051779843 1 43051846007
43051779844 1 43051846009
43051779956 1 38756879005
43051779959 1 43051846306
43051779963 1 43051846160
43051780075 1 38756879155
43051780081 1 43051846309
43051845403 1 43051845555
43051845554 1 43051845555
43051845555 1 43051845556
43051846000 1 43051846001
43051846006 1 43051846158
43051846007 1 43051846158
43051846009 1 43051846010
43051846306 1 43051846307
43051846309 1 43051846461
43067179231 1 43050467691
43067179231 1 43050467743
43067179231 3 43067244906
43067179231 1 43084022070
43067179232 1 43050467691
43067179232 2 43050467743
43067179232 2 43067244906
43067179232 3 43067244907
43067179232 1 43084022070
43067179232 1 47362212203
43067179264 1 43050467743
43067244854 1 43067310543
43067244855 1 43067310545
43067244855 1 43067310546
43067244905 1 43067244906
43067244905 1 43067310619
43067244906 1 43050533485
43067244906 1 43067310544
43067244906 2 43067310622
43067244906 1 43067310623
43067244907 2 43067310545
43067244907 2 43067310546
43067244907 1 43067310622
43067244907 3 43067310623
43067244907 2 43067310624
43067310543 1 43085070693
43067310544 1 43068293517
43067310545 1 43068293478
43067310545 1 43068293518
43067310545 1 43085070694
43067310546 1 30217470057
43067310546 1 43068293478
43067310546 3 43068293479
43067310546 2 43068293519
43067310546 1 43085070695
43067310619 1 38773326219
43067310622 1 43067310623
43067310622 1 43068293517
43067310622 1 43068293557
43067310623 2 43068293518
43067310623 2 43068293558
43067310624 1 43068293518
43067310624 1 43068293519
43067310624 2 43068293559
43068293477 1 43068293518
43068293478 1 30217470057
43068293478 1 43068293518
43068293478 1 43068359100
43068293478 1 43068359156
43068293479 1 43068293519
43068293479 3 43068359102
43068293479 2 43068359158
43068293517 1 38773391858
43068293517 1 43068359154
43068293517 1 43068359211
43068293518 1 43068359154
43068293518 1 43068359156
43068293518 2 43068359157
43068293518 2 43068359211
43068293518 2 43068359212
43068293519 1 43068359157
43068293519 1 43068359158
43068293519 1 43068359212
43068293519 4 43068359214
43068293557 1 43068359266
43068293558 1 43068359266
43068293558 2 43068359267
43068293559 1 43051582053
43068293559 1 43068359269
43068293559 2 43068359270
43068359100 1 43068424730
43068359102 2 43068424733
43068359102 1 43068424735
43068359103 1 43068424735
43068359154 1 38773457588
43068359155 1 38773457588
43068359156 1 38773457510
43068359157 1 38773457588
43068359157 1 43068424809
43068359157 1 43068424810
43068359157 1 43068424887
43068359158 1 43068424733
43068359158 2 43068424811
43068359158 1 43068424812
43068359158 1 43068424813
43068359158 2 43068424890
43068359159 1 43068424811
43068359159 1 43068424813
43068359159 1 47363392111
43068359211 1 34478490208
43068359211 1 38773457587
43068359211 1 38773457666
43068359212 1 43068424886
43068359212 1 43068424887
43068359213 1 43068424887
43068359214 1 43068424887
43068359214 1 43068424890
43068359214 2 43068424968
43068359214 2 43068424969
43068359214 1 43068425044
43068359214 1 43068425045
43068359215 1 43068424892
43068359215 3 43068424969
43068359215 1 43068425045
43068359266 1 38773457743
43068359267 1 38756680528
43068359267 1 38773457665
43068359267 1 38773457743
43068359268 1 38756680528
43068359269 1 43068425044
43068359270 1 43068425044
43068359270 2 43068425046
43068359271 1 43068425044
43068359271 1 43068425047
43068424730 1 38790300245
43068424733 3 43068490332
43068424734 2 43068490332
43068424809 1 43068490431
43068424810 1 43068490431
43068424810 1 43068490432
43068424811 1 43068490332
43068424811 1 43068490431
43068424811 1 43068490436
43068424812 1 43068490431
43068424812 1 43068490436
43068424813 2 43068490436
43068424813 1 43068556096
43068424814 1 43068556096
43068424886 1 38773523231
43068424887 1 38773523132
43068424887 1 43068424888
43068424887 1 43068490533
43068424888 1 43068490533
43068424890 1 43068490537
43068424890 1 43068490538
43068424890 1 43068490639
43068424892 1 43068490540
43068424892 1 43068490541
43068424968 1 43068490741
43068424968 1 43068490742
43068424969 1 43068490641
43068424969 1 43068490642
43068424969 2 43068490742
43068424970 1 47363458144
43068425044 1 38756746321
43068425044 1 38756746326
43068425044 1 38756746428
43068425045 1 38756746321
43068425045 1 43051713726
43068425046 1 43068490842
43068425046 1 43068490843
43068425047 1 43068490844
43068425048 1 43068490846
43068490332 1 43068555851
43068490332 2 43085333069
43068490333 1 43085333069
43068490431 1 38773588672
43068490431 1 43068490432
43068490432 1 38773588673
43068490436 2 43068555975
43068490436 1 43068556098
43068490437 2 43068490438
43068490533 1 38773588911
43068490537 1 43068556093
43068490538 1 43068556095
43068490538 1 43068556098
43068490539 1 43068556099
43068490540 1 43068556218
43068490541 1 43068556099
43068490541 1 43068556219
43068490541 1 43068556220
43068490542 1 43068556220
43068490639 1 43068556214
43068490641 1 43068556336
43068490642 1 43068556338
43068490643 1 43068556339
43068490644 1 43068556339
43068490741 1 43068556335
43068490742 1 43068556334
43068490742 2 43068556335
43068490842 1 43068556453
43068490843 1 43068556453
43068490843 1 43068556574
43068490844 1 43068556575
43068490845 1 43068556575
43068490846 1 43068556576
43068555851 1 38790431155
43068555852 1 38790431155
43068555858 1 43068555979
43068555975 1 43068621393
43068555975 1 43068621546
43068555979 1 43068555980
43068556093 1 38773654246
43068556094 1 38773654246
43068556095 1 43068621698
43068556096 1 43068621699
43068556097 1 43068556098
43068556098 1 43068621707
43068556099 1 43068621857
43068556214 1 43068622000
43068556218 1 43068621855
43068556219 1 43068621856
43068556220 1 43068621857
43068556220 1 43068621858
43068556334 1 43068556454
43068556334 1 43068622000
43068556335 1 43068556455
43068556335 2 43068622154
43068556336 1 43068622003
43068556338 1 43068622159
43068556339 1 43068622158
43068556453 1 38773655006
43068556454 1 43068622152
43068556455 1 43068622152
43068556460 1 43068556461
43068556461 2 43068622315
43068556574 1 43068622457
43068556575 1 43068622456
43068556576 1 43051845241
43068556577 1 43051845241
43068556580 1 43068622463
43068621393 1 43068621546
43068621394 1 43068621546
43068621858 1 43068622010
43068621859 1 43068622010
43068622011 1 43068622012
43068622158 1 43068622310
43068622315 1 43068622316
43083956415 1 43084022019
43083956415 1 43100799183
43083956416 1 43084021967
43083956416 2 43084022019
43083956416 1 43100799183
43083956447 1 43084022070
43083956448 1 43084022070
43084021967 1 43100864665
43084022019 1 43084087527
43084022019 1 43084087528
43084022019 2 43084087605
43084022070 2 43084087683
43084022071 5 43084087683
43084087527 1 43102240920
43084087528 1 38807404690
43084087528 1 43102240920
43084087528 1 43102240932
43084087605 1 34512306311
43084087605 1 43085070614
43084087683 1 43085070653
43084087683 2 43085070654
43084087683 4 43085070694
43084087684 1 43085070654
43084087684 1 43085070655
43084087684 1 43085070694
43085070574 1 38807273621
43085070574 1 43085136092
43085070574 1 43085136093
43085070574 1 43102240920
43085070575 1 43085136092
43085070575 1 43085136093
43085070575 1 43101913310
43085070575 1 43102240920
43085070575 1 43102240932
43085070613 1 34512306311
43085070613 1 43085136203
43085070614 1 43085136203
43085070614 1 43085136205
43085070615 1 43085136150
43085070615 1 43085463713
43085070653 1 43085136258
43085070654 2 43085136258
43085070654 1 43085136260
43085070655 1 43085136262
43085070693 1 43085136314
43085070694 1 43085136260
43085070694 1 43085136315
43085070694 3 43085136316
43085070695 2 43085136318
43085136092 1 43101978694
43085136093 1 43085201480
43085136093 1 43101978694
43085136093 1 43101978695
43085136150 1 43085201560
43085136203 1 38790234335
43085136205 1 43085201636
43085136205 1 43085201715
43085136206 1 43085201715
43085136258 1 38790234411
43085136258 1 38790234490
43085136259 1 38790234411
43085136259 1 38790234490
43085136260 1 43085201791
43085136260 1 43085201868
43085136261 1 43085201791
43085136262 1 43085201794
43085136314 1 38790234569
43085136315 1 38790234570
43085136316 1 38790234649
43085136316 2 43085201868
43085136316 1 43085201869
43085136318 1 43085201872
43085136318 1 43085201951
43085201480 1 38807732306
43085201558 1 38807732306
43085201560 1 43085791322
43085201562 1 43085791328
43085201636 1 38790692949
43085201639 1 43085791322
43085201715 1 43085267138
43085201718 1 43085267041
43085201718 1 43085267144
43085201791 1 38790299941
43085201794 1 43085267244
43085201796 1 43085267247
43085201868 1 38790300040
43085201868 1 38790300041
43085201869 1 38790300044
43085201872 1 43085267343
43085201873 1 43085267242
43085201946 1 38790300040
43085201951 1 43085267551
43085267041 1 43085660252
43085267042 1 43085660252
43085267044 1 43085660254
43085267138 1 38790692948
43085267144 1 43085660252
43085267242 1 38807601233
43085267244 1 43085529178
43085267247 1 43085332595
43085267343 1 43085267446
43085267344 1 43085332827
43085267446 1 43085332827
43085267551 1 43085332953
43085332595 1 43085332596
43085332953 1 43085398309
43085333069 1 38790431158
43085333069 1 43085398455
43085529178 1 43085529179
43085529181 2 43085660252
43085529183 1 43085660254
43085529183 1 43085660256
43085660251 1 43085791322
43085660255 1 43085660256
43085660255 1 43085791328
43100799183 2 43100864665
43100864665 1 38807535760
43100864665 1 43102371995
43100864665 1 43102503064
43100864666 1 43102371995
43101847671 1 43102240930
43101847671 1 43102240931
43101847671 1 43102961756
43101847711 1 43101913141
43101847711 1 43101913142
43101847711 1 43102240925
43101847711 1 43102240931
43101847711 1 43102961756
43101847750 1 38807273623
43101847750 1 43101913195
43101847750 1 43101913253
43101847750 1 43102240925
43101847751 1 43101913253
43101847751 1 43102240925
43101913141 1 38807994451
43101913142 1 43102961754
43101913195 1 34513027147
43101913196 1 34513027147
43101913199 1 43102830686
43101913253 1 38807863382
43101913253 1 38807863384
43101913255 1 43102699613
43101913310 1 43101978699
43101913311 1 43101978700
43101978694 1 34512896075
43101978695 1 38807732306
43101978699 1 43102699612
43101978700 1 43102699614
43102240925 1 43102371994
43102240925 2 43102371995
43102240925 1 43102371998
43102240930 1 43102372003
43102240931 1 43102372000
43102240931 1 43102372004
43102240932 1 43102372004
43102240934 1 43102372004
43102371994 1 43102503064
43102371995 1 43102503064
43102372000 1 43102503070
43102372000 1 43102503073
43102372003 1 43102503073
43102372003 1 43102503076
43102372004 1 43102503076
43102503073 1 43102634145
43102568541 1 43102699612
43102568541 1 43102699613
43102568541 2 43102699614
43102699607 1 38807863384
43102699613 1 43102830686
43102830681 1 43102961754
43102830683 1 43102830685
43102830683 1 43102961756
47311814976 1 47311880816
47311880763 1 47311946819
47311880816 2 47311946819
47311880816 1 47312470124
47311880868 1 47312470124
47311946742 1 68289153
47311946819 1 47312929488
47312470124 1 47312929568
47312929568 1 47314108581
47314108581 1 43019272357
47328592128 1 43033690579
47328592128 1 47328657875
47328592128 1 47328657877
47328592128 1 47328657928
47328592160 2 84017621
47328592160 1 47311880763
47328592160 1 47311880816
47328592160 4 47328657928
47328592160 1 47328657980
47328657875 4 43033756426
47328657875 1 43033756504
47328657875 1 47328723723
47328657875 1 47328723800
47328657876 1 47328723723
47328657876 1 47328723724
47328657876 1 47328723801
47328657877 1 84083469
47328657928 1 84083469
47328657928 1 47328723725
47328657928 1 47328723801
47328657928 1 47328723802
47328657928 1 47328723880
47328657980 1 47311946742
47328723645 2 43034739207
47328723722 1 43034739247
47328723723 1 43034739247
47328723723 1 47329706543
47328723723 1 47329706544
47328723724 1 85066249
47328723725 1 85066289
47328723800 1 47328723801
47328723801 1 47329706544
47328723801 1 47329706584
47328723802 2 85066289
47329706465 1 85131993
47329706504 1 85131993
47329706504 1 43034805007
47329706504 2 47329772304
47329706543 1 43034805063
47329706544 1 43034805063
47329706544 1 47329706584
47329706544 1 47329772360
47329706583 1 43034805119
47329706584 1 43034805119
47329706584 1 47329772471
47329772304 1 47329838226
47329772304 1 47329838304
47329772360 1 85198049
47329772471 1 47329838614
47329838226 1 85263969
47329838304 1 47329904326
47329838614 1 43035918500
47329838615 1 43035918500
47329904326 1 85330033
47345303664 1 47345303680
47345303665 1 83951841
47345303665 1 134283457
47345303665 1 47311814976
47345303665 2 47328592128
47345303680 1 134283457
47345303680 1 47362146528
47345369312 1 43050467743
47345369312 1 47345435039
47345369313 3 84017569
47345369313 2 100794733
47345369313 1 100794785
47345369313 2 47345434989
47345369313 1 47345435041
47345369344 4 84017569
47345369344 3 100794733
47345369344 1 100794785
47345369344 5 43050467743
47345369344 6 47328657875
47345369344 2 47328657876
47345369344 3 47345434989
47345369344 12 47345435039
47345369344 20 47345435040
47345369344 1 47345435041
47345369344 3 47345435091
47345369344 6 47345435092
47345434988 1 47345435040
47345434989 4 100860451
47345434989 1 100860529
47345435039 1 43050533485
47345435039 1 43050533486
47345435039 3 43050533564
47345435039 1 47345435040
47345435039 1 47345500782
47345435039 4 47345500783
47345435039 1 47345500861
47345435040 6 100860451
47345435040 1 100860452
47345435040 2 100860529
47345435040 9 47345500783
47345435040 1 47345500784
47345435040 2 47345500785
47345435040 1 47345500860
47345435040 2 47345500861
47345435040 7 47345500862
47345435041 1 100860529
47345435091 1 43033756348
47345435091 1 43033756426
47345435091 1 47345500861
47345435092 1 100860529
47345435092 2 47328723645
47345435092 1 47328723722
47345435092 1 47328723723
47345435092 1 47328723724
47345435092 1 47345500861
47345435092 1 47345500862
47345500782 1 43051516343
47345500782 1 47345500861
47345500783 2 25871647183
47345500783 1 43051516343
47345500783 1 47345500862
47345500783 1 47346483639
47345500783 2 47346483640
47345500783 1 47346483679
47345500783 5 47346483680
47345500784 1 101843385
47345500784 2 47346483640
47345500784 3 47346483680
47345500785 1 85066209
47345500785 1 101843385
47345500860 1 43051516383
47345500860 1 43051516423
47345500861 1 43034739207
47345500861 1 43051516383
47345500861 1 43051516423
47345500861 1 47329706504
47345500861 2 47346483680
47345500861 1 47346483720
47345500862 1 85066209
47345500862 1 101843385
47345500862 3 101843425
47345500862 1 47329706465
47345500862 1 47329706504
47345500862 2 47346483680
47345500862 2 47346483720
47346483639 2 43051582055
47346483640 1 101909041
47346483640 3 43051582055
47346483640 1 47346549297
47346483640 2 47346549352
47346483679 1 47346549407
47346483680 1 101909097
47346483680 1 101909153
47346483680 1 43051582167
47346483680 2 47346549407
47346483680 1 47346549408
47346483680 1 47346549409
47346483680 1 47346549464
47346483720 1 101909209
47346483720 1 47346549463
47346483720 1 47346549464
47346549297 1 101974797
47346549351 1 47346615131
47346549352 1 101974797
47346549352 1 47346615130
47346549352 1 47346615207
47346549407 1 43051647988
47346549407 1 47346615131
47346549407 1 47346615206
47346549408 1 101974953
47346549408 1 101974954
47346549408 1 47346615207
47346549409 1 101975031
47346549463 1 43051648066
47346549464 1 101974953
47346549464 1 101975109
47346549520 1 101975109
47346615128 1 43051713631
47346615129 1 43051713631
47346615130 1 47346680931
47346615131 1 102040677
47346615206 1 47346615284
47346615207 1 47346615285
47346615207 1 47346681030
47346615284 1 43051713835
47346615285 1 43051713835
47346680930 1 135856133
47346680931 1 102106409
47346681030 1 43051779485
47346681032 1 102106409
47346746784 1 102172608
47346747142 1 43051846161
47346812852 1 47346812853
47362080865 5 100729057
47362080865 1 100794733
47362080865 6 117506241
47362080865 2 134283425
47362080865 2 134283457
47362080865 2 21575565553
47362080865 1 21609119921
47362080865 1 47345303680
47362080865 6 47345369313
47362080865 9 47345369344
47362080865 1 47362080881
47362080865 8 47362146497
47362080865 18 47362146528
47362080865 1 47362212204
47362080865 2 47378923681
47362080865 7 47378923712
47362080865 2 47378923713
47362080865 3 47378923744
47362080865 1 47378989315
47362080880 1 83951841
47362080880 5 100729057
47362080880 1 100729058
47362080880 7 117506241
47362080880 3 134283425
47362080880 2 134283457
47362080880 1 17297375437
47362080880 3 21575565553
47362080880 1 21609119921
47362080880 1 43033624863
47362080880 1 43033624864
47362080880 1 43050402015
47362080880 6 43050402047
47362080880 6 43067179231
47362080880 6 43067179232
47362080880 2 43083956415
47362080880 2 43083956416
47362080880 1 43083956447
47362080880 1 47311814976
47362080880 3 47328592128
47362080880 8 47328592160
47362080880 2 47345369312
47362080880 9 47345369313
47362080880 52 47345369344
47362080880 1 47362080896
47362080880 9 47362146497
47362080880 104 47362146528
47362080880 2 47378923681
47362080880 36 47378923712
47362080880 2 47378923713
47362080880 16 47378923744
47362080880 2 47378989315
47362080880 4 47395700896
47362080881 1 47362146528
47362080896 1 47328592128
47362080896 3 47345369344
47362080896 4 47362146528
47362080896 1 47378923712
47362080896 1 47378923744
47362146497 1 100794733
47362146497 2 117571845
47362146497 3 117571897
47362146497 1 47345434988
47362146497 2 47362212204
47362146528 2 100794733
47362146528 4 117571845
47362146528 8 117571897
47362146528 1 21592408352
47362146528 1 25904152761
47362146528 1 25904152866
47362146528 1 25920929925
47362146528 1 43050467743
47362146528 1 43067244854
47362146528 2 43067244855
47362146528 2 43067244905
47362146528 1 43067244906
47362146528 7 43067244907
47362146528 2 43084022071
47362146528 1 47345434988
47362146528 1 47345434989
47362146528 2 47345435040
47362146528 5 47362212151
47362146528 4 47362212152
47362146528 2 47362212153
47362146528 20 47362212203
47362146528 53 47362212204
47362146528 1 47378989367
47362146528 5 47378989368
47362146560 1 43050467743
47362212151 3 43067310546
47362212151 2 47362277842
47362212152 1 117637511
47362212152 2 134414727
47362212152 1 47362277842
47362212152 1 47362277844
47362212153 1 117637512
47362212153 1 117637589
47362212153 1 117637590
47362212203 2 43067310546
47362212203 1 43067310623
47362212203 2 43067310624
47362212203 1 47345500782
47362212203 1 47362277842
47362212203 5 47362277843
47362212203 3 47362277920
47362212203 6 47362277921
47362212204 3 117637511
47362212204 1 117637512
47362212204 2 117637589
47362212204 1 117637590
47362212204 1 25887441331
47362212204 1 25887441407
47362212204 1 25887441408
47362212204 1 47345500782
47362212204 3 47345500783
47362212204 2 47345500784
47362212204 1 47362277767
47362212204 10 47362277843
47362212204 7 47362277844
47362212204 1 47362277845
47362212204 1 47362277920
47362212204 13 47362277921
47362212204 17 47362277922
47362277767 1 118620521
47362277767 1 118620523
47362277767 1 47363260816
47362277842 2 43068293479
47362277842 1 47363260816
47362277843 1 43068293477
47362277843 1 43068293479
47362277843 1 47363260775
47362277843 3 47363260776
47362277843 1 47363260815
47362277843 7 47363260816
47362277844 3 118620481
47362277844 3 118620521
47362277844 1 118620523
47362277844 3 47363260776
47362277844 5 47363260816
47362277845 1 118620561
47362277920 2 43068293519
47362277920 2 43068293559
47362277921 1 25888424361
47362277921 1 43051516343
47362277921 1 43068293519
47362277921 1 47346483639
47362277921 1 47346483640
47362277921 3 47363260815
47362277921 4 47363260816
47362277921 4 47363260856
47362277922 1 118620521
47362277922 2 118620561
47362277922 1 25888424318
47362277922 1 25888424361
47362277922 1 47346483640
47362277922 13 47363260816
47362277922 5 47363260856
47362277999 1 47346483640
47363260737 1 43068359158
47363260737 1 47380103559
47363260775 1 43068359159
47363260775 1 47363260816
47363260775 1 47363326456
47363260776 2 118686145
47363260776 3 43068359158
47363260776 1 43068359159
47363260776 1 47363326401
47363260776 2 47363326456
47363260815 1 43068359157
47363260815 1 43068359158
47363260815 2 43068359215
47363260815 1 47363260856
47363260816 2 118686145
47363260816 3 118686201
47363260816 1 118686257
47363260816 1 118751935
47363260816 1 43051582055
47363260816 1 43051582108
47363260816 2 43068359157
47363260816 3 43068359158
47363260816 2 43068359214
47363260816 2 43068359215
47363260816 4 47363326455
47363260816 6 47363326456
47363260816 1 47363326457
47363260816 3 47363326511
47363260816 8 47363326512
47363260817 1 101909042
47363260855 1 43051582054
47363260855 1 43068359211
47363260855 2 43068359214
47363260855 1 43068359271
47363260855 1 47363326567
47363260855 1 47363326568
47363260856 2 118686201
47363260856 2 118686257
47363260856 2 43051582054
47363260856 1 43051582055
47363260856 1 43068359211
47363260856 2 43068359214
47363260856 1 43068359270
47363260856 1 43068359271
47363260856 1 47346549408
47363260856 3 47363326512
47363260856 4 47363326567
47363260856 4 47363326568
47363326401 1 118751701
47363326455 1 43068424813
47363326455 1 43068424970
47363326455 1 43085201873
47363326455 1 47363392111
47363326455 1 47363392189
47363326456 1 118751701
47363326456 2 118751779
47363326456 1 118751781
47363326456 4 118751857
47363326456 1 8725594375
47363326456 1 34445068614
47363326456 1 43068424970
47363326456 1 43085201873
47363326456 1 47363392111
47363326456 1 47363392112
47363326456 1 47363392190
47363326457 1 118751857
47363326511 1 43068424892
47363326511 1 47363392188
47363326511 1 47363392189
47363326512 2 118751857
47363326512 3 118751935
47363326512 1 118751936
47363326512 1 118752014
47363326512 1 47363392188
47363326512 4 47363392189
47363326512 4 47363392268
47363326567 1 43051647832
47363326567 1 43068425048
47363326567 1 47346615128
47363326567 1 47363392267
47363326568 1 118752013
47363326568 1 118752014
47363326568 1 47363392189
47363326568 1 47363392267
47363326568 1 47363392268
47363326568 2 47363392345
47363326568 1 47363392346
47363392111 1 118817281
47363392111 1 43068490643
47363392111 1 47363392190
47363392111 1 47363457840
47363392112 1 47363457838
47363392112 1 47363457840
47363392188 1 43068490541
47363392189 2 43068490437
47363392189 1 43068490539
47363392189 3 43068490541
47363392189 1 47363457839
47363392189 1 47363457940
47363392189 1 47363457941
47363392190 1 118817483
47363392190 1 43068490541
47363392190 1 47363457736
47363392190 2 47363457840
47363392190 1 47363457941
47363392190 1 47363457942
47363392267 1 47346680930
47363392267 1 47363458042
47363392268 1 47346680930
47363392268 1 47363457942
47363392268 1 47363458043
47363392268 1 47363458044
47363392345 1 47363458042
47363392345 1 47363458146
47363392346 1 47363458144
47363392346 1 47363458146
47363457634 1 47380496481
47363457736 1 43068555858
47363457737 1 43068555858
47363457738 1 43068555979
47363457838 1 43068556097
47363457839 1 47363523400
47363457840 1 118883025
47363457840 1 47363523399
47363457840 2 47363523400
47363457940 1 43068556336
47363457940 1 47363523517
47363457941 1 47363523518
47363457941 1 47363523639
47363457942 1 118883265
47363457942 1 47363523640
47363457942 1 47363523879
47363458042 1 43068556336
47363458042 2 43068556461
47363458042 1 47363523758
47363458043 2 47363523639
47363458043 2 47363523758
47363458044 1 118883385
47363458044 1 43068556460
47363458044 1 47363523640
47363458044 1 47363523758
47363458144 1 43068556580
47363458144 1 47346746784
47363458146 1 47363523880
47363523278 1 43068621858
47363523399 1 47363589004
47363523400 1 118948601
47363523400 1 47363589008
47363523517 1 43068622011
47363523521 1 47363589312
47363523638 1 47363589309
47363523639 1 118948906
47363523639 1 47363589462
47363523640 1 47346812852
47363523640 1 47363589312
47363523758 1 43068622315
47363523758 1 43068622316
47363523879 1 43051845403
47363523880 1 118949361
47363589004 1 47363589005
47363589309 1 47363589461
47363589462 1 47363589463
47378858096 1 100794733
47378858096 2 47345369344
47378858096 1 47362146528
47378858096 1 47362212204
47378923681 1 134348957
47378923681 1 134349009
47378923712 1 134348957
47378923712 5 134349009
47378923712 1 25920929820
47378923712 2 43084022019
47378923712 1 43100799183
47378923712 3 47378989264
47378923712 4 47378989315
47378923712 13 47378989316
47378923712 2 47378989367
47378923712 1 47378989368
47378923712 2 47395766479
47378923712 4 47395766480
47378923713 2 134349061
47378923744 4 134349061
47378923744 1 43084022071
47378923744 2 47378989317
47378923744 5 47378989367
47378923744 7 47378989368
47378989264 1 47395831887
47378989264 2 47395831963
47378989315 2 43084087528
47378989315 2 47379054825
47378989315 1 47379054902
47378989315 1 47379054903
47378989315 1 47395831963
47378989316 1 134414493
47378989316 1 134414571
47378989316 1 47379054749
47378989316 1 47379054825
47378989316 2 47379054826
47378989316 2 47379054903
47378989316 6 47379054904
47378989317 2 134414649
47378989367 2 43084087683
47378989367 1 43084087684
47378989367 1 47379054980
47378989367 4 47379054981
47378989368 5 134414649
47378989368 1 47379054904
47378989368 1 47379054980
47378989368 6 47379054981
47378989368 5 47379054982
47379054749 1 47379054904
47379054825 1 43085463719
47379054825 1 43102372004
47379054826 1 135790605
47379054826 1 152698884
47379054826 1 152698893
47379054902 1 43085463713
47379054903 1 43085463713
47379054903 2 47380037912
47379054904 2 135397617
47379054904 1 135397657
47379054904 1 135790605
47379054904 6 47380037912
47379054980 1 43085136205
47379054981 2 43085070695
47379054981 1 43085136205
47379054981 1 47380037951
47379054981 2 47380037952
47379054981 2 47380037992
47379054982 1 135397657
47379054982 2 135397697
47379054982 3 47380037952
47379055060 1 135397697
47380037871 1 43085463719
47380037871 1 47380103447
47380037912 1 47380103447
47380037912 2 47380103448
47380037912 1 47380103449
47380037912 3 47380103503
47380037951 1 47380103559
47380037952 2 135463249
47380037952 1 47380103503
47380037952 1 47380103504
47380037952 1 47380103559
47380037952 1 47380103560
47380037992 1 47380103559
47380037992 2 47380103560
47380103447 1 43085201562
47380103448 1 47380168861
47380103448 1 47380168937
47380103449 1 135528605
47380103503 2 43085201718
47380103503 1 47380169015
47380103504 1 135528605
47380103504 1 47380169015
47380103504 1 47380169094
47380103559 1 43085201796
47380103559 1 47380169093
47380103560 1 135528839
47380103560 1 47380103616
47380103560 1 47380169093
47380103561 1 135528839
47380103616 2 135528839
47380168861 1 135987201
47380168937 1 43085660255
47380168938 1 135987201
47380169015 1 43085267044
47380169093 1 47380234444
47380169093 1 47380234545
47380169094 1 47380234444
47380169094 1 47380234545
47380234444 1 135856129
47380234444 1 135987206
47380234545 1 47380496482
47380234546 1 47380496482
47380299896 1 47380496482
47395700896 2 47395766427
47395700896 1 47395766428
47395700896 1 47395831885
47395766427 1 47395831884
47395766427 1 47395831885
47395766428 1 152961028
47395766428 1 47395831884
47395766428 1 47395831885
47395766479 1 43100864666
47395766479 1 47395831963
47395766480 1 47395831884
47395766480 1 47395831885
47395766480 1 47395831963
47395766480 2 47395831964
47395831884 1 43102503064
47395831885 1 43102503070
47395831885 1 43102634145
47395831885 1 47397470378
47395831887 1 152829965
47395831962 1 43102503064
47395831963 1 43102372004
47395831963 1 43102503076
47395831964 1 152698883
47395831964 1 152829955
47395831964 1 152829965
47395832041 1 43102372004
47396815008 1 47396880440
47396815008 1 47397208233
47396815009 1 152240241
47396815009 1 152567810
47396815047 1 43101913199
47396815047 1 43101913255
47396815047 1 43102240931
47396815047 1 43102240934
47396815048 1 152240241
47396815048 1 43101913199
47396815087 1 43101913311
47396815087 1 43102240932
47396815088 1 43101913255
47396815088 1 43101913311
47396880440 1 153288706
47396880496 1 153157634
47396880496 1 47397208233
47397208233 1 47397339139
47397208233 1 47397339305
47397208233 1 47397339306
47397339139 1 152829955
47397339305 1 47397470378
