51118083 1 52690949
52690949 1 52822024
52690952 1 52822024
52822024 1 52953096
52822024 1 52953097
52953096 1 53084171
52953097 1 53084169
52953100 1 53084171
53084169 1 53215242
53084171 1 53215242
53084171 1 53215246
53215242 1 53346314
53215246 1 53346317
53346314 1 53346317
67174689 1 67240561
67174721 1 67240613
67240561 1 67829762
67240613 1 67829763
67306411 1 68289155
67306487 1 68289194
67829762 1 68289314
67829763 1 51118083
67829763 1 68289314
68289113 1 68355001
68289113 1 68355002
68289155 1 4363322357
68289193 2 68355169
68289194 1 68355172
68289232 1 68355169
68289314 1 69468165
68355001 1 68421147
68355002 1 68421148
68355057 1 68421147
68355169 2 69468162
68355169 1 69468166
68355172 1 69468171
68421145 1 69468163
68421147 1 69468164
68421148 1 69468167
69468162 1 69599234
69468162 1 69599238
69468163 1 69795843
69468163 1 69926915
69468164 1 69599239
69468165 1 52822024
69468166 1 69599238
69468167 1 69599242
69468170 1 69599242
69468171 1 69599246
69599234 1 69730308
69599238 2 69730308
69599238 1 69730311
69599239 1 69795846
69599242 1 69795848
69599246 1 4364697619
69664772 1 69795843
69730308 1 69861380
69730308 1 69861383
69730311 1 70057990
69795843 1 69795844
69795843 1 69926915
69795844 1 69926915
69795846 1 69926917
69795848 1 4364894217
69861380 1 70057988
69861383 1 70057990
70057988 1 70189061
70057990 1 70189061
70057990 1 70189063
83951841 1 84017570
83951873 2 84017621
84017569 5 84083391
84017569 1 84083392
84017569 1 84083469
84017570 1 84083394
84017620 2 84083391
84017620 1 84083469
84017621 3 84083469
84017621 3 84083470
84017621 1 84083547
84017672 1 84083469
84017673 1 67306411
84083315 1 85066211
84083391 2 85066209
84083391 5 85066249
84083391 2 85066250
84083392 1 85066210
84083393 1 85066211
84083394 1 85066252
84083469 2 85066249
84083469 1 85066250
84083469 3 85066289
84083469 1 85066290
84083470 1 85066250
84083470 1 85066289
84083470 2 85066290
84083547 2 68289113
84083547 1 85066289
84083547 1 85066329
84083548 1 85066289
85066209 3 85131994
85066210 1 85131997
85066211 1 4380099294
85066249 3 85132050
85066249 1 85132051
85066249 1 85132106
85066250 2 85132051
85066250 1 85132107
85066289 1 85132105
85066289 1 85132106
85066289 2 85132161
85066289 2 85132163
85066290 3 85132163
85066290 2 85132164
85066328 1 85132161
85066329 1 85132217
85131993 1 85197971
85131994 1 85197895
85131994 1 85197896
85131994 2 85197974
85131997 1 4380165276
85132049 2 85198050
85132050 1 85197974
85132050 3 85198051
85132051 1 85197976
85132051 2 85198055
85132105 1 85198206
85132106 1 85198130
85132106 1 85198207
85132107 1 4380165429
85132108 1 4380165429
85132161 1 85198206
85132161 1 85198207
85132161 2 85198283
85132162 1 85198207
85132163 1 85198209
85132163 1 85198287
85132163 1 4380165585
85132164 1 4380165585
85132164 2 4380165587
85132217 1 85198284
85197893 1 47329904428
85197894 1 85263871
85197894 1 47329904428
85197895 2 85263871
85197896 1 85263975
85197899 1 4380231174
85197971 1 85263971
85197971 1 85264072
85197972 1 85263971
85197974 1 85264076
85197974 1 85264077
85197976 1 4380231479
85198049 1 85264175
85198050 2 85264176
85198051 1 85264177
85198051 1 85264178
85198051 1 85264280
85198054 1 4380231479
85198055 1 4380231481
85198055 1 4380231584
85198130 1 85264280
85198206 1 86441987
85198207 1 85264382
85198207 1 86245383
85198209 1 4381409290
85198283 1 86245379
85198283 2 86245380
85198284 2 86245380
85198287 1 86245389
85263871 1 85329919
85263871 2 85329920
85263971 1 85330037
85263975 1 4380297219
85263976 1 4380297219
85264072 1 85330036
85264076 1 85330041
85264077 1 85330163
85264175 1 85330277
85264176 1 85330278
85264176 1 86310919
85264177 1 85330279
85264178 1 85330280
85264280 1 86310919
85264280 1 86310920
85329800 1 85396157
85329919 1 85396155
85329920 2 85396309
85330033 1 85396297
85330036 1 85396454
85330037 1 85396456
85330152 1 85396297
85330277 1 86310917
85330278 1 86310917
85330280 1 86310919
85396297 1 85396449
86245379 1 86441985
86245380 1 69664772
86245380 2 86441988
86245383 1 86441990
86245389 1 4364763147
86310917 1 86310919
86310919 2 86310920
86310920 1 4381409289
86441985 1 86441988
86441987 1 86441989
86441988 1 86441989
86441988 2 86573059
86441990 1 86573061
86573061 1 86573063
100729057 1 84017569
100729057 1 100794733
100729057 2 100794734
100729057 2 100794785
100729088 1 100794733
100794733 3 100860452
100794733 1 100860529
100794733 1 100860530
100794733 1 101843425
100794733 1 117637591
100794733 1 47345500707
100794734 1 100860454
100794734 1 100860532
100794784 1 100794836
100794784 1 100860529
100794785 1 84083315
100794785 3 100860529
100794785 1 100860531
100794785 1 101843425
100794786 1 84083315
100794786 1 100860531
100794836 1 100860529
100860451 5 101843345
100860451 1 101843346
100860452 2 101843346
100860452 1 101843386
100860453 1 101843346
100860453 1 101843386
100860454 1 101843347
100860528 1 101843345
100860528 1 43051516343
100860528 1 47346483680
100860529 1 85066209
100860529 4 101843385
100860529 1 101843386
100860529 3 101843425
100860529 1 101909154
100860530 1 101843386
100860531 1 101843426
100860532 1 101843427
101843345 3 101909041
101843345 2 101909042
101843345 1 101909097
101843345 1 118686257
101843345 1 118686258
101843346 1 101909044
101843346 1 101909045
101843346 1 101909100
101843347 1 101909043
101843347 1 101909045
101843384 1 101909041
101843385 1 101909042
101843385 2 101909097
101843385 3 101909154
101843385 1 101909155
101843386 1 101843426
101843386 1 101909100
101843386 1 101909157
101843425 1 85131994
101843425 1 101909153
101843425 2 101909154
101843425 2 101909155
101843425 2 101909209
101843426 1 101909155
101843426 1 101909212
101843427 1 4396876454
101843464 1 101909209
101909041 1 101974799
101909041 2 101974876
101909042 1 101974797
101909042 1 101974799
101909042 1 101974800
101909043 1 101974800
101909044 1 4396942102
101909045 1 4396942103
101909097 2 101974875
101909097 1 101974876
101909097 1 101974955
101909097 1 101974959
101909100 1 101974958
101909100 1 4396942178
101909152 3 101974875
101909153 1 85197893
101909153 1 101975031
101909153 1 101975035
101909153 1 101975110
101909153 1 47346615286
101909154 1 101974956
101909154 1 101974957
101909154 1 101975033
101909154 2 101975035
101909155 1 101974957
101909155 1 101975035
101909155 2 101975036
101909157 1 4396942336
101909209 1 85197894
101909209 1 85197895
101909209 1 101975109
101909209 2 101975110
101909210 1 85197895
101909212 1 85197899
101974797 1 102040573
101974798 1 102040573
101974799 1 102040577
101974800 1 118817791
101974800 1 118817795
101974875 3 102040676
101974875 1 102040677
101974876 1 102040677
101974876 2 102040678
101974876 1 102040780
101974953 1 102040778
101974954 1 102040884
101974955 1 102040781
101974955 1 102040886
101974956 1 102040886
101974957 1 102040886
101974957 1 4397008184
101974958 1 4397008184
101974959 1 4397008184
101975031 1 102040982
101975033 1 102040986
101975034 1 102040986
101975035 1 102040989
101975035 1 4397008286
101975036 2 4397008287
101975108 1 102040882
101975109 1 47346681440
101975110 1 102041086
101975110 1 102041087
101975186 1 47346681440
102040573 1 102106290
102040573 1 47363523879
102040577 1 102106296
102040675 1 102106412
102040676 1 102106411
102040676 1 102106412
102040676 1 102106531
102040677 1 102106413
102040677 1 102106414
102040678 1 102106414
102040678 1 102106415
102040777 1 102106529
102040777 1 102106650
102040777 1 47346747024
102040778 1 102106411
102040778 1 102106531
102040778 1 102106652
102040780 1 102106536
102040781 1 102106655
102040880 1 102106771
102040882 1 102040984
102040884 1 4397074077
102040886 1 4397074078
102040981 1 102106769
102040982 1 102106892
102040983 1 102106892
102040986 1 102106898
102040989 1 4397074318
102041086 1 102107015
102041087 1 85329800
102041087 1 102107015
102106290 1 102172300
102106296 1 102172156
102106411 1 102106531
102106411 1 118949361
102106412 1 102106532
102106412 1 102172454
102106413 1 102172304
102106414 1 102172306
102106414 1 102172460
102106415 1 102172307
102106529 1 102172602
102106531 1 102172452
102106531 1 102172454
102106532 1 102172454
102106650 1 102172756
102106652 1 102172759
102106655 1 102172612
102106769 1 47346813159
102106771 1 102172909
102106892 1 102173062
102106898 1 4397140369
102107015 1 85396156
102172304 1 102172456
102172612 1 102172764
102172909 1 102172910
117506241 3 117571897
117506241 2 134349061
117506272 2 117571897
117506272 2 134349061
117571845 2 134414649
117571896 2 134414649
117571897 3 117637511
117571897 2 117637512
117571897 1 117637513
117571897 2 117637590
117571898 1 117637513
117571948 1 117637511
117637511 1 118620481
117637511 4 118620521
117637511 1 135397697
117637511 1 47363260737
117637512 1 118620482
117637512 1 118620521
117637512 1 135397698
117637513 1 118620483
117637588 1 47363260737
117637589 3 118620521
117637589 1 118620561
117637589 1 118620562
117637589 1 17349345354
117637590 1 118620522
117637590 1 118620562
117637591 1 118686261
117637666 1 118620521
117637669 1 118686261
118620481 1 118686089
118620481 1 118686145
118620481 1 118686146
118620482 1 4430430605
118620483 1 118686149
118620520 1 118686145
118620521 2 118686145
118620521 1 118686146
118620521 2 118686147
118620521 2 118686201
118620521 2 118686202
118620521 1 17349345354
118620522 1 118686147
118620522 1 118686205
118620523 1 118686149
118620560 1 118686201
118620561 2 118686257
118620562 1 118686204
118620562 1 118686259
118686089 1 135528918
118686145 1 118751779
118686145 3 118751780
118686146 1 118751704
118686146 1 118751781
118686147 1 118751783
118686147 1 118751861
118686149 1 4413719006
118686200 1 118751779
118686201 2 118751858
118686201 1 118751936
118686202 1 118751860
118686202 1 118751937
118686204 1 4413719238
118686205 1 4413719165
118686257 1 118752013
118686257 2 118752015
118686258 1 118752015
118686258 1 118752016
118686259 1 4413719238
118686261 1 4413719239
118751704 1 118817284
118751779 2 118817382
118751779 1 118817383
118751780 1 118817282
118751780 1 118817383
118751780 1 118817384
118751781 1 118817385
118751782 1 118817284
118751783 1 118817389
118751858 1 118817485
118751858 1 118817486
118751860 1 118817591
118751861 1 4413784788
118751936 1 118817587
118751937 1 118817589
118752013 1 118817588
118752013 1 118817790
118752013 1 118883507
118752014 1 118817588
118752015 1 118817691
118752015 1 118817793
118752016 1 118817795
118817282 1 118882790
118817284 1 135660010
118817285 1 135660010
118817382 1 118882787
118817382 1 118882906
118817383 1 118882789
118817383 1 118882908
118817384 1 118882790
118817385 1 118882911
118817389 1 4413850093
118817485 1 118883148
118817486 1 118883151
118817587 1 118883148
118817587 1 118883269
118817588 1 118883032
118817589 1 118883152
118817591 1 118883155
118817691 1 118883393
118817692 1 118883393
118817790 1 118883388
118817791 1 118883506
118817793 1 118949220
118817795 1 118883515
118817795 1 4413916676
118882787 1 118948301
118882789 1 118948304
118882790 1 118948306
118882790 1 135725371
118882906 1 118948452
118882907 1 118948452
118882908 1 118948455
118882910 1 118948306
118882911 1 118948307
118883032 1 4413915760
118883148 1 118948759
118883151 1 118948764
118883152 1 118948917
118883155 1 4413916067
118883265 1 118949057
118883269 1 118948912
118883388 1 118949214
118883393 1 4413916520
118883506 1 47363589766
118883507 1 118949364
118883515 1 4413916674
118948301 1 118948302
118949057 1 118949058
118949214 1 118949215
118949361 1 118949362
134283425 2 151126173
134283456 1 151126173
134283457 1 134349061
134349009 1 134414571
134349009 1 134414572
134349061 1 134414572
134349061 3 134414649
134349061 2 134414650
134349112 1 134414649
134414493 1 152567815
134414493 1 4447666195
134414571 1 135790605
134414572 1 134414650
134414572 1 4447535120
134414649 5 135397657
134414649 1 135397658
134414649 1 135397697
134414650 1 135397657
134414650 3 135397658
134414651 1 135397658
135397577 1 135463081
135397577 1 135463138
135397577 1 152240299
135397577 2 152567815
135397577 1 152567821
135397577 1 152567824
135397578 1 152240299
135397617 1 135463139
135397617 1 135790605
135397618 1 135463139
135397618 1 4447535120
135397657 1 135463193
135397657 1 135463194
135397657 3 135463250
135397658 1 135463195
135397658 1 135463252
135397658 1 135463253
135397697 1 135463251
135397697 2 135463305
135397697 2 135463306
135397698 1 135463308
135463081 1 152305667
135463138 1 135528529
135463139 1 135528532
135463139 1 135528609
135463193 1 135528606
135463193 2 135528684
135463194 1 135528686
135463195 1 135528689
135463249 1 135528684
135463249 1 135528840
135463250 2 135528763
135463250 1 135528764
135463251 1 135528843
135463252 1 4430496065
135463305 1 135528840
135463305 1 135528918
135463306 1 135528841
135463306 1 135528921
135463307 1 135528921
135463308 1 4430496143
135528529 1 152895494
135528532 1 4447993871
135528606 1 135987203
135528609 1 4447862796
135528684 2 135594090
135528686 1 135593991
135528689 1 4430561294
135528763 1 135594090
135528763 1 135594193
135528763 1 135594194
135528764 2 135594194
135528840 1 135594294
135528840 1 135594396
135528841 1 135594398
135528843 1 135594197
135528918 1 135594396
135528918 1 135594498
135528921 1 4430561698
135593991 1 4430954505
135594087 1 135856129
135594090 1 135856133
135594090 1 135987207
135594091 1 135987207
135594193 1 135856135
135594194 1 135856135
135594194 1 135856136
135594195 1 135856136
135594197 1 4430823437
135594299 1 4430823437
135594396 2 135659766
135594398 1 135659770
135594498 1 135659886
135659527 1 135856135
135659529 1 135856135
135659529 1 135856137
135659766 2 135725065
135659886 1 135725370
135660010 1 4430692673
135856133 1 135856134
135856134 1 135987207
135856136 1 135856138
135856136 1 4430954505
135856137 1 135856138
135987203 1 135987205
135987204 1 135987205
151126173 1 151191555
151126173 1 151191631
151191555 1 4447928348
151191631 1 152829962
151191632 1 152829962
151191633 1 4447928348
152174715 1 152240133
152174715 1 4447535121
152240186 1 152567817
152240186 1 153157640
152240299 1 8743092241
152305665 1 153026563
152305667 1 153026569
152567811 1 152698883
152567817 1 152698889
152567821 1 4447666195
152698889 1 152829962
152895489 1 153026563
152895494 1 152895496
152895495 1 152895496
152895496 1 153026569
4363322357 1 4364435479
4364435478 1 8659861526
4364435479 1 4364566554
4364435481 1 4364566559
4364435484 1 8659533857
4364566554 1 8659664929
4364697619 1 4364828694
4364763147 1 4364763148
4364828694 1 4365156368
4380099294 1 4380165278
4380165429 1 4380231687
4380165585 1 4364435478
4380165587 1 4364435481
4380165587 1 4364435484
4380165665 1 4364435481
4380231174 1 4380297226
4380231479 1 4381278224
4380231481 1 4381278226
4380231584 1 8676376598
4380231687 1 8676376596
4380297219 1 4380363611
4380363611 1 4380363763
4381278224 1 8676376596
4381278226 1 8676376596
4381278226 1 8676376598
4396876454 1 8675132499
4396942102 1 4396942180
4397008184 1 4397074079
4397008184 1 4397074081
4397008185 1 4397074079
4397008286 1 4397074320
4397008287 1 4397074322
4397008287 1 17249468477
4397074079 1 4397140224
4397074320 1 12971212827
4397074322 2 12971212830
4397074322 1 17232822343
4413587864 1 8708620802
4413719006 1 4413719084
4413719165 1 4413784790
4413719238 1 4413784895
4413719238 1 4413784999
4413719239 1 4413784997
4413784788 1 4413850336
4413784790 1 4413784791
4413850093 1 4413915462
4413850336 1 8708882923
4413850338 1 4413915758
4413850695 1 4413916520
4413915462 1 4413915614
4413915758 1 4413915911
4413915759 1 4413915911
4430561294 1 8742830102
4430561698 1 8725790739
4430626831 1 4430823437
4430626831 1 4430823439
4430627072 1 8725790739
4430954506 1 4447862796
4430954506 1 4447862797
4447535121 1 4447666196
4447666196 1 4447797271
4447797271 1 4447928348
4447862798 1 4447993871
4447993872 1 8743092242
4447993872 1 8743092243
8659861526 1 8659992600
8676376596 1 8659730456
8676376596 1 8676376597
8708555121 1 8708620804
8708620802 1 4413719165
8708620803 1 4413719165
8708620804 1 8708686464
8708686464 1 8708752092
8708752092 1 4413850338
8708752093 1 4413850338
8725921810 1 8742830102
8743092241 1 8743092243
17249468477 1 17232822343
17249468480 1 17232822343
21542077119 1 21542666297
21542077120 1 21542666297
21542666297 1 21543125694
21543125694 1 21543125734
21543125733 1 25838158918
21543125734 1 25838158918
21558788337 1 21575631291
21575631291 1 21575697049
21575697049 1 21576679885
21576679885 1 21576745662
21576679886 1 25871712958
21576745662 1 25871778770
25838158918 1 25839272030
25838158974 1 25839272030
25839272030 1 25839403100
25839403100 1 25839599670
25839599670 1 25839730743
25839730743 1 25839730745
25854935854 1 25855001710
25854935855 1 25855001710
25855001710 1 25871844914
25855001711 1 25871844914
25871712958 1 25871778770
25871778770 1 25871844607
25871778770 1 25871844710
25871844607 1 25871910490
25871844608 1 25871910490
25871844710 1 25871910611
25871844914 1 25871910730
25871910490 1 25871976460
25871910611 1 25871976614
25871910730 1 25871976916
25887310034 1 25887375701
25887375701 1 25887441330
25904152865 1 25904218468
25904218468 1 25905201495
25905201495 1 25905267113
25905267113 1 25905332739
25905332739 1 30200365630
30200365630 1 30200431151
30200431151 1 30200496388
34429534285 1 34429534286
34429665355 1 34429796425
34445134935 1 34445134936
34446049351 1 30134501483
34461779530 1 34461779531
34461911234 1 34461911235
34478687688 1 34478687689
34495332431 1 34495332432
34495594568 1 30200758340
34495594568 1 30200758341
34512896077 1 34513027147
38723126877 1 38724173968
38724173959 1 38724173962
38724173968 1 38724305034
38724173968 1 38724305037
38724173970 1 38724305037
38724305037 1 34429665355
38724305045 1 38724501589
38724305045 1 38724632659
38724305048 1 38724501589
38724501589 1 38724632659
38724501591 1 38724632660
38724632659 1 38724632660
38724632659 1 38724763728
38724632660 1 38724632662
38724632661 1 38724632662
38724763728 1 38724763730
38724763734 1 38724763736
38739903702 1 38739969818
38739903777 1 38739903778
38739903779 1 38739903780
38739903857 1 34445983879
38739903935 1 34445983879
38739904013 1 38724173959
38739904015 1 38724173968
38739904092 1 38724173968
38739969618 1 25839403113
38739969619 1 25839403113
38739969818 1 30134501483
38739970128 1 38741147729
38739970129 1 38741147729
38740035558 1 38740035678
38740035559 1 34445134935
38740035678 1 34445134935
38740036040 1 38741016660
38740951186 1 38741147729
38740951189 1 38724501585
38740951189 1 38741147731
38741016660 1 38741016662
38741016661 1 38741016662
38741016661 1 38741147732
38741147729 1 34429534285
38741147729 1 38724501583
38741147731 1 38741278802
38741147733 1 38741147735
38741147733 1 38741278802
38741147733 2 38741278804
38741147735 1 38741278804
38755566261 1 8708555121
38756614807 1 34461713220
38756614809 1 34461713304
38756614922 1 38739903621
38756680528 1 38773523535
38756680606 1 38756746423
38756680606 1 38756746425
38756680607 1 38756746423
38756680607 1 38756746425
38756680607 1 38756746526
38756680684 1 38756680685
38756680684 1 38756746524
38756680685 1 38756746524
38756680760 1 38756680761
38756680762 1 34461779530
38756680762 1 38756680763
38756680762 1 38756680840
38756746325 1 38756812051
38756746423 1 34461844869
38756746425 1 38756812291
38756746426 1 38756746528
38756746427 1 38756746528
38756746427 1 38756812295
38756746428 1 38756812175
38756746428 1 38756812295
38756746429 1 38756812175
38756746524 1 38756746525
38756746526 1 34461845109
38756746530 1 38756812292
38756746631 1 38756812651
38756746834 1 34445068375
38756812175 1 38756878086
38756812176 1 38756878086
38756812177 1 38756878086
38756812291 1 34461910937
38756812292 1 34461910937
38756812292 1 34461911234
38756812293 1 34461911234
38756812295 1 38756878237
38756812296 1 38756878238
38756812297 1 38756878238
38756812416 1 38756878541
38756812536 1 38756812537
38756812536 1 38756878845
38756812537 1 38756878692
38756812538 1 38756812539
38756812658 1 38756812778
38756812658 1 38756879002
38756812659 1 38756879001
38756812659 1 38756879002
38756812778 1 38756879001
38756878089 1 38756878090
38756878237 1 38756878238
38756878845 1 38756878846
38756879001 1 38756879152
38756879004 1 38756879005
38773391914 1 38773457583
38773457583 1 38773457584
38773457744 1 38773523537
38773523235 1 38773588788
38773523537 1 38773589264
38773523538 1 38773589264
38773523541 1 38773589267
38773523542 1 38773589267
38773589264 1 34478687688
38773589265 1 34478687688
38773589267 1 38773589268
38773589272 1 38773654996
38773654996 1 38773655148
38773654997 1 38773655148
38790168961 1 38790168962
38790234259 1 34512765003
38790234492 1 34495332431
38790234570 1 38790299934
38790234571 1 38790299934
38790299934 1 38790300037
38790300036 1 38790300037
38790300042 1 34495594570
38790300043 2 34495594573
38790300044 1 38790561874
38790300045 1 38790561874
38790300145 1 30200758340
38790300146 1 38790365646
38790300248 1 34495594567
38790365283 2 34495594573
38790365283 2 34495594574
38790365283 2 38790365404
38790365287 1 38790365407
38790365287 1 38790561874
38790365402 1 34495594570
38790365402 1 34495594572
38790365403 2 38790365404
38790365522 1 34495594567
38790365522 1 34495594568
38790365522 1 34495594570
38790365522 1 38790365523
38790365522 1 38790365643
38790365646 1 38790430842
38790365770 1 38790431000
38790431157 1 38790431158
38807273623 1 38807404690
38807404690 1 38807535760
38807470163 1 38807601233
38807601231 1 34512765003
43002757286 1 43002888359
43002888359 1 43003019428
43003019428 1 43003019431
43016913467 1 43016979444
43016979366 1 43017962111
43016979444 2 43017962151
43016979522 1 43017962191
43017962110 1 43018028013
43017962111 1 43018028013
43017962111 2 43018028070
43017962151 1 43018028070
43017962151 1 43018028126
43017962151 1 43018028127
43017962151 1 43019141280
43017962191 1 43018028127
43017962191 2 43018028182
43018028013 1 43018094175
43018028013 1 43018094176
43018028013 2 43019141274
43018028069 1 43019141274
43018028070 2 43019141280
43018028070 1 43019141283
43018028126 1 43019141283
43018028127 1 43019141283
43018028127 2 43019141286
43018028182 1 43019141280
43018028182 1 43019141283
43018094175 1 43019141272
43018094176 1 43019141272
43018094176 1 43019141275
43019141274 1 38724305045
43019141274 1 43019272344
43019141275 2 38724305045
43019141280 3 43019272350
43019141280 1 43019272352
43019141283 1 43019272353
43019141283 1 43019272355
43019141283 1 43019272356
43019141286 2 43019272356
43019272344 1 38724501591
43019272350 1 43019403419
43019272350 1 43019468889
43019272350 1 43019468891
43019272352 1 43019403422
43019272353 1 43019468891
43019272353 1 43019599963
43019272355 1 43019403425
43019272356 2 43019403428
43019272356 1 43019599967
43019403419 1 43019599959
43019403422 1 43019731033
43019403425 1 43019534497
43019403428 2 43019599965
43019468889 1 43019599959
43019468891 1 43019599962
43019468895 1 43019599968
43019534497 1 43019731035
43019599959 1 38724763734
43019599959 1 43019599960
43019599963 1 43019599964
43019599965 2 43019731038
43019599967 1 43019731038
43019731033 1 43019862104
43019731035 1 43019862108
43033624831 2 43033690578
43033624831 1 43033690579
43033624831 1 43033690630
43033624832 1 43033690578
43033624832 1 43033690579
43033624863 3 43033690630
43033624864 4 43033690630
43033690578 3 43033756424
43033690579 3 43033756425
43033690579 3 43033756426
43033690630 2 43033756502
43033690630 2 43033756503
43033690630 1 43033756581
43033690631 1 43033756502
43033690631 3 43033756503
43033690631 1 43033756581
43033690631 1 43033756582
43033756424 1 43034739205
43033756424 2 43034739245
43033756425 1 43034739245
43033756425 2 43034739246
43033756426 1 43034739207
43033756426 3 43034739246
43033756426 3 43034739247
43033756502 1 43034739245
43033756502 1 43034739285
43033756503 4 43034739286
43033756504 1 43034739246
43033756504 1 43034739247
43033756504 2 43034739286
43033756504 1 43034739287
43033756581 1 43017962110
43033756582 1 43017962111
43033756582 1 43034739286
43033756582 1 43034739287
43033756582 2 43034739327
43034739205 1 43034805003
43034739206 1 43034805003
43034739207 1 43034805006
43034739207 1 43034805007
43034739245 1 43034739246
43034739245 2 43034805058
43034739245 1 43034805114
43034739246 1 43034805059
43034739246 2 43034805061
43034739246 2 43034805117
43034739247 2 43034805061
43034739247 2 43034805062
43034739247 1 43034805063
43034739247 1 43034805117
43034739247 1 43034805118
43034739285 1 43034805114
43034739285 1 43034805171
43034739286 1 43034805117
43034739286 1 43034805171
43034739286 4 43034805172
43034739286 1 43034871235
43034739287 1 43034805117
43034739287 2 43034805118
43034739287 1 43034805172
43034739287 1 43034805173
43034739287 2 43034805174
43034739327 2 43018028013
43034805003 1 38739903702
43034805006 2 43034870926
43034805006 1 43034870927
43034805006 1 43034871002
43034805007 1 43034870927
43034805007 1 43034870928
43034805058 1 38739903777
43034805058 1 38739903778
43034805059 1 38739903779
43034805061 1 43034871002
43034805061 1 43034871079
43034805061 1 43034871080
43034805062 1 43034871003
43034805062 1 43034871005
43034805063 1 43034871006
43034805063 1 43034871083
43034805114 1 38739903857
43034805115 1 38739903857
43034805117 1 43034871157
43034805117 1 43034871158
43034805117 1 43034871236
43034805117 1 43034871237
43034805118 2 43034871160
43034805119 1 43034871239
43034805171 1 38739904013
43034805172 1 38723126877
43034805172 1 38739904015
43034805172 1 43034871234
43034805172 1 43034871313
43034805173 1 43034871236
43034805173 2 43034871237
43034805173 1 43034871313
43034805174 1 43034871237
43034805174 1 43034871238
43034805174 1 43034871316
43034805175 1 43034871239
43034870926 1 43034936922
43034870926 1 43034937022
43034870927 2 43034936922
43034870928 1 43034937027
43034871002 1 38739970025
43034871002 1 43034937123
43034871003 1 43034871081
43034871003 1 43034937123
43034871004 1 43034871082
43034871005 1 43034937127
43034871006 1 43034937129
43034871079 1 43034937223
43034871080 1 43034937223
43034871080 1 43034937224
43034871081 1 43034937124
43034871081 1 43034937224
43034871082 1 43034937124
43034871083 1 43034937128
43034871084 1 43034937128
43034871084 2 43034937230
43034871157 1 38739970128
43034871158 1 43034937325
43034871160 1 43034937328
43034871160 1 43034937431
43034871162 2 43034937332
43034871234 1 38740951186
43034871235 1 38740951189
43034871236 1 38741147733
43034871237 1 38741147733
43034871237 1 43035918488
43034871238 1 43036115033
43034871239 1 43034937433
43034871239 1 43036115035
43034871313 1 38740951189
43034871316 1 43035918494
43034936917 1 43034936918
43034936921 1 43035002980
43034936922 1 43035002863
43034936922 1 43035002980
43034936922 1 43035002984
43034937022 1 43035002981
43034937023 1 43035002981
43034937027 1 43035002989
43034937123 1 43035003219
43034937124 1 43034937226
43034937125 1 43035003221
43034937127 1 43035003225
43034937128 1 43035003226
43034937129 1 43035003227
43034937223 1 38740036040
43034937224 1 38741016661
43034937225 1 38741016661
43034937226 1 43035003221
43034937230 1 43035003226
43034937230 2 43035003347
43034937231 2 43035003347
43034937325 1 38741016661
43034937328 1 43034937430
43034937329 1 43035983961
43034937332 2 43035983965
43034937427 1 38741016661
43034937430 1 43035983961
43034937431 1 43035983961
43034937433 1 43035983965
43035002863 1 43035069242
43035002866 1 43035069248
43035002867 1 43035069248
43035002980 1 43035002981
43035002981 1 38740102246
43035002983 1 43035069242
43035002984 1 43035069395
43035002989 1 43035069403
43035003101 1 38740102246
43035003219 1 38741016660
43035003221 1 43035983960
43035003226 1 43035003227
43035003227 1 43035003228
43035003341 1 43035983960
43035003347 1 43035983963
43035003347 2 43035983966
43035918488 1 38741147733
43035918494 1 43036115033
43035983961 1 43036115032
43035983963 1 43036115032
43035983965 2 43036115036
43036115032 1 43036115034
43036115033 1 43036115034
43036115033 1 43036246104
43036115033 1 43036246106
43036115035 1 43036246108
43050402047 1 43033690578
43050402047 1 43033690579
43050402047 9 43050467742
43050402047 1 43050467743
43050402047 1 43050467794
43050402048 1 43033690578
43050402048 1 43033690579
43050402048 3 43050467742
43050402048 3 43050467743
43050467739 1 38755566261
43050467740 1 38755566261
43050467742 1 43050467743
43050467742 3 43050533483
43050467742 5 43050533484
43050467742 1 43050533561
43050467742 3 43050533562
43050467742 1 43051516341
43050467743 1 43050533484
43050467743 4 43050533485
43050467743 3 43050533486
43050467743 2 43050533563
43050467794 1 43050533561
43050467794 1 43050533562
43050467795 1 43050533564
43050533483 1 43051516341
43050533483 2 43051516381
43050533484 1 43050533485
43050533484 1 43051516341
43050533484 2 43051516381
43050533484 1 43051582107
43050533485 1 43051516342
43050533485 1 43051516343
43050533485 3 43051516382
43050533486 2 43051516342
43050533486 2 43051516343
43050533486 1 43051516382
43050533486 3 43051516383
43050533561 1 43051516381
43050533561 1 43051516420
43050533562 1 43050533563
43050533562 1 43051516381
43050533562 1 43051516421
43050533563 2 43051516382
43050533564 1 43051516382
43050533564 4 43051516423
43051516341 1 43051582050
43051516341 2 43051582051
43051516342 1 43051516382
43051516342 2 43051582051
43051516342 2 43051582052
43051516343 1 43051516383
43051516343 2 43051582053
43051516343 1 43051582054
43051516343 1 43051582055
43051516380 1 38756614807
43051516381 1 38756614807
43051516381 1 38756614809
43051516381 1 38756614865
43051516381 1 43051582106
43051516381 2 43051582107
43051516381 1 43051582162
43051516382 2 43051582107
43051516382 1 43051582108
43051516382 2 43051582109
43051516382 1 43051582163
43051516382 1 43051582164
43051516382 1 43051582165
43051516383 3 43051582109
43051516383 5 43051582110
43051516383 2 43051582165
43051516383 1 43051582166
43051516420 1 43051516421
43051516421 1 38756614922
43051516423 2 43034805006
43051516423 2 43051582165
43051516423 2 43051582166
43051516423 1 43051648140
43051582050 1 38773457744
43051582051 1 38756680528
43051582051 1 38756680606
43051582052 2 43051647826
43051582053 1 43051647828
43051582053 1 43051647829
43051582054 1 43051647828
43051582054 1 43051647829
43051582054 1 43051647830
43051582054 1 43051647906
43051582055 1 47346615129
43051582106 1 38756680606
43051582107 1 38756680607
43051582107 1 38756680684
43051582107 1 43051647904
43051582108 1 38756680607
43051582108 1 43051647904
43051582108 1 43051647981
43051582109 1 38756680684
43051582109 1 43051647905
43051582109 1 43051647906
43051582109 2 43051647983
43051582110 1 43051582111
43051582110 1 43051647905
43051582110 1 43051647906
43051582110 1 43051647907
43051582110 2 43051647908
43051582110 1 43051647910
43051582110 1 43051647985
43051582110 2 43051647986
43051582110 3 43051647987
43051582111 1 43051647908
43051582111 2 43051647986
43051582111 1 43051647987
43051582162 1 38756680760
43051582163 1 38756680760
43051582163 1 38756680762
43051582164 1 38756680762
43051582165 1 38756680762
43051582165 1 43051648061
43051582165 1 43051648062
43051582165 2 43051648063
43051582166 1 43034871002
43051582166 1 43051582222
43051582166 1 43051648062
43051582166 1 43051648063
43051582167 1 43034871002
43051582167 1 43051648066
43051582222 1 43051648066
43051582223 1 43051648144
43051647826 1 38756746325
43051647826 1 38756746424
43051647827 1 38756746325
43051647828 1 43068490839
43051647829 1 43051713624
43051647830 1 43051713728
43051647832 1 43068490742
43051647904 1 38756746424
43051647904 1 38756746427
43051647905 1 38756746428
43051647905 1 43051647906
43051647906 1 38756746426
43051647906 1 38756746530
43051647906 1 43051713726
43051647907 1 43051713829
43051647908 1 43051713728
43051647909 1 43051713726
43051647909 1 43051713830
43051647910 1 43051713830
43051647910 1 47346681134
43051647981 1 38756746628
43051647982 1 38756746628
43051647983 1 38756746631
43051647983 1 43051713827
43051647984 1 43051647985
43051647984 1 43051713827
43051647985 1 43051713930
43051647986 2 43051713831
43051647986 1 43051713932
43051647987 1 43034936917
43051647987 1 43051713833
43051647987 1 43051713835
43051647987 1 43051713932
43051647987 1 43051713934
43051648061 1 38756746834
43051648062 1 38739969618
43051648062 1 43051713929
43051648063 3 43051714033
43051648066 1 43051648144
43051648140 1 43051714133
43051648143 1 43034936921
43051648143 1 43051714140
43051648144 2 43051714140
43051713624 1 43051713726
43051713625 1 43051713727
43051713726 1 38756812177
43051713726 1 38756812296
43051713726 1 43051713727
43051713727 1 38756812177
43051713728 1 43051779475
43051713728 1 43051779476
43051713732 1 43051779597
43051713827 1 38756812416
43051713829 1 43051779595
43051713830 1 38756812536
43051713831 1 38756812536
43051713831 1 43051779717
43051713831 1 43051779719
43051713832 1 43051779719
43051713833 1 43051779601
43051713835 1 43051713937
43051713929 1 38756812536
43051713930 1 38756812537
43051713931 1 38756812537
43051713932 1 38756812536
43051713934 1 43051779719
43051713936 1 43051779604
43051713937 1 43051779604
43051713937 1 43051779725
43051713937 1 43051779842
43051713938 1 43051779842
43051714031 1 38756812536
43051714033 2 38756812658
43051714033 1 43051780075
43051714034 1 43051780075
43051714037 1 38756812538
43051714039 1 43051779964
43051714040 1 43051779964
43051714133 1 38740035558
43051714140 1 43035002866
43051714140 1 43051780082
43051779365 1 43051845250
43051779475 1 38756878089
43051779476 1 38756878091
43051779479 1 43051779480
43051779484 1 43051845552
43051779485 1 43051845552
43051779485 1 43051845553
43051779595 1 38756878394
43051779597 1 43051779598
43051779601 1 43051845701
43051779604 1 43051845555
43051779717 1 43051845848
43051779718 1 43051845848
43051779719 2 43051845850
43051779720 1 43051845850
43051779721 1 43051845701
43051779725 1 47346813159
43051779842 1 43051846003
43051779964 1 43051846314
43051780075 1 38756879004
43051780076 1 38756879004
43051780082 1 43051846311
43051845401 1 43051845553
43051845552 1 43051845553
43051846003 1 43051846155
43051846311 1 43051846463
43051846312 1 43051846463
43067179231 1 43067179264
43067179231 1 43067244854
43067179231 2 43067244855
43067179231 2 43067244906
43067179232 1 43067244854
43067179232 2 43067244855
43067179232 3 43067244906
43067179232 1 43067244907
43067179263 1 43067244906
43067179264 1 43067244906
43067244854 1 43084087682
43067244854 1 43084087761
43067244855 1 43084087682
43067244855 2 43084087683
43067244855 1 43084087684
43067244855 1 43084087761
43067244906 1 43067310545
43067244906 2 43067310622
43067244906 1 43067310623
43067244907 1 43067310545
43067244907 1 43067310546
43067244907 2 43067310623
43067244907 3 43067310624
43067310545 2 43068293478
43067310546 2 43068293478
43067310546 3 43068293479
43067310546 1 43068293519
43067310546 1 43085070694
43067310546 1 43085070695
43067310622 1 43068293517
43067310622 1 43068293557
43067310623 2 43068293518
43067310623 1 43068293558
43067310624 1 43067310702
43067310624 5 43068293519
43067310624 1 43068293558
43067310624 1 43068293559
43068293478 1 43068359100
43068293478 1 43085136315
43068293478 1 43085136316
43068293479 1 43068359100
43068293479 1 43068359102
43068293479 1 43068359157
43068293479 5 43068359158
43068293479 1 43085136319
43068293517 1 38773391914
43068293518 1 43068359211
43068293518 1 43068359212
43068293519 4 43068359158
43068293519 1 43068359159
43068293519 4 43068359214
43068293557 1 38773391970
43068293558 1 43068359211
43068293559 1 43068359269
43068293559 2 43068359270
43068359100 1 43085201947
43068359101 1 43085201947
43068359102 1 43085201950
43068359103 1 43085201951
43068359157 1 43068424732
43068359158 2 43068424733
43068359158 1 43068424734
43068359158 1 43068424812
43068359158 1 43068424813
43068359158 2 43068424890
43068359158 1 43068424891
43068359159 1 43068424735
43068359159 1 43068424813
43068359159 1 43068424814
43068359211 1 38773457587
43068359211 1 38773457663
43068359212 1 43068424886
43068359214 1 43068424889
43068359214 3 43068424890
43068359214 1 43068424969
43068359215 2 43068424969
43068359215 1 43068424970
43068359269 1 43068425043
43068359270 1 43068425046
43068359270 1 43068425047
43068359271 1 43068424969
43068359271 2 43068425047
43068424732 1 38790300248
43068424733 1 43068490331
43068424733 1 43068490332
43068424734 1 43068490332
43068424734 1 43068490333
43068424735 1 43068424814
43068424812 2 43068490333
43068424813 1 43068490335
43068424813 1 43068490437
43068424814 1 43068490335
43068424814 1 43068490337
43068424814 1 43068490438
43068424886 1 38773523235
43068424887 1 38773523235
43068424889 1 43068490537
43068424890 2 43068490537
43068424890 1 43068490538
43068424890 1 43068490638
43068424890 1 43068490639
43068424891 1 43068490538
43068424892 1 43068490643
43068424969 1 43068490642
43068424969 1 43068490743
43068424969 1 43068490744
43068424970 1 43068490642
43068424970 2 43068490744
43068424970 1 43068490745
43068425043 1 38773523541
43068425045 1 43068425046
43068425046 1 43068490740
43068425047 1 43068490742
43068425047 1 43068490845
43068425048 1 43068490845
43068425048 1 43068490847
43068490331 1 38790365770
43068490332 1 43085333069
43068490333 1 43068555853
43068490333 1 43068555854
43068490333 1 43085333069
43068490335 1 43085332952
43068490337 1 43068555859
43068490437 1 43068555976
43068490438 1 43068555979
43068490439 1 43068555859
43068490537 1 43068556093
43068490537 1 43068556094
43068490538 1 43068556095
43068490538 1 43068556096
43068490638 1 43068556212
43068490639 1 43068556212
43068490639 1 43068556215
43068490640 1 43068556215
43068490642 2 43068556338
43068490643 1 43068556219
43068490740 1 43068556452
43068490742 1 43068556333
43068490742 1 43068556456
43068490743 2 43068556456
43068490744 2 43068556338
43068490745 1 43068556339
43068490839 1 38773589272
43068490845 1 43068556575
43068490845 1 43068556577
43068490847 1 43068556579
43068555853 1 38790431157
43068555854 1 43085398457
43068555859 1 43068621400
43068555976 1 43068621396
43068555979 1 43068621401
43068556093 1 43068621696
43068556094 2 43068621696
43068556095 1 43068621698
43068556096 1 43068621699
43068556212 1 38773654549
43068556213 1 38773654549
43068556215 1 43068621850
43068556219 1 43068622008
43068556333 1 38773654389
43068556338 1 43068622007
43068556338 2 43068622159
43068556339 1 43068622161
43068556452 1 38773655004
43068556456 1 43068622154
43068556456 1 43068622307
43068556458 1 43068622159
43068556575 1 38773655158
43068556577 1 43068622309
43068556579 1 43068622465
43068621400 1 43068621401
43068621698 1 43068621699
43068622008 1 43068622009
43068622467 1 43068622468
43083956415 1 43084022019
43083956415 1 43100799183
43083956416 1 43084022019
43083956416 1 43100799183
43083956447 1 43084022018
43083956448 1 43084022018
43084022018 1 43084087526
43084022018 1 43084087605
43084022019 1 43084087526
43084022019 2 43084087605
43084022019 1 43100864743
43084022019 1 43100864744
43084022071 2 43084087684
43084087526 1 43101847789
43084087605 1 38807273618
43084087605 1 43085463710
43084087606 1 38790496405
43084087606 1 43085070615
43084087606 1 43085463707
43084087606 1 43085463710
43084087682 1 43085070693
43084087683 1 34495529087
43084087683 1 43085070654
43084087684 1 43085070654
43084087684 4 43085070655
43084087761 1 34495529087
43084087761 2 43085070694
43084087762 1 43085070694
43085070575 1 43101913310
43085070575 1 43102240926
43085070575 1 43102240929
43085070614 1 38790496405
43085070614 1 38807273618
43085070614 1 43085136147
43085070614 1 43085136149
43085070615 3 43085136149
43085070615 1 43085136151
43085070615 1 43085136206
43085070615 1 43085463707
43085070615 1 43085463710
43085070615 1 43085463716
43085070654 1 43085136261
43085070655 2 43085136206
43085070655 1 43085136261
43085070655 1 43085136262
43085070693 1 38790168961
43085070694 1 34495529087
43085070694 1 43085136259
43085070694 1 43085136260
43085070694 1 43085136316
43085070694 1 43085136317
43085070694 1 43085201869
43085070695 1 43085136261
43085070695 1 43085136317
43085070695 2 43085136318
43085070695 1 43085201869
43085136147 1 38790234259
43085136148 1 38790234259
43085136149 1 43085201558
43085136149 1 43085201559
43085136149 1 43085201635
43085136150 1 43085201559
43085136151 1 43085201640
43085136206 1 43085201638
43085136206 2 43085201717
43085136259 1 38790234492
43085136260 1 43085136317
43085136261 1 43085201793
43085136261 1 43085201871
43085136262 1 43085201793
43085136262 1 43085201794
43085136315 1 38790234570
43085136316 1 38790234570
43085136316 1 43085201868
43085136316 1 43085201869
43085136316 1 43085201947
43085136317 2 43085201869
43085136318 1 43085201871
43085136318 1 43085201951
43085136319 1 43085201951
43085201558 1 38807601237
43085201559 1 38807601237
43085201559 1 43085791320
43085201635 1 38807601233
43085201638 1 43085267040
43085201640 1 43085791326
43085201716 1 43085267040
43085201717 1 43085267142
43085201717 1 43085267143
43085201793 1 43085267242
43085201794 1 43085201873
43085201868 1 38790300042
43085201869 2 38790300043
43085201869 1 38790300044
43085201870 1 38790300044
43085201871 2 43085267343
43085201872 1 43085267343
43085201872 1 43085267346
43085201873 1 43085267346
43085201874 1 43085267451
43085201947 1 38790300145
43085201947 1 38790300146
43085201950 1 43085267550
43085201951 2 43085267449
43085201951 1 43085267550
43085267040 1 43085660250
43085267142 1 43085660250
43085267143 1 43085529179
43085267143 1 43085660250
43085267242 1 43085529176
43085267247 1 43085529182
43085267343 1 43085267446
43085267343 1 43085332708
43085267344 1 43085332707
43085267344 1 43085332708
43085267346 1 43085529178
43085267446 1 43085332707
43085267449 1 43085332833
43085267449 1 43085332953
43085267451 1 43085332836
43085267550 2 43085332951
43085332588 1 43085529176
43085332596 1 43085529182
43085332712 1 43085529178
43085332833 1 43085398157
43085332836 1 43085398162
43085332951 2 43085398306
43085332952 2 43085398306
43085332953 1 43085398308
43085333069 1 38790431159
43085333072 1 43085398306
43085398308 1 43085398309
43085529179 2 43085660250
43085529179 1 43085660252
43085660247 1 38807601237
43085660247 1 38807601238
43085660249 1 43085791320
43085660253 1 43085791326
43100799183 1 43100864588
43100864588 1 43102503073
43100864743 1 38807535760
43100864744 2 43102372001
43101847711 1 43101913142
43101847711 1 43102240931
43101847750 1 38807273623
43101847750 1 43101913252
43101847751 1 43101913198
43101847751 2 43101913254
43101847751 1 43102240928
43101847751 2 43102240931
43101847789 1 38806945954
43101847790 1 43101913252
43101847791 1 43101913254
43101913142 1 43102961754
43101913198 1 43102830680
43101913252 1 34513027147
43101913254 1 43102830682
43101913254 1 43102830684
43101913310 1 43101978698
43101978698 1 43102699608
43102240926 1 43102371998
43102240928 1 43102372001
43102240931 1 43102372000
43102240931 2 43102372001
43102372000 1 43102503073
43102372001 1 43102503070
43102568537 1 43102699608
43102568543 1 43102699616
43102699609 1 43102830680
43102699609 1 43102830682
43102699611 1 43102830682
43102699611 1 43102830684
43102830683 1 43102961754
43102830683 1 43102961756
47297331365 1 47297462437
47297462437 1 47297593510
47297593510 1 43002757286
47311814976 2 47311880763
47311814976 1 47311880815
47311814976 1 47311880816
47311814976 1 47311880868
47311880763 2 47311946740
47311880763 1 47311946818
47311880763 1 47311946819
47311880764 1 67306487
47311880764 1 47311946741
47311880764 1 47311946742
47311880764 1 47311946820
47311880815 1 43016979522
47311880816 1 47311946819
47311880816 1 47311946820
47311880868 1 47312470124
47311946662 1 47311946741
47311946663 1 43017962111
47311946740 1 43017962151
47311946740 1 43017962191
47311946741 1 43017962111
47311946741 1 43017962151
47311946742 1 47312929409
47311946818 1 43017962191
47311946819 1 43017962191
47311946819 1 47312929488
47311946820 2 68289193
47311946820 1 47312929488
47312470124 1 47297331365
47312929408 1 47312995311
47312929409 1 68355113
47312929448 1 68355113
47312929488 1 68355169
47312995311 1 47313061477
47312995312 1 47313061477
47312995312 1 47313061478
47313061477 1 47314108583
47313061478 1 69468163
47314108583 1 43019468895
47314305119 1 47314436191
47314436191 1 47314436192
47328526464 1 25887310034
47328526464 1 47362146497
47328526464 1 47378923713
47328526464 1 47378923744
47328592097 1 84017569
47328592097 1 47328592129
47328592128 3 84017569
47328592128 1 84017621
47328592128 2 43033690579
47328592128 6 47328657875
47328592128 6 47328657876
47328592128 1 47328657928
47328592128 1 47328723723
47328592129 4 84017621
47328592129 1 84017673
47328592129 1 47328657877
47328592129 1 47328657928
47328592160 2 84017569
47328592160 5 84017621
47328592160 1 84017673
47328592160 1 21542077119
47328592160 1 43016913467
47328592160 1 43033690579
47328592160 2 43033690631
47328592160 2 47311880763
47328592160 4 47311880764
47328592160 3 47328657876
47328592160 2 47328657877
47328592160 10 47328657927
47328592160 14 47328657928
47328592160 3 47328657979
47328592160 1 47328723723
47328657875 3 43033756426
47328657875 1 43033756504
47328657875 1 47328723722
47328657875 3 47328723723
47328657876 5 84083391
47328657876 6 47328723723
47328657876 1 47328723724
47328657877 1 84083547
47328657877 1 47328657929
47328657927 1 43033756503
47328657927 4 43033756504
47328657927 3 43033756582
47328657927 1 47328723801
47328657927 1 47328723879
47328657928 1 84083469
47328657928 3 84083547
47328657928 1 43033756504
47328657928 2 43033756582
47328657928 1 47328723800
47328657928 6 47328723801
47328657928 1 47328723802
47328657928 2 47328723879
47328657928 2 47328723880
47328657929 1 84083547
47328657979 1 43016979366
47328657979 1 43016979444
47328657979 1 47311946662
47328657980 1 47311946662
47328723644 1 43034739207
47328723646 1 47329706504
47328723722 1 43034739247
47328723723 1 43034739247
47328723723 1 47328723802
47328723723 2 47329706504
47328723723 1 47329706543
47328723723 4 47329706544
47328723724 3 47329706504
47328723724 3 47329706544
47328723800 1 43034739287
47328723801 3 43034739287
47328723801 1 47329706543
47328723801 1 47329706544
47328723801 2 47329706583
47328723801 2 47329706584
47328723802 1 85066289
47328723802 1 47329706544
47328723802 1 47329706584
47328723879 1 47312929408
47328723879 2 47329706624
47328723880 1 47329706545
47328723880 2 47329706624
47329706504 1 85131993
47329706504 1 47329772249
47329706504 1 47329772304
47329706543 1 43034805063
47329706543 1 47329772415
47329706544 2 85132049
47329706544 1 43034805063
47329706544 1 47329772305
47329706544 2 47329772359
47329706544 2 47329772415
47329706545 1 85132161
47329706583 1 43034805119
47329706583 1 43034805175
47329706584 1 43034805119
47329706584 1 43034805175
47329706584 1 47329772471
47329706584 1 47329772472
47329706624 1 85132161
47329706624 1 47312995312
47329706624 1 47329772473
47329706624 1 47329772528
47329772249 1 85197971
47329772304 1 85197971
47329772304 1 47329838304
47329772305 1 85198049
47329772359 2 43034871084
47329772360 1 85198049
47329772415 2 43034871162
47329772471 1 47329838537
47329772472 1 85198283
47329772472 1 47329838537
47329772473 1 68421145
47329772528 1 68421145
47329772528 1 47329838615
47329838304 1 47329904326
47329838537 1 47331082337
47329838615 1 47330885799
47329838693 1 47330885799
47329904326 1 85330033
47329904428 1 43035003347
47330885799 1 47314305119
47345303649 1 47345303665
47345303664 1 43033624831
47345303664 1 47345303680
47345303664 5 47345369344
47345303664 2 47362080896
47345303664 2 47362146528
47345303664 1 47378923712
47345303664 1 47378923744
47345303665 1 67174689
47345303665 1 67174721
47345303665 1 83951841
47345303665 2 83951873
47345303665 5 100729057
47345303665 5 117506241
47345303665 2 134283425
47345303665 1 134283457
47345303665 1 21558788337
47345303665 1 25887310034
47345303665 1 47311814976
47345303665 2 47328592097
47345303665 6 47328592128
47345303665 4 47328592129
47345303665 11 47328592160
47345303665 2 47345369312
47345303665 3 47345369313
47345303665 16 47345369344
47345303665 3 47362146497
47345303665 13 47362146528
47345303665 1 47378923681
47345303665 1 47378923713
47345303665 2 47378923744
47345303680 1 67174689
47345303680 1 67174721
47345303680 1 83951841
47345303680 2 83951873
47345303680 6 100729057
47345303680 5 117506241
47345303680 2 134283425
47345303680 1 134283457
47345303680 1 21558788337
47345303680 3 43033624831
47345303680 3 43033624863
47345303680 1 43033624864
47345303680 13 43050402047
47345303680 2 43050402048
47345303680 6 43067179231
47345303680 2 43067179232
47345303680 2 43083956415
47345303680 1 43083956447
47345303680 5 47311814976
47345303680 1 47328592097
47345303680 18 47328592128
47345303680 6 47328592129
47345303680 41 47328592160
47345303680 1 47328657876
47345303680 3 47345369312
47345303680 2 47345369313
47345303680 73 47345369344
47345303680 2 47345435040
47345303680 2 47362146497
47345303680 68 47362146528
47345303680 1 47362212204
47345303680 1 47378923681
47345303680 12 47378923712
47345303680 4 47378923744
47345369312 1 47345435040
47345369312 1 47362212153
47345369312 2 47362212203
47345369313 2 100794733
47345369313 1 100794784
47345369313 1 100794785
47345369313 1 47345434989
47345369344 2 84017569
47345369344 7 100794733
47345369344 1 100794734
47345369344 1 100794784
47345369344 2 100794785
47345369344 1 117571897
47345369344 1 43033690579
47345369344 1 43050467739
47345369344 5 43050467742
47345369344 6 43050467743
47345369344 1 43050467795
47345369344 2 43067244907
47345369344 2 47328657875
47345369344 4 47328657876
47345369344 1 47345434987
47345369344 3 47345434989
47345369344 15 47345435039
47345369344 29 47345435040
47345369344 4 47345435091
47345369344 5 47345435092
47345369344 1 47362212153
47345369344 5 47362212203
47345369344 2 47362212204
47345434987 1 47345435039
47345434988 1 47345435040
47345434989 2 100860451
47345434989 1 100860529
47345435039 1 43050533485
47345435039 3 43050533486
47345435039 2 43050533564
47345435039 1 43067310624
47345435039 2 47345435092
47345435039 3 47345500783
47345435039 3 47345500860
47345435039 1 47345500861
47345435039 1 47362277921
47345435040 7 100860451
47345435040 5 100860529
47345435040 1 117637589
47345435040 1 47345500707
47345435040 9 47345500783
47345435040 8 47345500784
47345435040 2 47345500860
47345435040 2 47345500861
47345435040 2 47345500862
47345435040 5 47362277921
47345435091 3 43050533564
47345435091 1 47328723644
47345435091 1 47345500784
47345435091 1 47345500861
47345435092 1 100860529
47345435092 1 43050533564
47345435092 1 47328723646
47345435092 3 47345500861
47345435092 2 47345500862
47345500707 1 101843385
47345500707 1 43051516343
47345500707 1 47346483680
47345500782 1 43051516383
47345500783 1 43051516343
47345500783 4 43051516383
47345500783 2 47346483640
47345500783 4 47346483680
47345500783 1 47363260856
47345500784 3 101843345
47345500784 1 101843385
47345500784 1 21576679886
47345500784 1 25854935854
47345500784 5 47346483640
47345500784 4 47346483680
47345500860 1 43051516383
47345500860 1 43051516423
47345500860 1 47345500861
47345500860 1 47346549463
47345500861 1 43051516380
47345500861 3 43051516383
47345500861 1 43051516423
47345500861 2 47346483680
47345500861 1 47346483719
47345500861 1 47346483720
47345500862 1 101843425
47345500862 1 4413587864
47345500862 1 25854935854
47345500862 1 47346483641
47345500862 1 47346483681
47345500862 2 47346483720
47346483601 1 47346483641
47346483640 1 101909097
47346483640 1 43051582054
47346483640 1 43051582110
47346483640 1 47346483680
47346483640 1 47346549351
47346483640 4 47346549352
47346483640 1 47346549353
47346483640 1 47346549407
47346483640 1 47346549408
47346483641 1 43051582165
47346483641 1 47346483681
47346483641 1 47346549408
47346483679 4 43051582110
47346483680 3 101909097
47346483680 2 101909153
47346483680 1 101974954
47346483680 1 43034805006
47346483680 1 43051582109
47346483680 8 43051582110
47346483680 1 43051582111
47346483680 1 43051582165
47346483680 2 43051582166
47346483680 6 47346549408
47346483680 1 47346549463
47346483680 2 47346549464
47346483681 1 101909153
47346483681 1 101909209
47346483719 1 43051582223
47346483720 2 101909153
47346483720 1 101909209
47346483720 1 43051582223
47346483720 2 47346549408
47346483720 1 47346549463
47346549297 1 43051647909
47346549351 1 4413850695
47346549351 1 43068425045
47346549352 1 4413850695
47346549352 1 43051647909
47346549352 1 43068425048
47346549352 1 47346615129
47346549352 1 47346615130
47346549352 1 47346615208
47346549353 1 101974875
47346549407 1 43051647987
47346549408 1 101974875
47346549408 1 101974876
47346549408 1 101974953
47346549408 1 118752013
47346549408 1 43051647832
47346549408 1 43051647909
47346549408 1 43051647987
47346549408 1 47346615208
47346549408 1 47346615286
47346549463 1 43051648143
47346549463 1 47346615285
47346549463 1 47346615287
47346549463 1 47346615363
47346549464 1 101974955
47346549464 1 102040880
47346549464 1 43051647984
47346549464 1 47346615363
47346615129 1 102040675
47346615129 1 47346680928
47346615130 1 102040573
47346615207 1 102040675
47346615207 1 47346681030
47346615207 1 47346681031
47346615208 1 102040777
47346615208 1 43051713732
47346615208 1 47346681031
47346615285 1 43051713937
47346615285 1 47346681132
47346615286 2 102040777
47346615286 1 47346681030
47346615286 1 47346681132
47346615287 1 102040882
47346615362 1 43051713937
47346615363 1 102040778
47346615363 1 43051713936
47346615363 1 43051713937
47346615363 1 43051714037
47346615363 1 43051714039
47346615441 1 102040981
47346615442 1 102040981
47346680928 1 43051779365
47346681030 1 43051779479
47346681030 1 43051779484
47346681031 1 43051779485
47346681031 1 47346746783
47346681132 1 43051779722
47346681133 1 47346747142
47346681440 1 47346747383
47346746663 1 47346812552
47346746781 1 43051845401
47346746783 1 47346812552
47346746783 1 47346812855
47346747024 1 47346813157
47346747142 1 43051846315
47346747143 1 43051846315
47346747383 1 47346813766
47362080880 1 47345369313
47362080896 1 43033624831
47362080896 1 47328592097
47362080896 1 47345369313
47362080896 1 47345369344
47362146497 1 117571845
47362146497 1 117571897
47362146497 1 47362212204
47362146528 2 117571845
47362146528 4 117571897
47362146528 1 134349009
47362146528 2 134349061
47362146528 1 25904152865
47362146528 1 43067244854
47362146528 2 43067244855
47362146528 3 43067244907
47362146528 2 43084022071
47362146528 1 47362212101
47362146528 3 47362212151
47362146528 4 47362212152
47362146528 5 47362212153
47362146528 14 47362212203
47362146528 16 47362212204
47362146528 1 47378989315
47362146528 1 47378989317
47362146528 4 47378989367
47362146528 5 47378989368
47362146560 2 47362212204
47362212101 1 117637511
47362212151 1 43084087762
47362212151 1 47362277843
47362212151 1 47379054981
47362212152 1 117637511
47362212152 2 47362277767
47362212152 1 47362277843
47362212152 1 47379054981
47362212152 1 47379055060
47362212153 2 117637511
47362212153 4 117637589
47362212203 1 43067310545
47362212203 6 43067310546
47362212203 1 43067310623
47362212203 3 43067310624
47362212203 2 47362277842
47362212203 5 47362277843
47362212203 2 47362277921
47362212204 3 117637511
47362212204 5 117637589
47362212204 1 117637590
47362212204 1 47362277842
47362212204 8 47362277843
47362212204 4 47362277844
47362212204 7 47362277921
47362212204 3 47362277922
47362277767 2 135397697
47362277842 1 43068293479
47362277842 1 47362277920
47362277843 5 43068293479
47362277843 1 43068293519
47362277843 1 43085070695
47362277843 1 47363260775
47362277843 3 47363260776
47362277843 1 47380037991
47362277844 2 118620481
47362277844 1 118620521
47362277844 2 135397697
47362277844 1 47363260776
47362277844 1 47363260816
47362277920 1 43068293519
47362277921 1 43068293519
47362277921 2 43068293559
47362277921 1 47363260815
47362277921 2 47363260816
47362277921 2 47363260855
47362277921 5 47363260856
47362277922 1 118620521
47362277922 1 118620561
47362277922 1 47363260777
47362277922 3 47363260856
47363260737 1 47363326400
47363260775 1 43068359103
47363260776 1 43068359103
47363260776 1 47363326400
47363260776 1 47363326401
47363260776 1 47363326455
47363260776 2 47363326456
47363260777 1 118686201
47363260815 1 47363260855
47363260816 1 118686145
47363260816 1 118686201
47363260816 1 43068359159
47363260816 1 47363260856
47363260816 1 47363326455
47363260816 1 47363326456
47363260816 1 47363326511
47363260855 2 43068359215
47363260855 1 43068359271
47363260856 2 43068359215
47363260856 2 43068359271
47363260856 1 43068424970
47363260856 1 47363326511
47363260856 1 47363326512
47363260856 1 47363326567
47363260856 1 47363326568
47363326400 1 47380169250
47363326401 1 118751779
47363326455 1 43068424814
47363326456 2 118751779
47363326456 1 47363392034
47363326511 1 43068424892
47363326511 1 43068424970
47363326512 1 47363392268
47363326567 1 43068425048
47363326568 1 118752013
47363392034 1 47363457635
47363392268 1 47363458044
47363457635 1 47363523158
47363458044 1 118883265
47363523158 1 47380365765
47363523159 1 47380365765
47363523879 1 43068622467
47378923681 1 47378923744
47378923712 1 43084022018
47378923712 2 43084022019
47378923712 1 47378989264
47378923712 1 47378989265
47378923712 3 47378989315
47378923712 5 47378989316
47378923713 1 134349009
47378923744 1 134349009
47378923744 1 134349061
47378923744 3 47378989316
47378923744 1 47378989367
47378923744 1 47378989368
47378989264 1 47395831963
47378989265 1 134414493
47378989315 1 43084087606
47378989315 1 43100864744
47378989315 1 47379054825
47378989315 1 47379054903
47378989316 2 134414493
47378989316 3 47379054825
47378989316 2 47379054826
47378989317 1 134414649
47378989367 3 43084087606
47378989367 2 43084087684
47378989367 1 47379054903
47378989368 1 134414649
47378989368 1 47379054903
47378989368 1 47379054904
47378989368 2 47379054981
47378989368 3 47379054982
47379054825 1 152698883
47379054825 1 43102371998
47379054826 1 152567815
47379054826 1 152698883
47379054826 1 47397339303
47379054903 1 43085463716
47379054903 1 47380037912
47379054904 1 47380037912
47379054981 2 47380037952
47379054981 1 47380037992
47379054982 1 47380037913
47379054982 4 47380037952
47379055060 1 135397697
47380037912 1 135463193
47380037912 1 47380103448
47380037913 1 135463193
47380037952 1 135463193
47380037952 1 135463249
47380037952 1 47380103504
47380037952 1 47380103559
47380037952 1 47380103560
47380037991 1 47380103615
47380037992 1 47380103560
47380037992 1 47380103615
47380103448 1 47380168938
47380103504 1 47380168939
47380103559 1 47380169092
47380103560 1 47380169092
47380103560 1 47380169094
47380103560 1 47380169172
47380103615 1 43085201874
47380168938 1 47380627553
47380168939 1 135594087
47380169016 1 135594087
47380169092 1 43085267247
47380169093 1 43085267247
47380169094 1 47380234546
47380169172 1 47380234648
47380169250 1 47380234851
47380234546 1 47380496482
47380234648 1 135659641
47380234851 1 47380300254
47380299895 1 47380299896
47380299895 1 47380496482
47380300254 1 43085398468
47395831963 1 43102503070
47396815088 1 152567811
47396815088 2 47396880608
47396815088 1 47397208231
47396880608 1 152305665
47396880608 1 43102699616
47397208231 1 47397339303
