17891329 1 17891434
33554656 1 42983948389
34275329 6 34340865
34275332 1 43000791135
34275434 6 34340865
34275434 1 43000791135
34275434 1 47278981121
34340865 14 34406401
34340865 1 34406404
34340865 1 51183617
34340868 1 34406404
34340970 12 34406401
34406401 14 34471937
34406401 2 34471938
34406401 1 34537473
34406401 1 34537474
34406404 1 34471937
34406404 1 34471940
34406506 8 34471937
34406506 1 34471938
34406506 1 34537473
34471937 15 34537473
34471937 4 34537474
34471937 1 34537475
34471937 1 34537476
34471937 1 34603010
34471938 3 34537474
34471940 1 34537475
34471940 1 34537476
34471940 1 34537478
34471942 1 34537478
34472042 13 34537473
34472044 1 34537474
34537473 12 34603009
34537473 5 34603010
34537473 1 34603012
34537473 2 34668546
34537474 9 34603010
34537474 1 34603011
34537475 1 34603011
34537475 1 34603013
34537476 1 34603012
34537476 1 34603013
34537477 1 34603013
34537478 1 34603015
34537578 7 34603009
34537578 1 34603010
34537578 2 34668546
34537580 2 34603010
34603009 1 17891329
34603009 7 34668545
34603009 5 34668546
34603010 16 34668546
34603010 2 34668547
34603010 1 53084165
34603011 1 34668546
34603011 2 34668547
34603011 1 36569096
34603012 1 34668549
34603013 1 34668549
34603013 1 34668551
34603015 1 34668551
34603015 1 34668552
34603016 1 34668552
34603114 1 17891329
34603114 4 34668545
34603114 1 34668546
34603116 4 34668546
34668545 2 34668650
34668546 3 34668547
34668546 9 34668652
34668546 1 36306949
34668546 1 36438017
34668546 6 36438021
34668546 1 36438024
34668546 4 36569089
34668546 2 36569093
34668547 1 36438021
34668547 2 36438024
34668547 2 36569093
34668547 1 36569096
34668549 1 36438028
34668551 1 36438028
34668552 1 36438028
34668652 2 36569089
36306945 1 36438017
36306949 1 36438021
36438017 7 36569089
36438021 6 36569093
36438021 1 36569096
36438024 2 36569096
36438028 1 36569100
36438028 1 36569103
36438031 1 36569103
36569089 2 36569093
36569089 2 36569256
36569093 1 36569096
50397537 1 67240511
50397537 1 47311880713
50397569 1 67240562
51052545 2 51118081
51052545 2 51118082
51052545 1 51183618
51052548 1 51118081
51052650 1 51118081
51052650 1 51183618
51118081 1 51183618
51118081 1 51183619
51118082 1 51183618
51118082 1 51183619
51118082 1 68289233
51118083 1 51183618
51118083 1 51183619
51118083 1 68289233
51118084 1 51183619
51118088 1 68289236
51183617 1 51249154
51183618 3 51249154
51183619 1 51249157
51183619 1 52690952
51183621 1 51249157
51249154 3 51314690
51249154 1 51314691
51249154 1 47297462440
51249157 1 51314695
51249159 1 51314695
51249260 1 51314690
51314690 2 51380226
51314690 1 52953089
51314690 1 52953093
51314691 2 52953093
51314695 1 51380231
51314796 1 52953089
51380226 2 53084165
51380227 1 53084165
51380231 1 4348051474
51380232 1 4348051474
52690952 1 52822028
52822017 1 52953089
52822028 1 52953103
52953089 3 53084161
52953093 2 53084168
52953103 1 4348051473
53084161 4 53215233
53084161 1 53215238
53084165 3 53215237
53084165 1 53215238
53084168 2 53215240
53215233 6 53346305
53215233 2 53346306
53215237 2 53346309
53215237 1 53346312
53215238 1 53346310
53215240 1 53346313
53215240 1 53346315
53215241 1 53346315
53215400 2 53346305
53346305 1 53346306
53346306 1 53346310
67174754 1 67240511
67240508 1 47328723724
67240509 1 47328723880
67240511 1 84083473
67240560 1 47328723880
67240562 1 67306410
67306409 1 85066289
67306410 1 85066289
67306488 1 85066289
67895298 1 68289233
68289233 1 68355057
68289233 1 47312995424
68289236 1 68355117
68355057 1 47313061400
68355117 1 68421150
68421150 1 86245386
84083473 1 101843428
84083547 1 85066250
85066250 1 101909156
85066289 1 85132050
85066289 1 47329772359
85066328 1 47329772359
85132050 1 85197975
85197975 1 85263875
85263875 1 4397074319
86245386 1 86441987
101843428 1 4396876398
101909156 1 4396942258
4348051473 1 4348182548
4348182548 1 4348313622
4396876398 1 4396942103
17265067264 1 17265067343
21475950644 1 21475950650
21475950647 1 21475950650
21492727863 1 21492727866
21542666291 1 21543125692
21543191565 1 17265067264
25770917943 1 25770917948
25770917946 1 25770917948
25770917948 1 25770917954
25770917951 1 25770917954
25838093071 1 21543191565
25839403107 1 25839403110
30117986422 1 30118117494
30134239347 1 25839403107
34394210390 1 34411053139
34411053139 1 34412560509
34411053140 1 34412560509
34412560509 1 34412691578
34412691578 1 34412822648
34412822648 1 30117986422
34428027710 1 30134239347
34444936478 1 34445002512
34461713460 1 38756680757
34461779120 1 34478621957
34461779121 1 34478621957
34478621957 1 34478621958
38689112151 1 34394210390
38689112154 1 34394210390
38705823841 1 38722994929
38707789974 1 38707921043
38707921043 1 38708052116
38721946322 1 38722012219
38722012219 1 38739771987
38722012219 1 43017962108
38722994929 1 34428093525
38722994930 1 34428093525
38724698261 1 38724698264
38738789201 1 38739771907
38739771907 1 38756614863
38739771987 1 38739837815
38739771988 1 38739837760
38739772027 1 38739837815
38739837760 1 34461713460
38739837815 1 34444936478
38740035922 1 47314108581
38756614863 1 38756680601
38756680601 1 34461779120
38773391968 1 38773457505
42950656104 1 42967433322
42967302245 1 42967302250
42967302248 1 25770917948
42967302250 1 25770917948
42967433317 1 42967433322
42967433320 1 42967498856
42967433322 1 42967498856
42967498856 2 42967564392
42967498858 1 42967564392
42983948389 1 42984013925
42983948392 1 42984013925
42983948392 5 42984013928
42983948392 1 43000791144
42983948394 4 42984013928
42983948394 1 47278981224
42984013920 1 38689112151
42984013922 1 38689112151
42984013925 1 42984013930
42984013925 1 42984079461
42984013925 1 43000856679
42984013928 1 42984079458
42984013928 1 42984079461
42984013928 8 42984079464
42984013928 1 43000856680
42984013930 1 42984079458
42984013930 7 42984079464
42984079458 1 42984079464
42984079461 1 42984144994
42984079461 1 42984144997
42984079464 1 42984079466
42984079464 1 42984144994
42984079464 1 42984144997
42984079464 1 42984144998
42984079464 11 42984145000
42984079464 1 42984145001
42984079464 1 42984210536
42984079464 1 42984210537
42984079464 1 43000922217
42984079466 7 42984145000
42984079466 1 42984210536
42984144994 1 42984210530
42984144997 1 42984210530
42984144998 1 43000987750
42984145000 1 42984210535
42984145000 15 42984210536
42984145000 4 42984210537
42984145001 1 42984210537
42984145002 12 42984210536
42984145003 1 42984210537
42984210530 1 42984276066
42984210533 1 42984276066
42984210535 1 42984276071
42984210536 1 42984276071
42984210536 14 42984276072
42984210536 8 42984276073
42984210536 2 42984341609
42984210537 1 42984276071
42984210537 9 42984276073
42984210538 10 42984276072
42984210539 6 42984276073
42984276066 1 42984341602
42984276071 2 42984341607
42984276072 9 42984341608
42984276072 6 42984341609
42984276073 3 42984341607
42984276073 24 42984341609
42984276074 3 42984341608
42984276075 17 42984341609
42984341607 1 42986111135
42984341607 1 42986242204
42984341607 1 42986242207
42984341609 6 42984341611
42984341609 1 42986111135
42984341609 13 42986111138
42984341609 5 42986242207
42984341609 11 42986242210
42984341609 1 42986242213
42984341609 1 43002757282
42984341609 1 47281209509
42984341611 3 42986111138
42984341611 1 42986242207
42984341611 9 42986242210
42984341611 1 42986242213
42984341611 1 47281209509
42985980069 1 42986111141
42986111135 2 42986242207
42986111138 2 42986242207
42986111138 14 42986242210
42986111141 4 42986242210
42986111141 7 42986242213
42986242207 1 42986242210
42986242210 6 42986242213
43000070527 1 43016913517
43000070558 1 43016913567
43000070558 1 43016913569
43000070559 1 43016913569
43000070589 1 38721946322
43000070591 1 43000791142
43000070591 1 43016913569
43000725608 5 43000791144
43000725610 3 43000791144
43000791135 1 38722994929
43000791142 1 43000856678
43000791143 1 43000856678
43000791144 3 43000856680
43000791144 3 43000856681
43000791144 1 43000922215
43000791145 1 43000856681
43000856678 1 43002364060
43000856679 1 43000922214
43000856680 2 43000922215
43000856680 2 43000922217
43000856681 3 43000922217
43000856681 1 43002364063
43000856683 1 43000922217
43000922214 1 43000987750
43000922215 1 43000987750
43000922215 3 43000987751
43000922217 4 43000987751
43000922217 6 43000987753
43000922219 3 43000987753
43000987750 1 43001053284
43000987750 1 43002495138
43000987751 4 43001053287
43000987753 1 43001053287
43000987753 4 43001053289
43000987753 1 43002626207
43000987753 2 43002626210
43000987755 1 43001053289
43001053284 1 43002626201
43001053287 3 43002757276
43001053287 1 43002757279
43001053289 3 43002757282
43001053289 1 43002888351
43001053291 1 43001118825
43001053291 1 43002626210
43001118825 1 43002757285
43001118827 1 43002757285
43002364060 1 43002495129
43002364063 1 43002495132
43002495129 1 43002626198
43002495132 1 43002626202
43002495138 1 43002626210
43002495141 1 43002626213
43002626201 1 38707789974
43002626202 1 43019534490
43002626205 1 43019534490
43002626207 1 43002757279
43002626210 2 43002757282
43002626210 1 43002757285
43002626213 2 43002757282
43002626213 1 43002757283
43002626213 2 43002757285
43002757276 3 43002888348
43002757279 1 43002888348
43002757279 1 43002888349
43002757282 2 43002888351
43002757282 9 43002888354
43002757283 1 43002888355
43002757285 5 43002888354
43002757285 2 43002888357
43002757285 1 43002888358
43002757285 1 47297855654
43002888348 1 43003019418
43002888348 3 43003019420
43002888349 1 43003019421
43002888351 1 43003019421
43002888351 2 43003019424
43002888354 1 43003019423
43002888354 8 43003019426
43002888354 3 43003019427
43002888355 1 43003019428
43002888357 1 43003019426
43002888357 2 43003019429
43002888357 1 43003019430
43002888358 1 43003019427
43002888358 1 43003019428
43016847742 1 43016913463
43016913463 1 38738789201
43016913467 1 43033756503
43016913515 1 38738789201
43016913517 1 43033756503
43016913518 1 43033756503
43016913519 1 43033756581
43016913567 1 38722012219
43016913569 1 43016979439
43016913569 1 43016979441
43016913569 1 43033756500
43016979439 1 38739771988
43016979441 1 43034739246
43017962108 1 43034805115
43018094180 1 43035918497
43019534490 1 38724698261
43033756500 1 43051516380
43033756503 1 43051516421
43033756503 1 47329706503
43033756581 1 43034739246
43034739246 2 43034805005
43034739247 1 43034805005
43034805005 1 43051647987
43034805005 1 43051648062
43034805062 1 43034870925
43034805115 1 43034871080
43034870925 1 43051714032
43034870927 1 43051714134
43034871080 1 43034937128
43034937128 1 47329970408
43034937430 1 47314108581
43034937431 1 47314108581
43035918497 1 43036115033
43051516380 1 38773391968
43051516383 1 43068359269
43051516421 1 43051582106
43051516422 1 43051582106
43051582106 1 38756680523
43051647987 1 43051713836
43051647988 1 43051713833
43051648066 1 43051713833
43051713833 1 43051779600
43051713836 1 47346746783
43051714032 1 38756812655
43051714134 1 43051714135
43051779600 1 43051845545
43051845545 1 43051845546
43068359269 1 43068424887
43068359270 1 43068424887
43068424887 1 38773523131
43068424888 1 38773523131
47245754472 1 47262531690
47262203905 4 47262204010
47262204008 1 25770917943
47262204008 2 47262204010
47262204008 1 47262269544
47262204010 1 25770917943
47262204010 1 47262269544
47262269441 4 47262269546
47262269441 1 47262334977
47262269544 1 21475950644
47262269544 2 47262269546
47262269544 2 47262335080
47262269546 1 21475950644
47262269546 1 47262334977
47262269546 1 47262335080
47262334977 2 47262400513
47262335080 1 42967433317
47262335080 1 42967433320
47262335080 3 47262400616
47262335080 2 47262400618
47262335082 1 42967433317
47262335082 1 42967433320
47262335082 2 47262400513
47262335082 3 47262400616
47262335082 2 47262400618
47262400513 2 47262400618
47262400513 1 47262466049
47262400616 2 47262400618
47262400616 1 47262466049
47262400616 3 47262466152
47262400618 2 47262466049
47262400618 2 47262466152
47262400618 2 47262466154
47262466049 1 47262466154
47262466049 1 47262531585
47262466152 2 47262466154
47262466152 2 47262531688
47262466154 1 47245754472
47262466154 1 47262531585
47262466154 2 47262531688
47262466154 2 47262531690
47262531585 1 47262531690
47262531688 3 47262531690
47278194864 1 47278915585
47278194864 1 47278915690
47278194864 1 47295692801
47278194864 2 47295692906
47278194865 1 34275329
47278194865 1 50397537
47278194865 2 51052545
47278194865 2 47278194881
47278194865 2 47278915585
47278194865 2 47278915690
47278194865 2 47295037824
47278194865 1 47295692801
47278194865 4 47295692906
47278194880 4 34275329
47278194880 1 50397537
47278194880 4 51052545
47278194880 3 42983948392
47278194880 1 43000070527
47278194880 1 43000070591
47278194880 5 43000725608
47278194880 1 43016847742
47278194880 1 47278194881
47278194880 7 47278915585
47278194880 16 47278915688
47278194880 14 47278915690
47278194880 3 47295037824
47278194880 1 47295037856
47278194880 1 47295037857
47278194880 2 47295037888
47278194880 2 47295692801
47278194880 3 47295692904
47278194880 13 47295692906
47278194880 1 47311815008
47278194880 1 47311815009
47278194881 3 34275329
47278194881 1 50397537
47278194881 3 47278915585
47278194881 1 47278915690
47278194896 2 34275329
47278194896 1 50397537
47278194896 1 50397569
47278194896 1 21542666291
47278194896 3 42983948392
47278194896 2 43000070558
47278194896 1 43000070589
47278194896 9 47278915585
47278194896 8 47278915688
47278194896 9 47278915690
47278194897 1 34275329
47278194897 1 42983948389
47278194897 1 43000070559
47278194912 1 34275329
47278194912 1 43000070559
47278194912 1 43000070591
47278194912 1 47278915585
47278915585 1 34275434
47278915585 9 34340865
47278915585 1 51118088
47278915585 1 67895298
47278915585 2 47262203905
47278915585 117 47278915690
47278915585 60 47278981121
47278915585 2 47278981224
47278915585 17 47278981226
47278915585 1 47279046762
47278915688 1 34340865
47278915688 1 51118082
47278915688 1 67895298
47278915688 1 42984013920
47278915688 2 42984013925
47278915688 4 42984013928
47278915688 2 47262203905
47278915688 72 47278981121
47278915688 127 47278981224
47278915688 21 47278981226
47278915688 1 47295758440
47278915688 1 47295758442
47278915690 10 34340865
47278915690 1 51118082
47278915690 1 51118088
47278915690 2 42984013925
47278915690 4 42984013928
47278915690 4 47262203905
47278915690 129 47278981121
47278915690 128 47278981224
47278915690 65 47278981226
47278915690 1 47279046762
47278915690 1 47295758440
47278915690 3 47295758442
47278981121 4 34406401
47278981121 1 21492727863
47278981121 2 47262269441
47278981121 45 47278981226
47278981121 59 47279046657
47278981121 22 47279046762
47278981224 1 42967302245
47278981224 9 42984079464
47278981224 3 47262269441
47278981224 17 47279046657
47278981224 122 47279046760
47278981224 25 47279046762
47278981226 5 34406401
47278981226 1 21492727863
47278981226 1 42967302245
47278981226 9 42984079464
47278981226 5 47262269441
47278981226 75 47279046657
47278981226 124 47279046760
47278981226 107 47279046762
47278981226 1 47279177836
47278981226 2 47295823978
47279046657 7 34471937
47279046657 1 34471938
47279046657 1 34428027710
47279046657 1 47262334977
47279046657 9 47279046762
47279046657 38 47279112193
47279046657 20 47279112298
47279046760 9 42984145000
47279046760 5 47262335080
47279046760 1 47279046762
47279046760 3 47279112193
47279046760 75 47279112296
47279046760 1 47279112297
47279046760 37 47279112298
47279046760 2 47279112299
47279046760 1 47279177834
47279046762 8 34471937
47279046762 1 34471938
47279046762 9 42984145000
47279046762 1 47262334977
47279046762 5 47262335080
47279046762 41 47279112193
47279046762 1 47279112194
47279046762 75 47279112296
47279046762 1 47279112297
47279046762 140 47279112298
47279046762 12 47279112299
47279046762 4 47279112300
47279046762 1 47279177730
47279046762 1 47279177834
47279046762 3 47279177835
47279046762 3 47295889515
47279112193 4 34537473
47279112193 1 34537474
47279112193 1 47262400513
47279112193 20 47279177729
47279112193 1 47279177730
47279112193 13 47279177834
47279112193 1 47279243370
47279112194 1 34537474
47279112296 9 42984210536
47279112296 3 42984210537
47279112296 45 47279177832
47279112296 4 47279177833
47279112296 15 47279177834
47279112297 1 47279177833
47279112298 4 34537473
47279112298 2 34537474
47279112298 10 42984210536
47279112298 1 42984210537
47279112298 1 47262400513
47279112298 1 47262400616
47279112298 20 47279177729
47279112298 6 47279177730
47279112298 45 47279177832
47279112298 5 47279177833
47279112298 128 47279177834
47279112298 23 47279177835
47279112298 7 47279177836
47279112298 1 47279243370
47279112298 2 47279243371
47279112298 1 47279243372
47279112299 1 47279177833
47279112299 6 47279177835
47279112299 2 47279177836
47279112299 3 47295955051
47279112299 1 47296020588
47279112300 1 34537474
47279112300 3 47279177835
47279112300 6 47279177836
47279112300 1 47295955051
47279112300 1 47296020588
47279177729 2 34603009
47279177729 1 34603010
47279177729 2 34668546
47279177729 7 47279243265
47279177729 1 47279243266
47279177729 8 47279243370
47279177730 3 34603010
47279177730 1 8659533863
47279177730 4 47279243372
47279177832 1 42967498856
47279177832 3 42984276072
47279177832 3 42984276073
47279177832 1 42984341609
47279177832 19 47279243368
47279177832 5 47279243369
47279177832 11 47279243370
47279177832 1 47279243371
47279177832 1 47279308905
47279177833 4 42984276073
47279177833 2 47279243371
47279177834 2 34603009
47279177834 1 34603010
47279177834 2 34668546
47279177834 1 42967498856
47279177834 3 42984276072
47279177834 3 42984276073
47279177834 1 42984341609
47279177834 1 47262466154
47279177834 7 47279243265
47279177834 7 47279243266
47279177834 19 47279243368
47279177834 5 47279243369
47279177834 98 47279243370
47279177834 31 47279243371
47279177834 9 47279243372
47279177834 1 47279308905
47279177834 1 47279308907
47279177834 2 47279308908
47279177835 1 25838093071
47279177835 5 42984276073
47279177835 28 47279243371
47279177835 4 47279243372
47279177835 1 47279308907
47279177836 3 34603010
47279177836 17 47279243371
47279177836 19 47279243372
47279177836 2 47296020588
47279243265 2 34668545
47279243265 1 34668546
47279243265 3 47279308801
47279243265 1 47279308906
47279243266 3 34668546
47279243266 1 43034937430
47279243266 2 47279308802
47279243266 2 47279308908
47279243368 1 42984341608
47279243368 1 42984341609
47279243368 1 47262531688
47279243368 1 47262531690
47279243368 5 47279308904
47279243368 2 47279308905
47279243368 7 47279308906
47279243368 1 47279308907
47279243369 4 42984341609
47279243369 1 47279308907
47279243370 2 34668545
47279243370 3 34668546
47279243370 1 42984341608
47279243370 1 42984341609
47279243370 1 47262531688
47279243370 2 47262531690
47279243370 3 47279308801
47279243370 6 47279308802
47279243370 7 47279308904
47279243370 3 47279308905
47279243370 55 47279308906
47279243370 24 47279308907
47279243370 10 47279308908
47279243371 7 42984341609
47279243371 1 42984341611
47279243371 1 42986242213
47279243371 1 47279243372
47279243371 1 47279308905
47279243371 46 47279308907
47279243371 8 47279308908
47279243371 1 47296086123
47279243372 3 34668546
47279243372 1 43034937430
47279243372 5 47279308802
47279243372 21 47279308907
47279243372 34 47279308908
47279243372 1 47296086124
47279308801 3 47279308906
47279308802 1 36306945
47279308802 1 36438017
47279308802 1 36569089
47279308802 1 36569093
47279308802 7 47279308908
47279308904 4 47279308906
47279308905 1 42986111138
47279308905 4 47279308907
47279308907 1 36569089
47279308907 2 42985980069
47279308907 5 42986111138
47279308907 7 42986111141
47279308907 6 42986242210
47279308907 6 42986242213
47279308907 16 47279308908
47279308907 1 47280947365
47279308907 5 47281078437
47279308907 3 47281078440
47279308907 6 47281209509
47279308907 3 47281209512
47279308908 1 36306945
47279308908 5 36438017
47279308908 9 36569089
47279308908 1 36569093
47279308908 1 42986111141
47279308908 1 42986242210
47279308908 3 42986242213
47279308908 1 47280947368
47279308908 1 47281078273
47279308908 12 47281078440
47279308908 2 47281209345
47279308908 4 47281209509
47279308908 3 47281209512
47279308908 1 47297724584
47280947365 1 47281078440
47280947368 2 47281078440
47281078273 1 36569089
47281078437 1 42986242213
47281078437 4 47281209509
47281078440 2 36569089
47281078440 2 47281209345
47281078440 1 47281209509
47281078440 12 47281209512
47281209345 4 47281209512
47281209509 2 47281209512
47295037824 1 43016913519
47295037824 2 47311880816
47295037856 1 47311880868
47295037857 1 51052545
47295037888 1 51052545
47295037888 1 43000791145
47295037888 1 47295692906
47295692801 3 47295758442
47295692904 1 43000791144
47295692904 2 47295758442
47295692906 1 43000791144
47295692906 17 47295758442
47295692906 1 47295758443
47295692906 1 47295758444
47295692906 1 47295823979
47295758440 1 47295823978
47295758442 1 47295823874
47295758442 1 47295823976
47295758442 7 47295823978
47295758442 5 47295823979
47295758442 2 47295823980
47295758442 2 47295889515
47295758442 2 47295889516
47295758443 1 47295823979
47295758444 1 47295823979
47295758444 1 47295823980
47295823874 1 47295889410
47295823976 1 43000922217
47295823978 1 51249154
47295823978 1 43000922217
47295823978 1 47295889513
47295823978 5 47295889515
47295823978 2 47295889516
47295823979 7 47295889515
47295823980 1 47295889410
47295823980 3 47295889515
47295823980 3 47295889516
47295889410 1 51314690
47295889513 1 43000987753
47295889515 1 43000987753
47295889515 1 43002495141
47295889515 15 47295955051
47295889515 1 47297462437
47295889516 1 51314690
47295889516 1 52822017
47295889516 6 47295955051
47295889516 6 47295955052
47295889516 1 47297462437
47295955051 2 43001053291
47295955051 3 43002626213
47295955051 11 47296020587
47295955051 1 47296020588
47295955051 1 47297593512
47295955052 1 8659533863
47295955052 3 47296020587
47295955052 7 47296020588
47296020587 3 43002757282
47296020587 3 43002757285
47296020587 1 47296086123
47296020587 4 47297724581
47296020588 1 52953089
47296020588 1 53084161
47296020588 1 53215233
47296020588 2 47296086124
47296020588 2 47297724417
47296020588 2 47297724581
47296020588 2 47297724584
47296086123 1 43002757282
47296086123 1 43002757285
47296086124 1 53084161
47296086124 1 47297724417
47296086124 1 47297724584
47297462437 1 43002626213
47297462440 1 47297593512
47297593512 1 47297724582
47297593512 1 47297724584
47297724417 3 53215233
47297724581 1 43002888357
47297724581 4 47297855653
47297724582 1 43002888358
47297724584 3 53215233
47297724584 1 47297855653
47297724584 4 47297855656
47297724584 1 47297855657
47297855653 2 47297986725
47297855653 1 47297986726
47297855653 1 47297986728
47297855654 1 47297986726
47297855656 1 47297986726
47297855656 4 47297986728
47297855657 1 47297986729
47297986726 2 47297986729
47297986728 1 47297986729
47311815008 1 43016913467
47311815009 1 67240509
47311815040 1 67240509
47311880713 1 47328723724
47311880816 1 67306409
47311880816 1 84083547
47311880868 1 47311946742
47311946742 1 47329706583
47312995424 1 43018094180
47313061400 1 43035983967
47328723724 1 43051516383
47328723880 1 47329706544
47329706503 1 101909097
47329706544 1 47346549519
47329706583 1 43034805062
47329706584 1 43034805062
47329772359 1 43034870927
47329772360 1 43034870927
47329838694 1 43035983967
47329970408 1 4381278219
47346549519 1 43051647988
47346549520 1 43051647988
47346746783 1 118949364
