67240457 1 67306487
67240508 1 67306487
67306487 1 68289233
68289113 1 68355058
68289233 1 69468165
68355002 1 68421147
68355002 1 68421148
68355058 1 69468171
68421145 1 69468163
68421146 1 69468163
68421147 1 69468167
68421148 1 69468170
69468165 1 69599241
69468167 1 69599242
69468170 1 69599245
69468171 1 69599245
69599241 1 69730315
69599242 1 69795848
69599245 1 69795850
69599245 1 4364894220
69730315 1 69861386
69795848 1 69926919
69795850 1 4364894217
69861386 1 70189064
84017569 1 84083391
84017569 1 84083392
84017620 1 84083391
84017620 1 84083392
84017621 1 84083547
84083391 4 85066249
84083392 1 85066290
84083393 1 85066251
84083547 1 68289113
84083547 2 85066329
84083624 1 68289113
84083624 1 85066329
85066248 1 85131993
85066249 1 85132049
85066249 1 85132050
85066249 2 85132106
85066251 1 4380099406
85066289 1 85132105
85066289 2 85132106
85066290 1 85132109
85066328 1 85132105
85066329 2 68355002
85066329 1 85132217
85066368 1 85132217
85131993 1 85197894
85131993 1 85197972
85131994 1 85197897
85131994 1 85197974
85131997 1 4380165277
85132049 1 85197972
85132049 1 85198049
85132049 1 85198050
85132050 1 85198050
85132050 1 85198053
85132051 1 85198053
85132105 1 85198207
85132106 1 85198208
85132106 1 85198209
85132109 1 4380165588
85132165 1 4380165588
85132217 1 68421145
85197894 1 85263971
85197894 1 85263972
85197897 1 85263977
85197972 1 85264073
85197974 1 85263976
85198049 1 85264175
85198050 1 85264175
85198050 1 85264278
85198051 1 85264278
85198053 1 85264283
85198127 1 85264276
85198207 1 86441992
85198208 1 4381409290
85198209 1 4381409290
85263971 1 85329917
85263972 1 85330039
85263976 1 4380297460
85263977 1 4380297343
85264073 1 85330157
85264175 1 86310915
85264276 1 86310913
85264278 1 86310917
85264283 1 4381278220
85329917 1 85396304
85330039 1 85396459
86310913 1 86310916
86310915 1 86310916
86310917 1 86310918
86441992 1 4381540361
100729057 1 100794733
100729057 1 100794785
100729088 1 100794785
100794733 1 84083393
100794733 3 100860451
100794733 1 100860452
100794733 1 100860529
100794733 2 100860530
100794733 1 100860531
100794734 1 100860531
100794784 1 100860451
100794784 1 100860529
100794785 2 84083391
100794836 1 84083391
100860451 1 101843345
100860451 3 101843385
100860451 1 47346483680
100860452 1 101843385
100860452 1 101843386
100860529 1 100860530
100860529 3 101843425
100860530 1 101843386
100860531 1 101843386
100860531 1 101843427
100860606 2 101843425
101843345 1 101909041
101843345 1 101909042
101843345 1 101909097
101843345 1 101909098
101843345 1 101974877
101843384 1 101909041
101843384 1 101974877
101843385 3 101909097
101843385 1 101909153
101843385 2 101909154
101843385 1 101909155
101843386 1 101909155
101843386 2 101909156
101843424 1 101909097
101843424 1 101909153
101843425 2 85131994
101843425 1 101909209
101843426 1 101909156
101843427 1 85131997
101909041 1 101974797
101909041 1 101974875
101909041 1 101974876
101909042 1 101974799
101909042 1 101974801
101909042 1 101974878
101909096 1 101974797
101909097 1 101974876
101909097 3 101974954
101909098 1 101974878
101909153 1 101974953
101909154 1 101974955
101909154 1 101975033
101909156 1 4380165196
101909156 1 4396942335
101909209 1 85197894
101974797 1 102040573
101974799 1 102040679
101974801 1 102040683
101974875 1 102040676
101974875 1 102040778
101974876 1 102040677
101974877 1 102040781
101974878 1 102040681
101974878 1 102040785
101974953 1 102040881
101974954 1 102040780
101974954 1 102040881
101974954 2 102040882
101974955 1 102040884
101974956 1 102040785
101975033 1 102041087
102040573 1 102106410
102040574 1 102106410
102040577 1 102106295
102040579 1 102106297
102040676 1 102106411
102040677 1 102106533
102040679 1 102106415
102040681 1 4397073715
102040683 1 4397073720
102040778 1 102106532
102040780 1 102106654
102040781 1 102106657
102040785 1 4397073958
102040879 1 102106769
102040881 1 102106772
102040882 1 102106654
102040882 1 102106775
102040884 1 102106777
102041087 1 102107016
102106295 1 102172156
102106297 1 4397139454
102106409 1 102172298
102106410 1 102172299
102106411 1 102172453
102106415 1 102172307
102106532 1 102172606
102106533 1 102172455
102106654 1 102172762
102106654 1 102172763
102106657 1 4397140063
102106769 1 102172907
102106772 1 102172910
102106777 1 4397140367
102107016 1 85396156
102172299 1 102172300
102172455 1 102172456
102172910 1 102173062
117506241 4 100794733
117506241 1 117506272
117506241 1 117506273
117506241 6 117571897
117506272 3 100794733
117506272 5 117571897
117506273 1 100794733
117571845 2 117637511
117571845 1 117637512
117571896 1 117637511
117571897 2 117637511
117571897 2 117637512
117571897 5 117637589
117571897 4 117637590
117571898 1 117637591
117571899 1 117637591
117637511 2 118620481
117637511 7 118620521
117637511 1 118620522
117637512 2 118620482
117637512 3 118620522
117637588 1 118620521
117637589 1 101843345
117637589 4 118620521
117637589 2 118620561
117637589 2 118620562
117637590 1 101843345
117637590 1 118620561
117637590 5 118620562
117637591 1 118620521
117637666 1 118620521
117637666 1 118620561
118620481 4 118686089
118620481 3 118686145
118620481 2 118686146
118620482 1 118686148
118620482 1 118686149
118620483 1 118686149
118620520 1 118686089
118620521 4 118686145
118620521 4 118686201
118620521 10 118686202
118620521 1 118686203
118620522 2 118686148
118620522 1 118686201
118620522 1 118686203
118620522 1 118686204
118620560 1 118686201
118620561 2 101909042
118620561 2 118686201
118620561 1 118686202
118620561 1 118686257
118620561 1 118686258
118620562 1 118686203
118620562 1 118686258
118620562 1 118686259
118620562 1 118686260
118620562 2 118686261
118620600 1 118686201
118686089 2 118751702
118686089 1 118751779
118686091 1 118751707
118686145 1 118751779
118686145 2 118751780
118686145 2 118751781
118686145 1 118751857
118686145 1 118751858
118686145 1 118751859
118686145 1 43068424814
118686145 1 47363392112
118686146 4 118751781
118686146 1 118751859
118686146 1 118751939
118686148 2 4413719082
118686148 1 4413719161
118686149 1 4413719008
118686201 1 118686257
118686201 1 118751857
118686201 1 118751858
118686201 2 118751936
118686201 2 118751937
118686201 1 47363392267
118686202 1 118751859
118686202 1 118751860
118686202 1 118751861
118686202 2 118751937
118686202 4 118751938
118686202 2 118751939
118686203 1 118751861
118686203 1 118751863
118686203 1 118751940
118686204 1 4413719160
118686204 1 4413719161
118686256 1 118686312
118686257 1 118751935
118686257 1 118751936
118686257 1 118752013
118686257 1 118752015
118686258 1 118752015
118686258 1 118752016
118686259 2 118751940
118686259 1 118752016
118686260 1 4413719316
118686261 1 4396942104
118686312 1 118751935
118686312 1 118752013
118751701 1 118817280
118751702 1 118817281
118751702 1 118817282
118751705 1 4430561800
118751707 1 4430561803
118751779 1 118817381
118751779 1 118817382
118751779 1 118817483
118751779 2 118817485
118751780 1 118817485
118751780 1 118817486
118751781 1 118817385
118751781 1 118817386
118751781 1 118817387
118751781 1 118817488
118751782 1 118817387
118751782 1 118817488
118751856 1 118817381
118751857 1 118817484
118751857 1 118817587
118751858 1 118817484
118751858 1 118817486
118751858 1 118817587
118751858 1 118817588
118751859 1 118817487
118751859 1 118817590
118751860 1 118817590
118751861 1 118817592
118751863 1 4413784895
118751935 1 118817688
118751936 1 118817689
118751936 1 118817690
118751937 1 118817589
118751937 1 118817591
118751937 1 118817691
118751938 1 118817591
118751938 1 118817593
118751938 3 118817694
118751939 1 118817593
118751939 2 118817695
118751939 1 4397007880
118751940 1 4397007880
118751940 1 4413784992
118751940 1 4413784993
118752013 1 118817789
118752015 1 102040577
118752016 1 102040579
118817280 1 118882786
118817281 1 118882790
118817282 1 118882789
118817282 1 118882790
118817381 1 118883025
118817381 1 118883026
118817382 1 118882906
118817385 1 118882912
118817386 1 118883034
118817387 1 4413850212
118817389 1 4413850334
118817483 1 118883026
118817483 1 47363523400
118817484 1 118883148
118817485 2 118883029
118817485 1 118883148
118817485 1 118883273
118817486 1 118883031
118817486 1 118883151
118817487 1 118883031
118817488 1 118883033
118817488 1 118883034
118817587 1 118883268
118817588 1 118883151
118817589 1 118883272
118817590 1 118883153
118817590 1 118883274
118817591 1 118883274
118817591 1 4413850571
118817592 1 4413850453
118817593 1 4413850574
118817687 1 118883386
118817688 1 118883387
118817689 1 118883269
118817690 1 118883269
118817690 1 118883390
118817691 1 118883391
118817694 3 4413850693
118817695 1 4413850695
118817695 1 4413850696
118817789 2 118883506
118882785 1 118948299
118882786 1 118948300
118882789 1 118948305
118882790 1 135725369
118882906 1 118948300
118882912 1 118948461
118883025 1 118948450
118883026 1 118948450
118883026 1 118948604
118883026 1 118948762
118883029 1 118948608
118883029 1 118948610
118883031 2 118948611
118883033 1 4413915910
118883034 1 4413915762
118883148 1 118948758
118883151 1 118948765
118883151 1 118948917
118883153 1 4413916215
118883268 1 118948911
118883269 1 118949064
118883272 1 118948918
118883274 1 4413916216
118883386 1 118949211
118883387 1 118949213
118883390 1 118949218
118883391 1 118949221
118883506 1 118949363
118948450 1 118948602
118948918 1 118949070
134217840 1 47378923712
134217840 1 47395700896
134283393 1 151126173
134283425 2 134348957
134283425 1 134348958
134283425 9 134349009
134283425 3 134349061
134283425 1 134414571
134283425 1 151126173
134283456 2 134348957
134283456 7 134349009
134283456 3 134349061
134283456 1 134414571
134283456 1 43084022071
134283457 1 117571898
134283457 1 134349061
134283458 1 117571898
134283459 1 4429316361
134283488 1 134349061
134348957 4 134414493
134348957 1 151191710
134348958 1 134414495
134349008 1 134414493
134349009 1 134414493
134349009 1 134414494
134349009 2 134414495
134349009 7 134414571
134349009 1 134414572
134349009 1 134414573
134349009 1 134414650
134349060 1 134414571
134349061 1 117637511
134349061 1 117637512
134349061 2 134414649
134349061 2 134414650
134349061 2 134414651
134414493 1 135397577
134414493 1 135397617
134414493 2 152567812
134414493 2 152567815
134414493 2 152567818
134414493 1 152698890
134414493 1 152698893
134414494 1 4430757907
134414494 1 8742633503
134414495 1 4447535127
134414495 1 8742633503
134414495 1 8742633505
134414496 1 8742633505
134414570 1 135397617
134414570 1 152698890
134414571 6 135397617
134414571 3 135397657
134414571 1 8725725217
134414571 1 47380037873
134414572 2 135397617
134414572 1 135397618
134414572 1 34444804607
134414573 1 135397619
134414649 1 134414650
134414649 3 135397657
134414649 2 135397697
134414649 2 135397698
134414650 1 118620481
134414650 1 135397658
134414650 2 135397698
134414651 2 135397698
134414651 1 135397699
134414726 1 135397697
134414727 1 118620481
134414728 1 118620481
135397577 1 135463081
135397577 2 135463082
135397577 1 152240298
135397577 1 152567812
135397577 1 152567815
135397577 1 152567818
135397578 1 135463140
135397578 1 4430757907
135397579 1 4447207598
135397579 1 4447535133
135397617 1 135397658
135397617 1 135463137
135397617 1 135463138
135397617 3 135463193
135397617 4 135463194
135397617 2 135463195
135397617 1 135528606
135397617 1 135790605
135397618 1 135463138
135397618 1 135463139
135397618 2 135463195
135397618 1 47380431015
135397657 2 135463193
135397657 3 135463194
135397657 1 135463195
135397657 1 135463249
135397657 2 135463250
135397657 2 135463251
135397658 1 135463195
135397658 1 135463196
135397658 2 135463251
135397658 1 8725725217
135397696 1 135463305
135397697 2 135463305
135397697 2 135463306
135397698 1 118686091
135397698 1 135397699
135397698 1 135463307
135397698 1 135463308
135397699 1 135463309
135397700 1 8725463295
135463081 1 152305666
135463082 1 152305668
135463137 1 135528527
135463138 1 135528530
135463138 1 135528605
135463140 1 135528533
135463192 1 135528527
135463193 2 135528606
135463193 1 135528683
135463193 1 135528685
135463193 1 135528761
135463193 2 135528763
135463194 1 135528607
135463194 1 135528685
135463194 2 135528686
135463194 1 135528763
135463194 2 135528764
135463194 1 135528921
135463195 2 135528687
135463195 1 135528688
135463195 1 135528845
135463196 1 4430495986
135463248 1 135528683
135463249 1 135528762
135463249 1 135528840
135463249 1 47380169172
135463250 1 135528764
135463250 1 135528765
135463251 1 135528766
135463251 2 135528844
135463305 1 118751701
135463305 2 135528839
135463305 1 135528840
135463305 1 135528917
135463305 2 135528918
135463306 1 118751705
135463306 1 135528920
135463307 1 118751705
135463307 1 135528922
135463308 1 4430496143
135463309 1 4430496145
135463360 1 135528839
135463360 1 135528840
135528450 1 4447993867
135528527 2 136118275
135528527 1 43085660253
135528528 1 4447993867
135528530 1 4447862796
135528530 1 43102568535
135528533 1 4447862800
135528605 1 43085791324
135528606 1 135593987
135528606 1 135593988
135528606 1 135987203
135528607 1 135593989
135528683 1 135593986
135528683 1 135593987
135528683 2 135594088
135528685 2 135593989
135528685 1 135594091
135528686 1 135593992
135528686 1 135594093
135528687 2 4430561290
135528688 1 4430561290
135528688 1 4430561291
135528761 1 135528839
135528761 1 135594292
135528761 1 47380234648
135528762 1 135594192
135528763 1 135594090
135528763 1 135594094
135528764 1 135594092
135528764 1 135594094
135528764 1 135594194
135528765 1 135594197
135528766 1 4430561394
135528838 1 135594291
135528839 1 135594291
135528839 1 135594292
135528839 2 135594395
135528840 1 135594295
135528840 1 135594395
135528840 1 135594396
135528844 1 4430561495
135528844 1 4430561597
135528845 1 4413784587
135528917 1 135594394
135528918 1 135594396
135528918 1 135594497
135528920 1 135594502
135528921 1 118817389
135528922 1 4430561699
135593985 1 135987202
135593986 1 135987205
135593987 2 135987205
135593988 1 135987205
135593989 2 135987207
135593992 1 4430954507
135594088 1 135856131
135594088 1 135856132
135594089 1 135856131
135594090 1 135856133
135594091 1 135987207
135594092 1 135856136
135594093 1 135856136
135594094 1 4430823436
135594094 1 8725921810
135594192 1 135856133
135594194 1 135856135
135594195 1 135856136
135594197 1 4430954513
135594291 1 135659642
135594292 1 135659643
135594295 1 135659650
135594296 1 135659650
135594394 1 135659882
135594395 2 135659764
135594396 1 135659768
135594396 1 135659886
135594497 1 135659886
135594502 1 4430627189
135659526 1 135856133
135659764 1 135725063
135659764 1 135725215
135659768 1 4430692366
135659880 1 135725058
135659882 1 135725212
135659884 1 135725215
135659886 1 135725218
135659886 1 135725370
135856129 2 135987202
135856129 1 135987203
135856131 1 135856132
135856132 1 135856134
135856132 4 135987205
135856133 1 135856134
135856134 3 135987207
135856136 2 135856138
135856137 1 135856138
135987201 1 135987204
135987201 1 136118275
135987203 1 135987205
135987204 1 135987205
135987204 1 136118275
151060609 3 151126121
151060640 1 151126121
151126121 1 151126224
151126121 2 151191553
151126121 1 151191554
151126121 1 151191555
151126122 1 151191555
151126173 3 151191553
151126173 1 151191631
151126173 1 151191632
151126173 1 151191710
151126224 3 151191553
151191553 2 152829956
151191553 1 152829962
151191553 1 4447797267
151191554 1 152829965
151191554 1 4447797267
151191555 1 4447928348
151191631 1 152698893
151191631 2 152829956
151191631 1 152829962
151191631 1 4447797276
151191632 1 152829962
151191632 1 4447797276
151191708 1 152829956
151191709 1 152698893
151191710 1 4447666192
151191710 1 4447666204
152174633 1 152567813
152174633 1 153288712
152174634 1 152567816
152174634 1 152567820
152174673 1 152240185
152174673 1 152567809
152174673 1 152567810
152174673 1 153288707
152174673 1 47380431018
152174713 1 152240129
152174713 1 152240130
152174713 1 152240186
152174713 1 152567814
152174713 1 152567817
152174713 1 152698886
152174713 1 153288707
152174714 2 152240131
152174714 1 152567817
152174714 1 152567819
152174714 1 152567822
152174715 1 152240133
152174715 1 4447535121
152174753 2 152240185
152174753 1 152240186
152174753 1 152567810
152174753 2 152567814
152174754 1 152240186
152174754 1 152240188
152174754 1 152240298
152174754 1 4447666199
152174754 1 47380431015
152174793 1 152240242
152174793 2 152240297
152174793 3 152240298
152174793 1 152567812
152174793 2 152567815
152174793 3 152567818
152174794 1 152240244
152174794 1 152240298
152174794 1 152240301
152174794 1 4447535124
152174794 1 4447535127
152174795 1 152240245
152174795 1 4447207541
152174795 1 4447535127
152174795 1 4447535130
152240129 1 153288709
152240130 1 4448256009
152240131 1 152240188
152240131 1 4448256011
152240185 1 152305666
152240185 2 153157635
152240186 1 152305666
152240186 1 153157639
152240186 2 4448256009
152240187 1 8743223314
152240188 1 8743223314
152240242 1 4447993866
152240244 1 152240300
152240297 1 152305666
152240297 1 152305667
152240298 1 135528527
152240298 1 152305667
152240298 2 152305668
152240298 1 152305669
152240298 1 4447993866
152240299 2 152305669
152240299 1 152567821
152305666 2 152895491
152305666 1 43085660254
152305667 1 152895493
152305667 1 153026567
152305668 2 4447993865
152305668 1 4447993867
152305669 1 4447993867
152305669 1 4447993869
152567809 1 152698882
152567809 1 152698886
152567810 1 152698884
152567813 1 152698889
152567814 1 152698884
152567814 1 152698887
152567814 1 152698889
152567815 1 152698890
152567816 1 152698894
152567817 1 152698890
152567817 2 152698891
152567818 2 152698893
152567821 1 4447666192
152567822 1 4447666193
152698882 1 152829955
152698884 2 152829956
152698886 2 152829956
152698887 1 152829962
152698889 1 152829961
152698889 1 152829962
152698890 1 152829962
152698890 1 152829965
152698891 1 152829965
152698894 1 4447797265
152764420 1 152895492
152764420 1 152895493
152829954 1 152961027
152829955 1 152961028
152829956 1 152961028
152829961 1 152961034
152895491 2 152895493
152895492 1 152895493
152895493 1 152895494
152895494 1 153026567
152895496 2 4447993865
152895498 1 4447993867
152895498 1 4447993868
153026564 2 153157635
153026564 1 153157637
153026568 1 153157639
153026568 1 4448124937
153026568 1 4448124938
153157636 1 153288707
153157636 2 153288708
153157636 1 153288709
153157637 1 153157638
153157637 1 153288709
153157640 1 4448256009
153288707 1 153288709
4364435487 1 8659533860
4364894217 1 4364894219
4364894218 1 4364894219
4364894220 1 4365025292
4365025292 1 4365025294
4365025293 1 4365025294
4380165196 1 12971212826
4380165588 1 4364435487
4380297343 1 4381278225
4381278220 1 4381409293
4381409290 1 4381540365
4397007880 1 4397073723
4397073715 1 4397139763
4397074076 1 85396306
4413719082 1 4413784590
4413719082 1 4413784692
4413719160 1 4413784793
4413719161 1 4413784795
4413719316 1 4413785099
4413784587 1 4413850219
4413784992 1 4413850697
4413784993 1 4413850698
4413850219 1 8708883375
4413850334 1 4413916223
4413850453 1 4413916222
4413850571 1 4413916373
4413850574 1 4413916225
4413916226 1 4413916378
4429316361 1 4429382030
4429316362 1 4429382030
4429382030 1 135397700
4430430382 1 135528530
4430496143 1 4430561604
4430561290 2 4430954510
4430561291 1 4430954511
4430561394 1 8725921812
4430561495 1 8725921813
4430561597 1 8725790737
4430561699 1 8725790743
4430561800 1 8725790745
4430626953 1 8725790737
4430627073 1 4430627193
4430627073 1 8725790743
4430627189 1 4430692377
4430627192 1 8725790745
4430823434 1 4430954507
4430823436 1 4430954510
4430823436 2 4430954511
4430823438 1 4430954513
4430823438 1 8725921810
4430823440 1 4430823442
4430823440 1 8725921812
4430823440 1 8725921814
4430823441 1 4430823442
4430823441 1 8725921813
4447142095 1 4430430382
4447142095 1 47380431018
4447207541 1 4447207597
4447535121 1 4447666196
4447535124 1 4447666204
4447535127 1 8742633503
4447535130 1 8742633503
4447535133 1 8742633505
4447666193 1 4447797267
4447666196 1 4447797271
4447666196 1 4447797273
4447666199 1 4447797276
4447731722 1 4447862796
4447797265 1 4447928340
4447797270 1 4447797273
4447797270 1 4447928348
4447862794 3 4447993867
4447862794 2 4447993868
4447862796 1 4447993869
4447928340 1 4464836633
4447993866 1 4447993868
4448124937 1 4448256009
4448124937 1 4448256011
4448124938 1 4448124940
4448124938 1 4448256011
4448124938 1 4448256012
4448124944 1 8743223314
8658223793 1 43085136204
8658289716 1 43085201638
8691975395 1 8692041268
8708620749 1 8708686465
8708686465 1 8708752198
8708686466 1 8708752198
8708752198 1 8708817880
8708817880 1 4413916226
8725332297 1 8708620749
8725463295 1 8725528806
8725528806 1 4430823441
8725594260 1 4430823441
12986745245 1 12986811002
12986811002 1 12986876785
12986876785 1 8691975395
17265067111 1 17265133093
17265133093 1 17265199144
17265199144 1 17265265537
17265199145 1 17265265537
17281910107 1 17281976002
17281910108 1 17281976002
17281976002 1 17282042146
21542076963 1 21558920067
21558854076 1 21558919912
21558919912 1 25854870006
21558920067 1 21559902789
21559902789 1 21559968614
21559968614 1 25855001944
21575565552 1 21575631289
21575631239 1 21575696970
21575631289 1 21575697045
21575631290 1 21575697045
21575696970 1 21576745606
21575696971 1 21576745606
21575697045 1 21576679923
21575697046 1 21576679923
21576679885 1 21576745604
21576679923 1 17265067111
21576745604 1 21576811469
21576745606 1 21576811396
21576811396 1 25871844607
21576811469 1 17281910107
21592342737 2 21575631239
21609119921 1 21609185568
21609185568 1 21609251169
21609251169 1 25888424278
21609251170 1 25888424278
21625897105 1 25920929976
21625897106 1 25920929976
21625962523 1 21627404377
21627011213 1 21627076694
21627011213 1 21627404377
21627076694 1 25922699316
25836978514 1 25837044313
25837044313 1 25837110306
25837110306 1 25838092952
25838092952 1 25838158922
25838158922 1 30134239340
25854870006 1 25871713015
25855001944 1 25855068106
25855068106 1 25855134114
25855134114 1 25856114743
25870598537 1 25870664269
25870664269 1 25871647183
25870664270 1 25871647183
25871647183 1 25871712904
25871712904 1 25871778774
25871713015 1 25871778928
25871778774 1 25871844615
25871778928 1 25871844916
25871844607 1 25871910370
25871844615 1 30166877797
25871844916 1 25871910853
25871910370 1 25871976460
25871910853 1 25871977074
25871910854 1 25871977074
25871976460 1 25871976461
25888424278 1 25888489951
25888424279 1 25888489953
25888489951 1 25888555598
25888489953 1 25888555600
25888555600 1 25888621319
25888621319 1 25888686873
25888686873 1 30183719919
25888686993 1 30183719919
25905201375 1 25905266945
25905201375 1 30200561774
25905266945 1 30217666628
25920929976 1 25920995527
25920995527 1 30200561774
25922699316 1 25922699318
25922699317 1 25922699319
25922699318 1 25922699319
30134239340 1 30134370417
30134239352 1 30134370418
30134370417 1 34429796425
30134370418 1 25822756970
30151016569 1 30134370415
30166877797 1 30166943928
30166878163 1 25855200166
30200758337 1 30217666628
30200758337 1 30217666629
34429206661 1 34429337724
34444804607 1 34444870404
34444870404 1 34444936400
34444936400 1 38739969922
34445068492 1 30134370409
34445068492 1 34445068493
34445068614 1 34446049352
34445068615 1 34446049352
34446049352 1 34446049354
34461647564 1 34461713457
34461713457 1 34461779422
34461779422 1 30166878163
34461779429 1 34461845467
34461779430 1 34461845467
34461844872 1 34461844992
34461844991 1 34461844992
34461845467 1 30150167626
34461911239 1 34461911240
34461911542 1 34461911543
34478358879 1 34478424555
34478358919 1 34478424555
34478424555 1 34478490286
34478490286 1 38773523334
34478621367 1 34478621368
34478687236 1 34478687237
34495267190 1 38790234487
34495332636 1 34495594566
34495397977 1 34495594566
34495397977 1 34495594567
34495725643 1 34495725645
34495725643 1 34512633929
34512306312 1 34512437375
38723126877 1 38724173972
38724173972 1 38724305037
38724173975 1 38724305044
38724305044 1 38724436112
38724436112 1 38724567181
38724436113 1 38724567181
38724567181 1 34429927501
38739903624 1 38739903702
38739903701 1 38739969818
38739903702 1 38739969818
38739903779 1 34445983874
38739903780 1 34445983874
38739903781 1 38739970022
38739903934 1 34429206661
38739904011 1 34429206661
38739969617 1 30134370409
38739969818 1 34445068614
38739969819 1 34445068614
38740035677 1 30134370415
38740035677 1 38740035678
38755434748 1 38755500440
38755500440 1 38755566256
38755566256 1 38756549080
38756549080 1 34461647564
38756549081 1 34461647564
38756614809 1 38756680681
38756680605 1 38756680606
38756680679 1 38756680680
38756680681 1 34461779429
38756680682 1 38756680683
38756746318 1 38756746319
38756746425 1 34461844872
38756746530 1 38756812294
38756746632 1 38756812531
38756746632 1 38756812533
38756746632 1 38756812534
38756746633 1 38756812534
38756746734 1 38756812654
38756812058 1 38756878090
38756812294 1 34461911239
38756812295 1 38756878690
38756812416 1 34461911240
38756812533 1 34461911542
38756812534 1 34461911542
38756812654 1 34445134630
38756812773 1 34445134630
38756878244 1 38756878245
38756878395 1 38756878396
38773391970 1 38756680524
38773457505 1 38773457583
38773457506 1 38773457583
38773457511 1 38773523128
38773457586 1 38773457587
38773457589 1 38773523230
38773457589 1 38773523232
38773457666 1 38773457744
38773457666 1 38773523433
38773457667 1 38773523432
38773457667 1 38773523434
38773457744 1 38756746318
38773457744 1 38773523432
38773457745 1 38773523434
38773523128 1 38773523129
38773523131 1 34478621367
38773523134 1 38773588671
38773523135 1 38773588671
38773523336 1 38773589026
38773523338 1 38773523339
38773523338 1 38773588909
38773523432 1 38773523433
38773523438 1 38773589026
38773523439 1 38773589149
38773523440 1 38773589149
38773588554 1 38773654089
38773588555 1 38773654089
38773588671 1 38773654082
38773588909 1 34478687236
38773589029 1 34478687236
38773589152 1 38773589272
38773589153 1 38773654995
38773589154 1 38773655000
38773654700 1 38773654701
38773654850 1 38773654851
38773654995 1 38773654996
38773655000 1 38773655001
38773655002 1 38773655003
38789120381 1 38790103355
38790103355 1 38790168959
38790168849 1 38807011392
38790168850 1 38790234254
38790168850 1 38807011392
38790168959 1 38790234488
38790168960 1 38790234488
38790168961 1 34495267190
38790168961 1 38790234487
38790168962 1 34495267190
38790168962 1 38790234487
38790234254 1 38790234255
38790234337 1 34512633929
38790234415 1 38790299733
38790234487 1 38790234488
38790234488 1 34495332636
38790234492 1 38790299833
38790234493 1 38790299939
38790234566 1 38790234567
38790234649 1 38790300037
38790234649 1 38790300140
38790299733 1 34512633929
38790299737 1 34495725647
38790299737 1 38790692945
38790299738 3 38790692945
38790299739 1 38790692945
38790299840 1 34495725646
38790299939 1 38790561872
38790299940 1 38790561872
38790300044 1 38790561872
38790300045 1 38790561872
38790300140 1 38790300141
38790300145 1 38790365644
38790365285 1 38790561872
38790365285 1 38790561874
38790365290 1 38790561876
38790365290 1 38790561878
38790365407 1 38790561872
38790365529 1 38790365530
38790365648 1 38790430844
38790430844 1 38790430845
38790561874 1 38790561876
38790561875 1 34495725646
38790561875 1 38790561876
38790561875 1 38790561877
38790561875 1 38790692945
38790561875 1 38790692946
38790561877 2 38790692945
38790561877 1 38790692946
38790692947 1 38790824016
38790692951 1 38790824020
38807011396 1 38807011397
38807273616 1 38807404685
38807273617 1 38807404682
38807273617 2 38807404685
38807273620 1 38807404688
38807273620 1 38807404689
38807404688 1 38807535754
38807404689 1 38807535755
38807404692 1 38807535760
38807404692 1 38807535761
38807404693 1 38807535760
38807535755 1 34512699527
38807535761 1 38807666829
38807601237 2 38807732308
38807732309 1 38807863378
38807732311 1 38807863380
38807732311 1 38807863382
38807863381 1 38807994452
38807863382 1 38807863383
38807863382 1 38807994454
43016913466 1 43016979442
43016979442 1 43017962189
43016979444 1 43017962151
43017962151 1 43018028127
43017962189 1 43018028178
43018028127 1 43019141286
43018028178 1 38724173975
43018028179 1 38724173975
43019141286 1 43019272356
43019272356 1 43019403428
43019403428 1 43019599967
43019599967 1 43019731038
43019731038 1 43019731040
43033624863 1 43016913466
43033690579 1 43033756425
43033690579 1 43033756504
43033756424 1 43034739246
43033756425 1 43034739245
43033756425 1 43034739246
43033756426 1 43034739247
43033756504 1 43034739286
43034739206 1 43034805004
43034739207 1 43034805006
43034739245 1 43034805114
43034739246 1 43034805059
43034739246 1 43034805114
43034739247 1 43034805062
43034739247 1 43034805172
43034739286 1 43034805173
43034739287 1 43034805173
43034805002 1 38739903624
43034805004 1 43034805060
43034805006 1 43034871005
43034805007 1 43034871005
43034805059 1 38739903779
43034805059 1 38739903781
43034805060 1 38739903781
43034805062 1 43034937328
43034805063 1 43034871161
43034805114 1 38739903934
43034805115 1 38739903934
43034805172 1 38723126877
43034805173 1 38723126877
43034870926 1 43034937024
43034870927 1 43034937024
43034871005 1 43034937126
43034871161 1 43034937331
43034871162 1 43034937331
43034871318 1 43035918500
43034936923 1 43035002985
43034937024 1 43035003103
43034937027 1 43035003109
43034937028 1 43035003109
43034937126 1 43035003224
43034937127 1 43035003224
43034937328 1 43035983959
43034937331 1 43035983963
43035002863 1 43035069241
43035002985 1 43035069245
43035003103 1 43035069545
43035003109 1 43035069555
43035069241 1 43035069242
43035069245 1 43035069396
43035918500 1 43036115037
43035983959 1 38741147734
43035983963 1 43036115034
43036115034 1 43036115036
43036115037 1 43019468894
43050402047 1 43050467741
43050467741 1 43050533560
43050467742 1 43050533484
43050467743 1 43050533484
43050467743 3 43050533485
43050467743 1 43050533486
43050467743 1 43050533563
43050467794 1 43033756424
43050467795 1 43033756424
43050533484 2 43051516381
43050533485 1 43051516342
43050533485 2 43051516381
43050533485 3 43051516382
43050533486 1 43051516382
43050533486 7 43051516383
43050533560 1 43051516421
43050533563 1 43034739206
43050533564 2 43051516383
43051516342 1 43051582052
43051516342 1 43051582108
43051516343 1 43051582053
43051516343 2 43051582054
43051516343 2 43051582110
43051516381 1 43051582106
43051516381 1 43051582107
43051516381 1 43051582162
43051516382 1 43051582106
43051516382 1 43051582107
43051516382 1 43051582108
43051516382 1 43051582162
43051516382 2 43051582164
43051516382 1 43051582165
43051516383 2 43051582109
43051516383 4 43051582110
43051516383 1 43051582164
43051516383 1 43051582165
43051516383 4 43051582166
43051516383 1 43051582167
43051516421 1 43034805002
43051516423 1 43034870926
43051516423 1 43051582166
43051582052 1 43051647904
43051582053 1 43051647829
43051582054 1 43051647829
43051582054 1 43051647830
43051582054 1 43051647907
43051582106 1 38756680679
43051582107 1 38756680682
43051582108 1 43051647905
43051582108 1 43051647983
43051582109 1 43051647905
43051582109 1 43051647906
43051582109 2 43051647983
43051582109 1 43051647984
43051582110 1 43051647906
43051582110 2 43051647908
43051582110 2 43051647909
43051582110 1 43051647986
43051582110 1 43051647987
43051582111 1 43051647909
43051582162 1 38756680760
43051582163 1 38756680760
43051582164 1 43051648060
43051582164 1 43051648061
43051582165 1 43051648060
43051582165 1 43051648061
43051582165 1 43051648063
43051582166 2 43051648064
43051582166 1 43051648065
43051582166 1 43051648143
43051582167 1 43051648065
43051582167 1 43051648066
43051582167 1 43051648143
43051647828 1 43051713624
43051647829 1 43051713624
43051647829 1 43051713626
43051647829 1 43051713627
43051647829 1 43051713728
43051647830 1 43051713627
43051647830 1 43051713730
43051647831 1 43051713730
43051647832 1 43051713631
43051647832 1 43051713732
43051647832 1 43051713733
43051647904 1 38756746425
43051647905 1 38756746530
43051647906 1 43051713828
43051647907 1 43051713728
43051647907 1 43051713828
43051647908 1 43051713728
43051647908 1 43051713830
43051647908 1 43051713831
43051647909 1 43051647987
43051647909 1 43051713833
43051647983 2 38756746632
43051647984 2 38756746632
43051647986 1 43051713832
43051647986 1 43051713933
43051647987 1 43051713832
43051647987 1 43051713934
43051648060 1 38739969617
43051648061 1 38756746734
43051648063 1 43051714033
43051648064 1 43051714033
43051648064 1 43051714137
43051648064 1 43051714138
43051648065 1 43051714033
43051648065 1 43051714037
43051648066 1 43051714038
43051648066 1 43051714039
43051648142 1 43051714137
43051648143 1 43034936923
43051713624 1 38756812058
43051713625 1 38756812058
43051713626 1 43051779356
43051713631 1 43051779484
43051713725 1 38756812295
43051713726 1 38756812295
43051713728 2 43051779476
43051713730 1 43051779479
43051713732 1 43051779482
43051713733 1 43051779483
43051713828 1 38756812416
43051713830 1 43051779596
43051713831 1 43051779597
43051713832 1 43051779720
43051713833 1 43051779720
43051713835 1 43051779604
43051713933 1 43051779837
43051713934 1 43051779720
43051713935 1 43051779720
43051713937 1 43051779844
43051713938 1 43051779844
43051714033 1 30151016569
43051714033 1 43051779955
43051714037 1 43051780081
43051714038 1 43051779963
43051714039 1 43051780083
43051714137 1 43035002863
43051714138 1 43051780079
43051779356 1 38756877941
43051779358 1 43051845240
43051779365 1 43051845402
43051779476 1 38756878093
43051779476 1 38756878244
43051779479 1 43051845395
43051779480 1 43051845395
43051779482 1 43051845398
43051779483 1 43051845401
43051779484 2 43051845401
43051779596 1 38756878395
43051779597 1 38756878398
43051779604 1 43051845706
43051779605 1 43051845556
43051779720 1 43051845700
43051779720 2 43051845852
43051779837 1 43051845999
43051779840 1 43051845852
43051779844 1 43051846011
43051779845 1 43051846011
43051779955 1 38756879004
43051779956 1 38756879004
43051779963 1 43051846313
43051780079 1 43051846459
43051780080 1 43051846459
43051780081 1 43051846310
43051780082 1 43051846310
43051780083 1 43051846313
43051780084 1 43051846313
43051845402 1 43051845403
43051845552 1 43051845553
43051845852 1 43051846004
43067179231 1 43050467743
43067179231 1 43067179232
43067179231 1 43067244855
43067179231 2 43067244906
43067179231 4 43067244907
43067179232 1 43050467743
43067179232 1 43067244855
43067179232 4 43067244906
43067179232 7 43067244907
43067244855 5 43067310545
43067244855 1 43067310546
43067244906 1 43050533484
43067244906 1 43067310544
43067244906 1 43067310545
43067244906 2 43067310622
43067244907 1 43050533484
43067244907 2 43050533485
43067244907 1 43050533486
43067244907 2 43067310545
43067244907 2 43067310546
43067244907 1 43067310622
43067244907 6 43067310623
43067244907 4 43067310624
43067244959 1 43050533485
43067310543 1 43068293556
43067310544 1 43068293478
43067310544 1 43068293518
43067310545 1 12986745245
43067310545 4 43068293478
43067310545 1 43068293517
43067310545 4 43068293518
43067310546 1 43068293478
43067310546 5 43068293479
43067310546 1 43068293518
43067310546 4 43068293519
43067310622 1 43068293518
43067310622 1 43068293557
43067310623 1 43051516342
43067310623 4 43068293518
43067310623 3 43068293558
43067310624 2 43051516343
43067310624 2 43068293519
43067310624 2 43068293558
43067310624 3 43068293559
43068293478 2 43068293518
43068293478 2 43068359156
43068293479 2 43068293519
43068293479 1 43068359157
43068293479 8 43068359158
43068293517 1 43068359155
43068293518 1 43068359155
43068293518 1 43068359156
43068293518 2 43068359157
43068293518 1 43068359211
43068293518 6 43068359212
43068293518 1 43068359213
43068293519 2 43068359157
43068293519 5 43068359158
43068293519 1 43068359159
43068293519 4 43068359213
43068293519 7 43068359214
43068293519 2 43068359215
43068293556 1 38756614809
43068293557 1 38773391970
43068293558 2 43068359267
43068293558 1 43068359268
43068293558 1 43068359269
43068293559 2 43068359214
43068293559 4 43068359269
43068293559 3 43068359270
43068359102 1 43068424733
43068359103 1 43068424813
43068359155 1 38773457508
43068359156 1 38773457511
43068359156 1 43068424808
43068359157 1 43068424809
43068359157 1 43068424810
43068359157 1 43068424811
43068359158 2 43068424811
43068359158 6 43068424812
43068359158 1 43068424813
43068359158 1 43068424888
43068359158 1 43068424890
43068359158 1 43068424891
43068359158 1 43068424966
43068359158 1 43068424967
43068359159 1 43068424813
43068359159 2 43068424891
43068359211 1 38773457666
43068359212 2 38773457589
43068359212 1 43068424886
43068359212 1 43068424887
43068359212 1 43068424964
43068359212 1 43068424965
43068359213 1 38756680605
43068359213 1 43068424887
43068359213 1 43068424889
43068359213 1 43068424965
43068359213 1 43068424966
43068359213 2 43068424967
43068359214 1 38756680605
43068359214 1 43068424888
43068359214 2 43068424889
43068359214 1 43068424890
43068359214 3 43068424967
43068359214 3 43068424968
43068359214 1 43068424969
43068359215 2 43068424891
43068359215 1 43068424892
43068359215 2 43068424969
43068359215 1 43068424970
43068359267 1 38773457666
43068359267 1 38773457744
43068359268 1 38773457666
43068359268 1 38773457667
43068359269 1 43051647828
43068359269 2 43051647829
43068359269 1 43068425042
43068359270 2 43051647829
43068359270 1 43068424967
43068359270 2 43068425046
43068359270 2 43068425047
43068359271 1 43068424970
43068359271 2 43068425047
43068424733 1 43068424811
43068424734 1 43068424812
43068424735 1 43068490334
43068424735 1 43068490436
43068424736 1 43068490436
43068424808 1 38773523131
43068424809 1 38773523134
43068424809 1 43068490534
43068424810 1 38773523134
43068424810 1 43068490433
43068424810 1 43068490635
43068424811 1 43068490331
43068424811 3 43068490433
43068424811 1 43068490635
43068424812 1 43068424891
43068424812 1 43068490331
43068424812 1 43068490433
43068424812 4 43068490435
43068424812 1 43068490537
43068424813 1 43068490436
43068424813 1 43068490437
43068424813 1 43068490538
43068424814 1 43068490438
43068424814 1 43068490641
43068424886 1 38773523232
43068424886 1 43068424964
43068424887 1 38773523338
43068424888 1 38773523338
43068424888 1 43068490635
43068424889 1 38773523338
43068424889 1 43068424967
43068424889 1 43068490638
43068424890 1 43068424968
43068424890 1 43068490537
43068424890 1 43068490638
43068424890 1 43068490639
43068424891 1 43051713726
43068424891 2 43068490538
43068424891 1 43068490539
43068424891 1 43068490540
43068424891 2 43068490640
43068424892 1 43068490539
43068424892 1 43068490540
43068424892 1 43068490643
43068424964 1 38773523336
43068424965 1 38773523439
43068424966 1 38773523542
43068424966 1 43068490739
43068424967 1 38773523542
43068424967 1 43068425045
43068424967 1 43068490637
43068424967 1 43068490638
43068424967 1 43068490738
43068424967 2 43068490739
43068424967 1 43068490740
43068424968 2 43068490638
43068424968 1 43068490639
43068424968 1 43068490740
43068424968 1 43068490741
43068424969 3 43068490743
43068424970 1 43068490744
43068425042 1 38773523538
43068425043 1 38773523538
43068425044 1 43051713725
43068425045 1 43051713725
43068425046 2 43068490843
43068425047 1 43068490844
43068425047 1 43068490846
43068425048 2 43068490846
43068490331 1 38773588554
43068490334 1 43068555855
43068490337 1 43068556214
43068490433 1 43068555851
43068490433 2 43068555971
43068490434 1 43068555971
43068490435 1 43068555853
43068490435 1 43068555854
43068490435 1 43068555974
43068490435 1 43068556094
43068490436 1 43068555975
43068490436 1 43068556093
43068490436 1 43068556094
43068490437 1 43068555976
43068490438 1 43068555979
43068490439 1 118883025
43068490439 1 43068555979
43068490439 1 43068555980
43068490534 1 38773589026
43068490534 1 43068556213
43068490535 1 38773589026
43068490537 2 43068556094
43068490538 1 43068556095
43068490538 1 43068621698
43068490539 1 43068556217
43068490540 1 43068556217
43068490540 1 43068556218
43068490541 1 43068556094
43068490635 1 38756812054
43068490635 1 38773589152
43068490636 1 38756812054
43068490637 1 43068556332
43068490638 1 43068556212
43068490638 1 43068556331
43068490638 1 43068556333
43068490639 1 43068556214
43068490639 1 43068556333
43068490640 1 43068556214
43068490640 1 43068556215
43068490641 1 43068556454
43068490643 1 43068556220
43068490643 1 43068556339
43068490643 1 43068556340
43068490644 1 43068556340
43068490738 1 38773589153
43068490739 1 38773589153
43068490739 1 38773589154
43068490739 1 43068556451
43068490740 1 43068556451
43068490741 1 43068556334
43068490743 1 43068556337
43068490743 2 43068556457
43068490744 1 43068556453
43068490744 1 43068556457
43068490744 1 43068556458
43068490843 1 43051779358
43068490843 1 43068556573
43068490844 1 43068556575
43068490846 1 43068556578
43068490846 1 43068556579
43068555851 1 38773654091
43068555853 1 38773653937
43068555853 1 38773654094
43068555854 1 43068621393
43068555971 1 38773654090
43068555971 1 38773654243
43068555974 1 43068621393
43068555975 1 43068621394
43068555976 1 43068621395
43068555979 1 43068621399
43068555979 1 43068621550
43068555980 1 43068621550
43068555980 1 43068621554
43068556091 1 38773654243
43068556093 1 38773654393
43068556094 1 38773654393
43068556094 1 43068621545
43068556094 1 43068621697
43068556094 1 43068621849
43068556095 2 43068621697
43068556101 1 43068622311
43068556212 1 38773654700
43068556213 1 43068622005
43068556214 2 43068621848
43068556214 1 43068621849
43068556215 1 43068621848
43068556218 1 43068621855
43068556220 1 43068622010
43068556331 1 38773654850
43068556332 1 38773654850
43068556332 1 38773654853
43068556333 1 38773654853
43068556333 1 43068621999
43068556334 1 43068622152
43068556337 1 43068622157
43068556339 1 43068556340
43068556339 1 43068622008
43068556340 1 43068622008
43068556340 1 43068622162
43068556451 1 38773654850
43068556451 1 38773655002
43068556453 1 43068556454
43068556454 1 38756878244
43068556455 1 38756878244
43068556457 2 43068622157
43068556457 1 43068622158
43068556458 1 43068622158
43068556458 1 43068622310
43068556573 1 43068556574
43068556575 1 43068622458
43068556576 1 43068622458
43068556578 1 43051845246
43068556579 1 43068622464
43068621403 1 43068621404
43068622008 1 43068622009
43083956384 1 43100799183
43083956414 1 43084022067
43083956415 1 43084021966
43083956415 4 43084022018
43083956415 2 43084022019
43083956415 4 43084022070
43083956416 4 43084022018
43083956416 3 43084022019
43083956416 4 43084022070
43083956447 2 43067244855
43083956447 2 43067244906
43083956447 2 43084022071
43083956448 2 43067244855
43083956448 1 43084022070
43083956448 2 43084022071
43084021966 1 43100864741
43084021967 1 43100864744
43084022018 1 43084087526
43084022018 2 43084087604
43084022018 2 43084087605
43084022019 3 43084087527
43084022019 1 43084087528
43084022019 2 43084087604
43084022019 4 43084087605
43084022019 2 43084087606
43084022019 2 43084087684
43084022067 1 38789120381
43084022070 1 43067310544
43084022070 4 43084087682
43084022071 1 43067310545
43084022071 3 43067310546
43084022071 2 43084087682
43084022071 2 43084087683
43084087526 1 34512437375
43084087527 1 38807404682
43084087527 2 38807404685
43084087527 1 43085070614
43084087528 1 152567815
43084087528 1 43085070575
43084087528 1 43085463704
43084087604 1 34512306306
43084087604 1 43085070613
43084087604 1 43085070654
43084087605 1 38790496397
43084087605 1 43085070613
43084087605 3 43085070614
43084087605 1 43085070654
43084087606 1 43085070614
43084087606 4 43085070615
43084087606 2 43085070655
43084087682 3 43085070653
43084087682 1 43085070654
43084087682 1 43085070693
43084087683 1 43085070654
43084087683 3 43085070694
43084087684 1 43085070654
43084087684 6 43085070655
43084087684 1 43085070694
43084087684 1 43085070695
43084087762 1 43068293519
43084087762 1 43085070695
43085070574 1 38807273616
43085070574 1 38807273617
43085070574 1 38807273618
43085070574 1 43085136092
43085070574 1 43101913307
43085070575 1 43085136094
43085070575 1 43085463713
43085070613 1 34512306306
43085070613 1 34512306312
43085070613 1 38790168849
43085070613 1 38790168850
43085070613 1 43085136202
43085070614 1 38790496397
43085070614 1 43085136148
43085070614 1 43085136149
43085070614 3 43085136204
43085070614 2 43085136205
43085070614 1 43085463704
43085070615 3 43085136149
43085070615 1 43085136150
43085070615 2 43085136205
43085070615 4 43085136206
43085070615 1 43085463707
43085070653 2 38790168961
43085070653 1 43085136204
43085070653 1 43085136258
43085070653 1 47380431015
43085070654 1 43085136203
43085070654 1 43085136205
43085070654 1 43085136259
43085070654 1 43085136261
43085070655 1 43085136205
43085070655 3 43085136206
43085070655 5 43085136261
43085070655 4 43085136262
43085070693 1 43085136314
43085070694 3 43085136316
43085070694 1 43085136317
43085070695 1 43085136317
43085070695 1 43085136319
43085136092 1 38807011396
43085136094 1 43085201560
43085136094 1 43085201561
43085136095 1 43085201561
43085136148 1 43085201635
43085136149 1 43085136206
43085136149 1 43085201558
43085136149 1 43085201636
43085136150 1 43085201636
43085136150 1 43085201637
43085136151 2 43085201560
43085136151 2 43085201561
43085136151 1 43085201640
43085136202 1 38790234254
43085136202 1 38790234493
43085136203 1 38790234415
43085136203 1 38790234493
43085136204 1 38790234337
43085136204 1 38790234415
43085136204 1 43085201638
43085136204 2 43085201713
43085136205 1 43085201635
43085136205 1 43085201636
43085136205 1 43085201637
43085136205 2 43085201714
43085136205 1 43085201715
43085136206 1 43085201637
43085136206 1 43085201638
43085136206 2 43085201714
43085136206 2 43085201715
43085136206 2 43085201716
43085136206 1 43085201717
43085136206 3 43085201794
43085136207 1 43085201714
43085136207 2 43085201717
43085136207 1 43085201950
43085136258 1 38790234489
43085136259 1 38790234492
43085136260 1 38773457505
43085136261 1 38773457586
43085136261 1 43085136318
43085136261 2 43085201793
43085136261 1 43085201869
43085136261 1 43085267239
43085136262 1 43068424811
43085136262 1 43085201793
43085136262 1 43085201794
43085136262 1 43085201795
43085136262 1 43085201872
43085136262 2 43085201873
43085136262 1 43085201950
43085136263 2 43085201795
43085136263 1 43085201873
43085136263 1 43085201950
43085136314 1 38790234566
43085136316 2 38790234649
43085136316 1 43068424809
43085136316 1 43085201946
43085136317 1 43085201869
43085136317 1 43085201871
43085136317 1 43085201948
43085136318 1 43068424810
43085136318 1 43085201871
43085136319 1 43068424735
43085136319 1 43085201873
43085201558 1 38790824020
43085201560 2 38807732308
43085201561 1 43085660251
43085201561 2 43085791324
43085201562 2 43085791324
43085201635 1 38790692949
43085201635 1 38790824016
43085201636 1 38790299737
43085201636 1 38790692947
43085201637 1 38790692949
43085201637 1 38790824022
43085201638 1 153157642
43085201638 1 38790824022
43085201638 1 43085201717
43085201639 1 43085267040
43085201640 1 43085267042
43085201640 1 43085660254
43085201713 1 38790299737
43085201713 1 38790299738
43085201714 1 38790299738
43085201714 1 38790299840
43085201714 1 43085267138
43085201715 1 38790299840
43085201715 1 43085267139
43085201715 1 43085267140
43085201716 1 43085267140
43085201716 2 43085267142
43085201717 1 43085267040
43085201717 1 43085267042
43085201717 1 43085267142
43085201793 1 43085267240
43085201793 1 43085267241
43085201794 1 43085267140
43085201794 2 43085267141
43085201794 1 43085267244
43085201795 1 43085267244
43085201795 1 43085267245
43085201795 1 43085267246
43085201795 1 43085267343
43085201795 1 43085267346
43085201796 2 43085267246
43085201796 1 43085267247
43085201796 1 43085267346
43085201796 1 43085332714
43085201869 1 38790300044
43085201869 1 43085267443
43085201870 1 38790300044
43085201870 1 43085267443
43085201871 1 43085267444
43085201872 1 43085267343
43085201873 1 43085267343
43085201873 3 43085267346
43085201873 1 43085267450
43085201873 1 43085267550
43085201874 1 43085267450
43085201946 1 38790300145
43085201948 1 43085267545
43085201950 1 43068490439
43085201950 1 43068490534
43085201952 1 43085267451
43085267040 1 43085660250
43085267042 2 43085660252
43085267043 1 43085660254
43085267044 1 43085660254
43085267138 1 38790561879
43085267139 1 38790561879
43085267140 1 38790692950
43085267140 1 43085529175
43085267141 1 43085529175
43085267141 1 43085529177
43085267142 1 43085529177
43085267142 2 43085529179
43085267144 1 43085660252
43085267145 1 4397074076
43085267239 1 38790561874
43085267240 1 38790561876
43085267241 1 38790561876
43085267241 1 38790561878
43085267244 1 43085529178
43085267245 1 43085529178
43085267246 1 43085332594
43085267246 1 43085529182
43085267247 2 43085529182
43085267343 1 38790365529
43085267343 1 43085267344
43085267346 1 43085332711
43085267346 1 43085332712
43085267346 1 43085332829
43085267346 1 43085332832
43085267347 1 43085332712
43085267347 1 43085332832
43085267443 1 38790365527
43085267444 1 38790365529
43085267445 2 38790365529
43085267450 1 38790561872
43085267450 1 43085332954
43085267451 2 43085332956
43085267452 1 43085332956
43085267545 1 38790365648
43085267546 1 38790365648
43085267550 1 43068555853
43085332587 1 38790561878
43085332592 2 43085529178
43085332595 1 43085529182
43085332596 2 43085529182
43085332596 1 43085529184
43085332712 1 43085332713
43085332715 1 38790561879
43085332716 1 43085398461
43085332829 1 43085332830
43085332830 1 38790561872
43085332830 1 43085332950
43085332832 1 43085398156
43085332833 1 43085332834
43085332954 1 43085398312
43085332956 2 43085398314
43085398461 1 43085398462
43085529175 1 43085529176
43085529175 1 43085529177
43085529176 1 43085529177
43085529177 1 38790692950
43085529177 1 38790692952
43085529177 1 43085529178
43085529177 1 43085529179
43085529178 1 43085529179
43085529179 1 43085529180
43085529179 1 43085660250
43085529181 2 43085660252
43085529181 1 43085660254
43085529183 1 43085660254
43085529183 2 43085660256
43085660247 1 38790824022
43085660251 1 43085660253
43085660251 1 43102568535
43085660251 1 43102568536
43085660253 3 43085791324
43100733599 2 43100799130
43100733599 2 43100799183
43100733600 2 43100799183
43100799079 1 43102634139
43100799130 1 38807666829
43100799130 1 43100864586
43100799131 1 43100864588
43100799183 4 43100864665
43100799183 1 43100864666
43100864586 1 43101847709
43100864587 1 34512699527
43100864587 1 38807535760
43100864588 1 43101847711
43100864588 1 43102503064
43100864588 1 43102503067
43100864665 1 38807535754
43100864665 1 38807535760
43100864665 2 43102371995
43100864666 1 43102371998
43100864666 1 43102372004
43100864741 1 43101847789
43100864742 1 43101847789
43100864744 1 43102371998
43101847631 1 43102240930
43101847631 1 43102961753
43101847669 1 43102240918
43101847669 1 43102240921
43101847671 1 38807994453
43101847671 2 43102240927
43101847671 3 43102240930
43101847671 1 43102961753
43101847671 1 43102961755
43101847671 1 43102961756
43101847709 1 38807273620
43101847709 1 43101913138
43101847709 1 43101913139
43101847710 1 43101913138
43101847710 2 43101913139
43101847710 1 43101913197
43101847710 1 43102240919
43101847710 1 43102240922
43101847710 1 43102240925
43101847711 1 43101913141
43101847711 2 43101913142
43101847711 1 43101913197
43101847711 2 43102240928
43101847711 1 43102240931
43101847750 1 38807273620
43101847750 1 43101913251
43101847750 1 43101913252
43101847750 1 43101913253
43101847750 1 43102240919
43101847750 1 43102240925
43101847751 1 43101913198
43101847751 1 43101913253
43101847751 1 43101913254
43101847751 1 43102240925
43101847751 2 43102240928
43101847751 1 43102240932
43101847790 1 38807273617
43101847790 1 43101913251
43101847790 1 43101913253
43101847790 1 43102240923
43101847790 1 43102240926
43101847791 1 43101913253
43101847791 1 43101913254
43101847791 2 43101913310
43101847791 1 43102240926
43101847791 1 43102240929
43101913138 1 43101913139
43101913139 1 34513027149
43101913140 1 34513027149
43101913141 1 43101913198
43101913142 1 43102961752
43101913197 1 38807994452
43101913197 1 38807994454
43101913198 1 38807994454
43101913198 1 43102830680
43101913199 1 43102830684
43101913251 1 43101913307
43101913252 1 38807732305
43101913253 1 38807863378
43101913253 1 38807863380
43101913253 1 43101978697
43101913254 1 38807863378
43101913254 1 43101913311
43101913255 1 43102699614
43101913307 1 43101913308
43101913309 1 43101978697
43101913310 1 43101978697
43101913310 1 43101978698
43101913311 1 43101978700
43101913311 1 43102699614
43101978697 2 38807732310
43101978698 1 38807732310
43101978698 1 43102699610
43101978700 2 43102699614
43102240918 1 38807404692
43102240919 1 38807404692
43102240919 1 38807404693
43102240923 1 43102371995
43102240925 1 43102371992
43102240925 1 43102371994
43102240925 1 43102371995
43102240927 1 43102371997
43102240927 1 43102372000
43102240928 1 43102371997
43102240928 2 43102371998
43102240928 1 43102372000
43102240929 1 43102371998
43102240930 1 43102372000
43102240930 2 43102372003
43102240931 1 43102372004
43102240932 2 43102372004
43102371994 1 43102503064
43102371997 1 43102503066
43102371997 1 43102503067
43102371997 1 43102503069
43102372000 1 43102503069
43102372000 1 43102503070
43102372000 1 43102503072
43102372003 1 43102503075
43102372003 1 43102503076
43102503066 1 43102634136
43102503069 1 43102634139
43102503069 1 43102634142
43102503072 1 43102634142
43102503075 1 43102634145
43102503076 1 43102634145
43102568535 2 38807732310
43102568535 1 43102568537
43102568539 1 43102699610
43102568541 3 43102699614
43102699609 1 43102830680
43102699613 1 43102830684
43102699615 1 43102699616
43102699615 1 43102830688
43102830681 1 43102961752
43102830685 1 43102961755
43102830685 1 43102961756
43102830685 1 43102961757
43102830685 1 43102961758
43102961756 1 43102961758
47328592128 1 84017621
47328592128 2 47328657928
47328592160 1 67240457
47328592160 1 47328657927
47328657875 1 43033756426
47328657875 1 47328723723
47328657876 1 84083391
47328657876 2 47328723723
47328657876 1 47328723724
47328657876 1 47328723802
47328657927 1 43016979444
47328657928 2 84083547
47328657928 1 47328723801
47328657928 1 47328723802
47328657928 1 47329706545
47328723722 1 43034739247
47328723723 2 47329706544
47328723724 1 47329706505
47328723724 1 47329706544
47328723801 1 47329706584
47328723802 1 85066289
47328723802 1 85066329
47329706465 2 85131993
47329706504 1 85131993
47329706504 1 47329772304
47329706505 1 85132049
47329706544 1 85132049
47329706544 1 43034805063
47329706544 1 47329772360
47329706584 1 47329772471
47329772303 1 47329838224
47329772304 1 47329838304
47329772360 1 85198127
47329772471 1 43034871318
47329838224 1 43034937027
47329838225 1 43034937027
47329838304 1 47329904428
47329904428 1 47329970528
47345369344 1 84017569
47345369344 1 100794785
47345369344 1 21542076963
47345369344 2 43033690579
47345369344 1 43050467743
47345369344 1 43050467794
47345369344 2 47328657875
47345369344 4 47328657876
47345369344 3 47328657928
47345369344 1 47345435039
47345369344 2 47345435040
47345434989 1 100860451
47345435039 4 43050533486
47345435039 1 47328723722
47345435039 1 47345500782
47345435039 2 47345500783
47345435039 1 47345500860
47345435039 3 47345500861
47345435040 1 100860451
47345435040 1 100860452
47345435040 3 100860529
47345435040 1 47328723722
47345435040 1 47345500707
47345435040 4 47345500783
47345435040 2 47345500784
47345435040 3 47345500861
47345435040 2 47345500862
47345500704 1 43051516343
47345500707 1 101843385
47345500782 1 43051516343
47345500782 1 43051516383
47345500783 2 43051516343
47345500783 3 43051516383
47345500783 1 43051582109
47345500783 2 47346483640
47345500783 3 47346483680
47345500783 1 47346483719
47345500784 3 101843345
47345500784 3 101843385
47345500860 1 43051516383
47345500861 1 43034739207
47345500861 2 43051516383
47345500861 1 43051516423
47345500861 1 47329706504
47345500862 2 47329706465
47346483601 1 101909041
47346483640 1 101909041
47346483640 1 43051582110
47346483640 2 47346549351
47346483640 1 47346549407
47346483640 1 47346549408
47346483680 1 47346549407
47346483680 1 47346549408
47346483680 2 47346549463
47346483719 1 47329772303
47346483720 1 47329772303
47346549351 2 43051647832
47346549351 1 47346615207
47346549407 1 47346615206
47346549407 1 47346615207
47346549407 1 47346615285
47346549408 1 101974875
47346549408 1 47346615286
47346549463 1 43051648064
47346549463 1 43051648066
47346615129 1 47346680928
47346615130 1 47346680829
47346615206 1 43051713835
47346615207 1 43051713835
47346615207 1 47346681030
47346615285 1 43051713937
47346615286 1 102040879
47346680829 1 102106409
47346680928 1 43051779365
47346680930 1 102106409
47346681030 1 43051779605
47362080880 1 134283425
47362080880 1 47378923681
47362080880 1 47378923712
47362146497 1 100794733
47362146497 3 117571897
47362146528 3 100794733
47362146528 5 117571897
47362146528 1 21558854076
47362146528 1 25870598537
47362146528 1 43050467742
47362146528 3 43050467743
47362146528 2 43067244855
47362146528 8 43067244907
47362146528 1 47345434989
47362146528 10 47345435039
47362146528 8 47345435040
47362146528 3 47362212151
47362146528 5 47362212152
47362146528 2 47362212153
47362146528 16 47362212203
47362146528 43 47362212204
47362146560 1 21558854076
47362146560 1 47345435039
47362212151 4 43067310546
47362212151 1 47362277842
47362212151 2 47362277843
47362212152 1 47362277842
47362212152 8 47362277843
47362212152 9 47362277844
47362212153 1 117637511
47362212153 1 117637589
47362212203 2 43050533486
47362212203 1 43051516383
47362212203 4 43067310624
47362212203 1 47345500704
47362212203 2 47345500783
47362212203 1 47362277842
47362212203 2 47362277920
47362212203 4 47362277921
47362212204 1 100860451
47362212204 4 117637511
47362212204 5 117637589
47362212204 1 43050533486
47362212204 6 47345500783
47362212204 2 47345500784
47362212204 1 47362277767
47362212204 1 47362277842
47362212204 3 47362277843
47362212204 2 47362277844
47362212204 2 47362277845
47362212204 2 47362277920
47362212204 13 47362277921
47362212204 12 47362277922
47362277767 1 118620521
47362277842 2 43068293519
47362277843 1 25888424279
47362277843 3 43068293479
47362277843 7 43068293519
47362277843 2 47363260776
47362277843 1 47363260815
47362277843 3 47363260816
47362277844 3 118620481
47362277844 4 118620521
47362277844 2 47363260776
47362277844 1 47363260777
47362277844 5 47363260816
47362277845 1 118620521
47362277845 1 118620561
47362277920 3 43068293559
47362277921 2 43068293519
47362277921 3 43068293559
47362277921 2 47346483640
47362277921 1 47363260815
47362277921 1 47363260816
47362277921 1 47363260855
47362277921 6 47363260856
47362277922 1 101843345
47362277922 4 118620521
47362277922 2 118620561
47362277922 1 47346483601
47362277922 1 47363260817
47362277922 5 47363260856
47363260776 1 118686145
47363260776 1 43068359103
47363260776 1 43068359159
47363260776 1 47363326400
47363260776 2 47363326455
47363260776 3 47363326456
47363260777 1 118686201
47363260815 1 43068359159
47363260815 1 43068359215
47363260816 1 118686145
47363260816 1 118686201
47363260816 2 43068359159
47363260816 3 43068359215
47363260816 1 47363326455
47363260816 1 47363326456
47363260816 1 47363326511
47363260816 1 47363326512
47363260817 1 118686257
47363260855 1 43068359270
47363260856 1 101909041
47363260856 1 118686201
47363260856 1 118686257
47363260856 1 43068359215
47363260856 1 43068359270
47363260856 1 47346549351
47363260856 2 47363326567
47363260856 4 47363326568
47363326400 1 47363392034
47363326400 1 47363457738
47363326455 1 43068424814
47363326455 1 47363326512
47363326455 1 47363392110
47363326456 2 118751779
47363326456 1 47363392112
47363326456 2 47363392190
47363326456 1 47363457738
47363326511 1 47363392188
47363326511 1 47363392189
47363326512 1 47363392188
47363326512 1 47363392189
47363326512 1 47363392268
47363326567 1 43051647832
47363326567 1 43068425048
47363326568 1 47346615129
47363326568 1 47346615130
47363326568 1 47363392345
47363326568 1 47363392346
47363392034 1 47363457535
47363392034 1 47363457636
47363392035 1 47363458044
47363392110 1 43068490439
47363392111 1 43068490439
47363392111 1 47363457736
47363392112 1 118817381
47363392112 1 43068490541
47363392112 1 47363457636
47363392112 1 47363458044
47363392188 1 43068490643
47363392189 2 43068490643
47363392190 1 47363457941
47363392190 1 47363458042
47363392267 1 43068490744
47363392268 1 118817687
47363392268 1 43068490744
47363392345 1 47363458145
47363392346 1 118817789
47363392346 1 47363458145
47363457535 1 118882785
47363457636 1 118882785
47363457636 1 47363523160
47363457736 1 43068555979
47363457738 1 118883026
47363457738 1 47363523161
47363457941 1 43068556339
47363458042 1 43068556578
47363458043 1 43068556578
47363458044 1 47363523878
47363458145 1 47363523878
47363523158 1 43068621403
47363523160 1 47363588553
47363523161 1 118948449
47363523280 1 118948449
47363523280 1 47363588553
47363523400 1 47363589006
47363523878 1 43051845552
47363523878 1 47363589765
47363588553 1 47363588704
47363589006 1 47363589007
47378858081 1 100729057
47378858081 12 117506241
47378858081 1 117506272
47378858081 1 134283393
47378858081 14 134283425
47378858081 2 134283457
47378858081 1 134283459
47378858081 3 151060609
47378858081 1 21575565552
47378858081 2 21592342737
47378858081 1 21609119921
47378858081 1 21625897105
47378858081 2 47345369344
47378858081 3 47362146497
47378858081 22 47362146528
47378858081 1 47378923649
47378858081 4 47378923681
47378858081 31 47378923712
47378858081 1 47378923713
47378858081 8 47378923744
47378858081 1 47395700865
47378858081 12 47395700896
47378858096 1 84017569
47378858096 1 100729057
47378858096 12 117506241
47378858096 1 117506272
47378858096 1 134283393
47378858096 16 134283425
47378858096 1 134283457
47378858096 1 134283459
47378858096 3 151060609
47378858096 1 21575565552
47378858096 2 21592342737
47378858096 1 21609119921
47378858096 1 21625897105
47378858096 1 25836978514
47378858096 1 38755434748
47378858096 1 43033624863
47378858096 1 43050402047
47378858096 9 43067179231
47378858096 4 43067179232
47378858096 1 43083956384
47378858096 1 43083956414
47378858096 11 43083956415
47378858096 1 43083956416
47378858096 6 43083956447
47378858096 1 43083956448
47378858096 4 43100733599
47378858096 3 47328592128
47378858096 2 47328592160
47378858096 19 47345369344
47378858096 4 47362146497
47378858096 109 47362146528
47378858096 1 47378923649
47378858096 4 47378923680
47378858096 5 47378923681
47378858096 103 47378923712
47378858096 2 47378923713
47378858096 34 47378923744
47378858096 1 47378989368
47378858096 1 47395700865
47378858096 30 47395700896
47378923649 1 47378923712
47378923680 1 151126173
47378923680 1 43100799183
47378923680 1 47378989263
47378923680 1 47395766480
47378923681 1 134348957
47378923681 4 134349009
47378923681 2 134349061
47378923681 1 43084022071
47378923681 1 47378923712
47378923681 1 47378989316
47378923712 3 134348957
47378923712 5 134349009
47378923712 3 134349061
47378923712 1 151126173
47378923712 1 21625962523
47378923712 1 43084021967
47378923712 1 43084022018
47378923712 7 43084022019
47378923712 2 43084022071
47378923712 1 43084087528
47378923712 1 43100799183
47378923712 1 47345435039
47378923712 1 47362212152
47378923712 3 47378989213
47378923712 4 47378989263
47378923712 3 47378989264
47378923712 22 47378989315
47378923712 35 47378989316
47378923712 1 47378989317
47378923712 12 47378989367
47378923712 19 47378989368
47378923712 2 47395766429
47378923712 4 47395766480
47378923713 1 117571845
47378923713 1 47378989317
47378923744 3 117571845
47378923744 2 117571897
47378923744 1 43067244855
47378923744 1 43067244907
47378923744 2 43084022071
47378923744 4 47362212151
47378923744 12 47362212152
47378923744 1 47362212203
47378923744 2 47362212204
47378923744 1 47378989316
47378923744 2 47378989317
47378923744 6 47378989367
47378923744 5 47378989368
47378989213 2 134414493
47378989213 1 134414494
47378989263 1 43084087527
47378989263 1 43084087528
47378989263 2 47379054825
47378989264 2 134414493
47378989264 1 134414494
47378989264 1 151191631
47378989264 2 47379054825
47378989315 1 43067310543
47378989315 1 43084087527
47378989315 5 43084087606
47378989315 1 47379054824
47378989315 3 47379054825
47378989315 2 47379054902
47378989315 10 47379054903
47378989315 1 47379054981
47378989316 4 134414493
47378989316 3 134414571
47378989316 1 134414572
47378989316 1 134414649
47378989316 1 43084087604
47378989316 1 43084087606
47378989316 3 47379054825
47378989316 5 47379054826
47378989316 2 47379054827
47378989316 2 47379054902
47378989316 17 47379054903
47378989316 12 47379054904
47378989316 1 47379054981
47378989316 1 47379054982
47378989317 2 134414649
47378989317 1 134414727
47378989367 1 134414572
47378989367 1 134414649
47378989367 1 43084087683
47378989367 8 43084087684
47378989367 3 47362277843
47378989367 1 47379054980
47378989367 5 47379054981
47378989367 1 47379055059
47378989368 1 117637511
47378989368 6 134414649
47378989368 1 134414650
47378989368 1 134414727
47378989368 1 21576679885
47378989368 2 43084087684
47378989368 1 43084087762
47378989368 3 47362277843
47378989368 2 47362277844
47378989368 1 47379054905
47378989368 8 47379054981
47378989368 9 47379054982
47378989368 2 47379055059
47378989368 1 47379055060
47379054824 1 43085463713
47379054825 2 43085463713
47379054825 1 43085463716
47379054825 1 43102240926
47379054825 1 43102240932
47379054825 1 47380037911
47379054825 1 47397208234
47379054826 1 135790595
47379054826 1 135790596
47379054826 1 135790605
47379054826 1 43085463710
47379054826 1 43102240926
47379054827 1 135397617
47379054827 1 135397657
47379054902 2 43085070655
47379054903 3 43085070615
47379054903 3 43085070655
47379054903 1 43085463707
47379054903 3 47380037911
47379054903 8 47380037912
47379054903 2 47380037951
47379054903 1 47380037952
47379054904 5 135397617
47379054904 1 135397657
47379054904 1 43085463719
47379054904 1 47380037873
47379054904 4 47380037912
47379054904 1 47380037913
47379054904 4 47380037952
47379054905 1 47379054982
47379054980 1 43085070695
47379054981 2 47363260776
47379054981 1 47379055059
47379054981 1 47380037951
47379054981 3 47380037952
47379054981 1 47380037991
47379054981 5 47380037992
47379054982 1 135397657
47379054982 2 135397697
47379054982 1 8725332297
47379054982 2 47363260776
47379054982 1 47379055060
47379054982 6 47380037952
47379054982 1 47380037953
47379054982 3 47380037992
47379055059 1 34478358879
47379055059 1 43068293479
47379055059 1 47363260776
47379055059 1 47363326400
47379055059 1 47363326455
47379055060 2 118620481
47379055060 2 47363260776
47380037871 1 43085136151
47380037871 1 43085136262
47380037871 1 43085463716
47380037872 1 135463137
47380037872 1 135463194
47380037872 1 135463195
47380037872 1 135790596
47380037872 1 152567815
47380037872 1 43085136150
47380037872 1 43085136207
47380037872 1 43085136260
47380037872 1 43085136261
47380037872 1 47380103392
47380037872 1 47380103503
47380037872 1 47380103559
47380037873 1 135463137
47380037873 1 135463193
47380037873 1 43085136206
47380037873 1 47380103504
47380037911 1 43085136151
47380037911 1 43085136207
47380037911 1 43085136318
47380037911 1 47380037952
47380037912 3 135463193
47380037912 1 135790595
47380037912 1 43085136094
47380037912 1 43085136150
47380037912 4 43085136151
47380037912 2 43085136206
47380037912 1 43085136207
47380037912 1 43085136261
47380037912 1 43085136262
47380037912 1 43085136318
47380037912 1 43085463710
47380037912 1 43085463713
47380037912 1 43085463716
47380037912 1 43085463719
47380037912 1 43102240926
47380037912 1 47380103393
47380037912 2 47380103447
47380037912 1 47380103449
47380037912 3 47380103503
47380037912 6 47380103504
47380037912 1 47380103559
47380037912 1 47380103560
47380037912 1 47380103616
47380037913 1 135463249
47380037913 1 47380037953
47380037951 1 43085136206
47380037951 1 43085136262
47380037951 2 43085136263
47380037952 2 135463249
47380037952 1 135463305
47380037952 2 43085136206
47380037952 1 43085136262
47380037952 2 43085136263
47380037952 1 43085136316
47380037952 1 47363326456
47380037952 1 47380103503
47380037952 2 47380103504
47380037952 5 47380103559
47380037952 6 47380103560
47380037953 3 135463305
47380037991 1 43068359102
47380037991 1 43068359158
47380037991 1 43085136319
47380037992 1 118686145
47380037992 1 118686146
47380037992 4 135463305
47380037992 1 43068359102
47380037992 2 43068359158
47380037992 1 43068359213
47380037992 1 43085136319
47380037992 2 47363326456
47380037992 1 47363392034
47380037992 1 47380103615
47380037992 2 47380103616
47380103392 1 135528450
47380103393 1 135528527
47380103447 1 43085201640
47380103447 1 47380168858
47380103447 1 47380169171
47380103448 1 47380168858
47380103449 1 135528683
47380103503 2 43085201795
47380103503 2 47380169015
47380103503 2 47380169171
47380103504 2 135528683
47380103504 1 43085201795
47380103504 1 47380168937
47380103504 1 47380168938
47380103504 4 47380169015
47380103504 1 47380169016
47380103504 1 47380169093
47380103504 2 47380169171
47380103559 1 43068424735
47380103559 1 43068424814
47380103559 4 43085201796
47380103559 1 43085201873
47380103560 1 118751779
47380103560 2 135528761
47380103560 1 43068424814
47380103560 1 43085201796
47380103560 1 47363392035
47380103560 1 47380169171
47380103560 2 47380169172
47380103615 1 43085201952
47380103616 1 43068424891
47380103616 1 47363392111
47380103616 1 47380169171
47380103616 1 47380169249
47380168780 1 38790299738
47380168858 1 43085660255
47380168859 1 43085660255
47380168937 1 43085267043
47380168938 1 135593985
47380169015 1 30134239352
47380169015 2 47380234340
47380169015 1 47380234442
47380169015 2 47380234443
47380169016 1 135593985
47380169016 1 30134239352
47380169016 1 47380234342
47380169093 1 43085267145
47380169093 1 47380234544
47380169094 1 47380234443
47380169171 1 43068490337
47380169171 1 43085267450
47380169171 1 43085267551
47380169171 1 47380234749
47380169172 1 43068490337
47380169172 1 43085267450
47380169172 2 47380234648
47380169172 1 47380234748
47380169249 1 43085267451
47380169250 1 47363457738
47380234340 1 43085332716
47380234340 2 43085660256
47380234340 1 47380300255
47380234342 1 135987202
47380234442 1 43085332833
47380234442 1 43085660256
47380234442 1 47380496479
47380234443 1 47380496479
47380234443 1 47380496481
47380234443 1 47380496482
47380234444 1 135987202
47380234544 1 43085529182
47380234648 1 38790561879
47380234648 1 47380300016
47380234648 1 47380300017
47380234748 1 43068556101
47380234748 1 43085332834
47380234748 1 43085529184
47380234749 1 43085529184
47380234749 1 47363523158
47380300014 1 43085529184
47380300017 1 135725058
47380300255 1 47363589309
47380496481 1 47380496482
47395635312 1 134283457
47395635312 2 47378923712
47395700865 1 151126173
47395700896 2 151126121
47395700896 1 151126173
47395700896 1 43100799079
47395700896 1 43100799131
47395700896 1 43100799183
47395700896 2 47395766376
47395700896 2 47395766377
47395700896 9 47395766427
47395700896 3 47395766428
47395700896 3 47395766479
47395700896 7 47395766480
47395700896 1 47395831964
47395766376 1 152961034
47395766376 1 43102634142
47395766377 1 151191553
47395766377 1 152961028
47395766427 1 152961027
47395766427 1 43100864587
47395766427 3 43100864588
47395766427 2 43102634145
47395766427 1 47395831884
47395766427 1 47395831885
47395766428 1 151191553
47395766428 2 152961028
47395766428 1 4464836633
47395766428 1 43100864588
47395766428 1 43102634136
47395766428 1 47395831885
47395766429 2 151191631
47395766479 1 43100864587
47395766479 1 43100864666
47395766479 1 47395831962
47395766480 3 151191631
47395766480 3 47395831886
47395766480 1 47395831962
47395766480 4 47395831963
47395766480 3 47395831964
47395831884 1 43102503070
47395831885 1 47397470375
47395831886 1 152829962
47395831886 2 47397470375
47395831962 1 43102371998
47395831963 1 43102371992
47395831963 1 43102371998
47395831963 2 43102372004
47395831963 1 43102372007
47395831964 1 47397339303
47395831964 1 47397339306
47396814968 1 152567809
47396814968 1 153288705
47396814968 1 153288707
47396814968 1 47397208232
47396815047 1 43101913199
47396815047 1 43102240931
47396815048 1 43101913199
47396815048 1 43102830688
47396815048 2 47396880496
47396815048 1 47396880551
47396815048 2 47397208230
47396815048 2 47397208233
47396815087 1 43101913311
47396815087 1 43102240932
47396815088 1 43085136262
47396815088 1 43101913311
47396815088 1 43102240932
47396815088 1 43102240935
47396815088 1 47396880551
47396815088 1 47396880607
47396815088 1 47397208234
47396880439 1 47396880496
47396880439 1 47397208230
47396880439 1 47397208233
47396880440 1 47397797985
47396880496 1 43102830688
47396880496 1 47397208233
47396880496 2 47397797984
47396880496 1 47397797985
47396880551 1 43101978700
47396880551 1 43102699615
47396880607 1 43101978700
47396880607 1 47396945997
47396945997 1 38790299738
47396945997 1 47397535841
47397208230 1 43102372007
47397208230 1 47397339303
47397208230 1 47397339305
47397208232 1 47397339305
47397208233 2 47397339303
47397208233 2 47397339306
47397339303 2 47397470375
47397339305 1 152829954
47397339305 1 47397470375
47397339305 1 47397470378
47397535841 1 47397535842
47397666911 1 43102830688
47397666911 1 47397797984
47397666913 1 47397797984
47397666913 1 47397797985
47397666913 2 47397797986
