34406404 1 8607629337
34471938 1 34537474
34537474 2 34603010
34537474 1 34603011
34537475 1 34603011
34537580 2 34603010
34603010 3 34668546
34603010 1 34668547
34603011 1 34668547
34603116 1 34668546
34668546 1 36306945
34668546 1 36438017
34668546 1 47281209512
34668547 1 36438024
34668547 1 36438028
34668652 1 47281209512
36306945 1 36438017
36438017 4 36569089
36438017 1 36569093
36438024 1 36569096
50331808 1 47295037856
50331824 1 47295037888
50331824 1 47295692801
50331824 1 47295692906
50397537 1 50397569
50397537 3 67240613
50397537 1 67240614
50397568 1 51052546
50397568 1 67240613
50397569 1 50397600
50397569 10 51052546
50397569 1 51118083
50397600 7 51052546
50397601 9 51052545
50397601 1 51052546
50397632 4 51052545
50463448 1 51052546
51052545 9 51118081
51052545 7 51118082
51052545 3 51118083
51052545 2 51183618
51052546 1 51052652
51052546 21 51118082
51052546 3 67895298
51052547 3 51118082
51052547 1 51118083
51052650 5 51118081
51052650 1 51118082
51052650 2 51183618
51052650 1 43017962231
51052652 6 51118082
51118081 3 51183617
51118081 8 51183618
51118081 1 51183619
51118081 1 51249154
51118082 23 51183618
51118082 3 51183619
51118082 1 51249154
51118082 3 52690945
51118082 3 52690949
51118082 1 52690952
51118082 1 69468161
51118083 1 51183618
51118083 8 51183619
51118083 1 52690945
51118083 1 52690952
51118085 1 51183619
51118186 2 51183617
51118186 3 51183618
51118188 8 51183618
51118188 1 51249154
51183617 1 34471938
51183617 2 51249154
51183618 27 51249154
51183618 3 51249155
51183618 1 52690945
51183618 3 52690949
51183618 2 52822017
51183618 4 52822021
51183618 1 52822024
51183619 2 51249154
51183619 2 51249155
51183619 6 51249157
51183619 2 52822024
51183621 4 51249157
51183621 1 52822024
51183724 10 51249154
51249154 24 51314690
51249154 4 51314691
51249154 9 52822017
51249154 5 52822021
51249155 5 51314691
51249155 1 52822024
51249157 1 51314693
51249157 1 52822024
51249157 1 52822028
51249157 2 52953100
51249260 8 51314690
51314690 1 34603010
51314690 5 51380226
51314690 2 51380227
51314690 8 52953089
51314690 5 52953093
51314690 1 53084168
51314691 2 51380227
51314691 3 52953093
51314691 3 52953096
51314691 1 53084168
51314693 1 51380231
51314796 1 51380226
51380226 2 52953089
51380226 4 53084161
51380226 1 53084165
51380227 1 34668547
51380227 1 53084165
51380227 1 53084168
51380332 1 53084161
52690945 10 52822017
52690949 4 52822021
52690949 1 52822024
52690949 1 52953097
52691112 2 52822017
52822017 19 52953089
52822017 3 52953090
52822017 3 52953093
52822017 4 52953094
52822017 1 53084162
52822017 1 69730306
52822021 13 52953093
52822021 1 52953094
52822021 2 52953096
52822024 3 52953096
52822024 1 52953099
52822024 3 52953100
52822028 2 52953100
52822184 4 52953089
52822184 1 52953090
52953089 20 53084161
52953089 7 53084162
52953089 4 53084165
52953089 1 53084166
52953090 2 53084162
52953090 1 69861378
52953090 1 47297724585
52953093 8 53084165
52953093 3 53084166
52953093 7 53084168
52953093 2 53084169
52953094 4 53084166
52953096 5 53084168
52953096 1 53084169
52953096 2 53084171
52953096 1 53084172
52953097 1 53084171
52953099 1 53084171
52953100 1 53084171
52953100 2 53084172
52953100 3 53084175
53084161 20 53215233
53084161 7 53215234
53084161 3 53215237
53084161 1 53215238
53084162 5 53215234
53084162 2 53215235
53084162 1 53215236
53084162 4 53215238
53084165 4 53215237
53084165 7 53215238
53084165 4 53215240
53084166 2 53215236
53084166 5 53215238
53084166 2 53215239
53084166 3 53215241
53084168 7 53215240
53084168 2 53215241
53084168 2 53215243
53084168 4 53215244
53084169 3 53215241
53084171 1 53215243
53084171 2 53215245
53084171 2 53215246
53084172 3 53215246
53084175 1 53215246
53084175 1 4348182545
53084175 1 4348182546
53084328 1 53215233
53215233 10 53346305
53215233 7 53346306
53215233 3 53346309
53215233 4 53346310
53215234 6 53346306
53215234 5 53346307
53215234 1 53346308
53215234 4 53346310
53215235 2 53346307
53215236 2 53346308
53215236 1 53346311
53215237 5 53346309
53215237 2 53346310
53215237 1 53346312
53215238 5 53346308
53215238 7 53346310
53215238 2 53346313
53215239 2 53346311
53215240 1 53215244
53215240 3 53346312
53215240 5 53346313
53215240 1 53346315
53215240 1 53346316
53215241 1 53346311
53215241 3 53346313
53215241 2 53346314
53215241 2 53346315
53215243 4 53346315
53215243 1 53346317
53215244 3 53346315
53215245 1 53346317
53215246 1 53346317
53215246 1 53346318
53215246 1 4348313614
53215246 2 4348313617
53215400 1 53346305
53215401 1 53346306
53346306 1 53346307
53346306 2 53346310
53346306 1 53346473
53346307 1 53346308
53346307 1 53346474
53346308 1 53346310
53346308 2 53346311
53346309 1 53346310
53346310 1 53346313
53346312 1 53346313
53346315 1 53346316
53346315 1 53346318
67174689 2 67240457
67174689 1 84017570
67174689 2 84017621
67174720 2 67240457
67174721 2 67240457
67174721 2 67240561
67174721 1 84017622
67174722 1 67240564
67174723 1 4362207758
67174752 1 67240457
67174752 1 67240561
67174752 1 67240613
67174753 2 67240613
67174784 1 67240613
67240457 1 67306332
67240457 1 67306409
67240457 2 84083469
67240457 2 84083547
67240509 1 67306410
67240509 1 84083469
67240513 1 4379050851
67240561 1 68289193
67240561 1 68289194
67240561 1 68289233
67240562 1 67306413
67240564 1 68289194
67240613 4 67829762
67240613 3 67829763
67240613 1 68289233
67240614 1 67829765
67240664 1 67829762
67306332 1 85066290
67306409 1 68289114
67306409 1 68289153
67306409 1 85066329
67306410 1 68289154
67306413 1 21576679926
67306487 1 68289153
67306488 1 68289154
67829762 1 67895298
67829762 1 67895299
67829762 1 68289313
67829762 2 68289314
67829763 1 67895298
67829763 3 68289274
67829763 1 68289314
67829765 1 68289275
67895298 1 52690945
67895298 1 68289313
67895298 1 68289314
67895299 1 68289314
68289114 1 68355003
68289153 1 68355058
68289153 1 68355059
68289153 1 85132218
68289154 2 68355003
68289193 1 68355113
68289193 1 68355170
68289194 1 68355169
68289194 1 68355172
68289232 1 68355169
68289233 1 68355170
68289233 1 69468161
68289233 1 69468165
68289233 2 69468168
68289234 1 69468168
68289273 2 69468161
68289273 1 69468165
68289274 3 69468168
68289275 1 4364435474
68289312 1 69468161
68289313 1 68289352
68289313 3 69468161
68289313 1 69468165
68289314 2 69468165
68289314 2 69468168
68355003 1 68421150
68355003 1 68421151
68355057 1 68421146
68355058 1 69468171
68355059 1 68421150
68355059 1 68421151
68355059 1 69468174
68355113 3 69468162
68355168 1 69468162
68355169 1 69468162
68355169 1 47314108585
68355170 1 69468166
68355172 1 69468174
68421146 1 69468164
68421150 1 4364435472
68421151 1 4364435472
69468161 3 69599233
69468161 4 69599234
69468161 1 69599237
69468161 1 69599238
69468161 1 47314239656
69468162 2 69599234
69468162 2 69599235
69468162 2 69599236
69468162 1 69599238
69468162 1 47314108585
69468164 1 69795845
69468165 1 52822024
69468165 1 69599237
69468165 1 69599238
69468165 1 69599240
69468165 1 69599241
69468166 2 69599241
69468168 1 69599241
69468168 4 69599243
69468168 2 69599244
69468169 1 69599241
69468171 1 69599245
69468174 1 4364566545
69468174 1 4364566547
69468328 1 69599233
69468329 1 69599234
69599233 4 69730306
69599233 2 69730310
69599234 1 69730306
69599234 2 69730307
69599234 2 69730308
69599234 2 69730310
69599235 1 69795841
69599235 1 69926913
69599235 1 69926916
69599236 2 69730308
69599236 1 69926916
69599237 2 69730310
69599237 1 69730313
69599238 3 69730308
69599238 1 69730313
69599240 2 69730313
69599241 1 69730311
69599241 1 69730313
69599241 2 69730314
69599243 1 69730315
69599243 1 69730317
69599243 2 69730318
69599244 2 69730318
69599245 1 4364763146
69730306 4 69861378
69730306 2 69861380
69730306 1 69861382
69730307 1 69861379
69730307 1 69861380
69730307 1 69926913
69730308 1 69861380
69730308 1 69861383
69730308 3 69926916
69730308 1 70057989
69730310 2 69861380
69730310 2 69861382
69730310 1 69861383
69730311 1 69861386
69730313 3 69861386
69730314 1 69926920
69730314 1 70057992
69730315 1 69861389
69730317 1 69861392
69730318 1 4348051473
69730318 1 4364828688
69730318 1 4364828689
69730318 1 4364828691
69795841 1 69926915
69795845 1 69795846
69861378 4 69992451
69861378 1 69992452
69861379 2 69992451
69861379 1 70057985
69861380 1 69992452
69861380 3 70057988
69861380 1 70189062
69861382 3 69992452
69861382 1 69992455
69861383 1 69992455
69861383 1 70057988
69861386 3 69992461
69861386 1 70057992
69861389 1 4365156362
69861392 1 4365025290
69926913 1 69926914
69926913 1 70057987
69926916 3 70057987
69926916 1 70057989
69926920 1 70057991
69992451 3 69992452
69992461 1 70189064
70057985 1 70189058
70057987 1 70057988
70057988 3 70189059
70057988 1 70189061
70057989 1 70189061
70057990 2 70189061
70057991 1 70057992
70057992 1 70189063
70057992 1 70189065
70189058 1 70189059
70189059 2 70189060
70189061 1 70189062
70189061 1 70189063
83951873 1 84017570
84017570 1 100860530
84017621 1 84083469
84017621 1 47345500862
84017622 1 84083393
84017623 1 84083393
84083393 1 101843386
84083394 1 101843386
84083469 1 85066249
84083469 2 47329706544
84083469 1 47346483720
84083470 1 85066249
84083546 2 47329706544
84083547 1 85066250
84083547 2 85066289
85066249 1 85131993
85066249 1 85131994
85066249 2 85132050
85066250 1 85131994
85066250 1 101909212
85066289 1 85131993
85066289 1 85132105
85066289 1 85132106
85066289 1 85132162
85066289 1 13037731900
85066289 1 13037731901
85066290 1 85132165
85066291 1 85132165
85066329 1 85132162
85131993 1 85197895
85131993 1 101974956
85131994 1 101974956
85131994 1 101975034
85132050 1 85197973
85132050 1 85197974
85132105 1 85198128
85132106 1 85198129
85132161 1 85198128
85132161 1 85198283
85132162 1 85198209
85132162 1 85198284
85132165 1 4380165590
85132217 1 85198130
85132217 1 85198284
85132218 1 85198129
85197895 1 102041088
85197973 1 85198051
85197974 1 85264077
85197974 1 85264079
85197975 1 85264079
85198051 1 85264077
85198128 1 85264277
85198129 1 85264178
85198129 1 85264280
85198130 1 85264078
85198130 1 85264178
85198209 1 85264385
85198283 1 86245380
85198284 1 86245380
85198284 1 86245383
85198285 1 86245383
85264077 1 85330162
85264078 1 12954370104
85264079 1 4380297463
85264178 1 85330042
85264179 1 85330042
85264277 1 86310915
85264280 1 86310919
85264385 1 4381409293
85330042 1 4380363609
86245380 1 86441987
86245383 1 86441990
86310915 1 86310916
86310919 1 86310920
86441985 1 86441986
86441985 1 86573058
86441987 1 86441988
100860529 1 101843385
100860530 1 13003522423
101843385 1 101909042
101843386 1 101909098
101909042 1 101974800
101909098 1 118752013
101909153 1 101974955
101909157 1 101974879
101909212 1 4396942258
101974800 1 118817794
101974879 1 102040677
101974955 1 102040682
101974956 1 118817796
101975034 1 102040987
101975112 1 102040987
102040677 1 43068556581
102040682 1 102106414
102040683 1 102106415
102040987 1 102106779
102041088 1 102107018
102106414 1 43068622315
102106779 1 4397140218
102106899 1 4397140218
102107018 1 4397140521
118752013 1 47363458044
118752014 1 47363458044
118817794 1 118883394
118817796 1 13020889118
118883394 1 4413916369
135528763 1 135593992
135593992 1 4447862800
4348051473 1 4348182547
4348182545 1 4348313620
4348313614 1 4348313617
4362142020 1 4378984923
4362142020 1 4378984976
4362142021 1 4378984976
4362207758 1 4379050773
4363256455 1 4380099465
4364435472 1 4364566550
4364435472 1 4364763150
4364435474 1 4364566548
4364435486 1 8659533866
4364566545 1 4364697619
4364566547 1 4364894226
4364566548 1 4364697623
4364566550 1 8659861522
4364697619 1 4365025296
4364763146 1 4364894219
4364763150 1 4364894225
4364828688 1 4365156364
4364828689 1 4348182547
4364894219 1 4364894220
4364894226 1 8659992596
4365025290 1 4365156363
4365025292 1 4365156363
4365025296 1 4365156368
4365156362 1 4365156364
4365156363 1 4365156364
4365156368 1 4365156370
4365156369 1 4365156370
4378984923 1 4395827837
4378984924 1 4395827837
4378984976 1 4379050776
4379050773 1 4396810724
4379050776 1 4396810726
4379050851 1 4380033549
4380033549 1 4396876455
4380099465 1 4380165355
4380165355 1 4380231274
4380297343 1 12954370104
4380297343 1 12954370107
4380297463 1 4381278225
4381409293 1 4381409294
4395827837 1 8708555160
4396810724 1 101909157
4396810725 1 101909157
4396810726 1 4396876456
4396876455 1 4396942256
4396876456 1 4396942179
4396942179 1 102040683
4396942180 1 102040683
4396942256 1 102040682
4397007980 1 102106415
4397073841 1 4397073842
4413850573 1 13020758043
4430954508 1 4430954510
4430954508 1 4447862800
8607629337 1 43034739284
8659533866 1 8659533869
8659664937 1 4365025298
8659664938 1 4365025298
8675000850 1 8675066598
8675066598 1 8691909639
8691909639 1 8691975490
8691909640 1 8691975490
8691975490 1 4397073841
8708555160 1 8708620804
8708620804 1 8708686390
8708686390 1 13020496310
12919439390 1 47329772415
12919439392 1 47329772415
12954501166 1 8659664937
13003522423 1 13003588108
13003588108 1 13003653769
13003653769 1 13003719399
13020496310 1 17315856426
13020561450 1 13020561570
13020561450 1 17315725350
13020758043 1 13020889118
13037731900 1 17349607489
17298687015 1 13003785193
17315725350 1 17315856426
21492662324 1 17232822337
21509439538 1 17232822337
21511274586 1 21528182874
21525889079 1 21525954616
21525954616 1 21526020153
21525954617 1 21526020153
21526020153 1 21526085689
21576679926 1 21576745605
21576745605 1 21576811391
21576745661 1 21576811391
21576811391 1 17298687015
25770852412 1 25787695162
25787695162 1 21511274586
25820201393 1 25820856379
25820201394 1 25820856379
25820856379 1 25820921915
25820921915 1 25838093111
25838093111 1 25839272033
25839272033 1 25839403107
25839403107 1 25839534182
25839403108 1 25839534182
25839534182 1 25839665256
25839665256 1 30134960189
30133060292 1 30149903269
30133060293 1 30149903269
30133126222 1 30133192270
30133192270 1 34446049351
30149837426 1 30149903213
30149837426 1 47329838459
30149903213 1 30149969095
30149903269 1 4364435486
30149969095 1 30150035010
30150035010 1 34461845464
30166614524 1 34461647561
30183719775 1 30183719776
34429206651 1 30134370415
34429206654 1 30134370415
34429206661 1 30134698051
34429403213 1 34429534281
34429665355 1 34429665356
34445002518 1 34445068609
34445002519 1 34445068609
34445068493 1 34445134777
34445068494 1 34445134777
34445068609 1 30151082050
34461713382 1 34461779220
34461779018 1 34461779121
34461779220 1 30166877681
34461779221 1 30166877681
34461779530 1 21544435789
34461779531 1 21544435789
34461845465 1 21544435789
34461845465 1 21561147444
34461845466 1 21561147444
34478621724 1 30183719775
38672466010 1 38672466016
38672466013 1 21509439538
38672466016 1 21509439538
38705758303 1 38705823838
38705758305 1 38705823838
38705823838 1 38705889374
38705823839 1 38705889374
38705889374 1 38707396748
38707396748 1 38707527817
38707527817 1 34412691590
38707658900 1 38707789969
38707658902 1 38707789972
38707789966 1 38707921034
38707789969 1 38707921040
38707789972 1 38707921041
38707789974 1 38707921044
38707921040 1 38708052109
38707921041 1 38708052112
38707921044 1 38708052113
38707921044 1 38708052114
38707921045 1 38708052117
38707921047 2 38708052117
38708052112 1 38708052113
38708052113 1 38708052116
38721946166 1 38738789199
38722994851 1 38723060712
38722994852 1 38739837928
38722994931 1 38723060822
38722994932 1 38723060824
38723060712 1 38723060768
38723060767 1 38723126871
38723060768 1 38723126871
38723060822 1 34429206651
38723060824 1 38724173960
38723060880 1 38724173960
38723060881 1 38724173960
38723126871 1 34429206661
38723126876 1 38724173970
38723126877 1 38724173970
38724173960 1 34429337730
38724173963 1 34429337730
38724173970 1 38724501583
38724305044 1 38724436112
38724305044 1 38724436113
38724305046 1 38724436116
38724305047 1 38724436116
38724436112 1 38724763727
38724436113 1 38724567181
38724436116 1 38707789966
38724436116 1 38724894799
38724501583 1 34429665355
38724501591 1 38724632662
38724567181 1 38724894799
38724698261 2 38724894805
38724763727 1 34429927501
38724763733 1 38724894804
38724894806 2 38724894808
38724894807 1 38724894808
38738789200 1 38739771906
38738789201 1 38739771947
38739771906 1 38756614862
38739771947 1 38739837704
38739771987 1 38739837816
38739837704 1 38756680836
38739837816 1 38739903776
38739837874 1 38739903854
38739837928 1 38739903855
38739837929 1 38739903855
38739903776 1 34445002518
38739903777 1 34445002518
38739903854 1 38739903932
38739903855 1 38739969918
38739903937 1 38740951181
38739904015 1 38740951184
38739969618 1 38740035553
38739969619 1 38740035553
38739969918 1 34445068493
38740035919 1 38741016656
38740035920 1 38741016656
38740951181 1 34429403213
38740951184 1 38741147729
38741147729 1 38724501582
38756549083 1 38756614808
38756549084 1 38756614808
38756614808 1 38756614809
38756614808 1 38773457741
38756614809 1 38773457741
38756614862 1 34461713382
38756614863 1 34461713382
38756680681 1 38756680682
38756680682 1 34461779018
38756680683 1 34461779018
38756680760 1 38756680761
38756680836 1 34461779530
38773457741 1 38773523432
38773523432 1 34478621724
42967367778 1 42967367784
42967367781 1 42967367786
42967367784 1 42967367786
42984079464 1 42967367778
42984079466 1 42967367778
42984144997 1 38672466010
42984145001 1 42984210537
42984145003 1 42984210537
42984210537 1 42984276071
42984210537 2 42984276073
42984210539 2 42984276073
42984276071 1 42984341607
42984276073 1 42984341607
42984276073 4 42984341609
42984276075 1 42984341609
42984341607 1 42985980063
42984341609 2 42985980066
42984341609 1 42986111135
42984341609 3 42986111138
42984341611 1 42985980066
42984341611 1 42986111138
42985980063 1 43002888351
42985980066 2 42986111138
42985980066 1 43002888351
42985980069 1 42986111138
42986111135 1 42986242207
42986111138 2 42986242207
42986111138 3 42986242210
42986242207 1 42986242210
43000004784 1 4362142020
43000070527 1 43000070560
43000070527 1 43000725609
43000070527 1 43016913621
43000070527 2 43016913623
43000070528 1 43000725609
43000070528 3 43016913623
43000070528 1 43017502825
43000070557 1 38705758303
43000070558 1 38705758303
43000070559 1 43000725606
43000070559 4 43000725607
43000070559 6 43000725609
43000070560 2 43000725607
43000070560 8 43000725609
43000070591 4 43000725608
43000070591 1 43000791145
43000070592 5 43000725608
43000070592 1 43000791145
43000725606 1 43000791140
43000725607 1 43000791142
43000725607 4 43000791143
43000725608 1 43000791143
43000725608 13 43000791144
43000725608 7 43000791145
43000725608 1 43000791147
43000725608 3 43000856681
43000725609 4 43000791143
43000725609 18 43000791145
43000725610 5 43000791144
43000725611 14 43000791145
43000791140 1 43000856676
43000791142 1 43000856676
43000791142 1 43000856678
43000791143 1 43000856678
43000791143 5 43000856679
43000791143 1 43002364060
43000791143 1 43019141276
43000791144 1 43000856680
43000791144 12 43000856681
43000791144 2 43000922217
43000791145 1 43000791147
43000791145 5 43000856679
43000791145 26 43000856681
43000791145 1 43002364063
43000791145 5 43002364066
43000791145 1 43017962271
43000791145 1 43019141276
43000791147 20 43000856681
43000791147 1 43002364066
43000856676 1 43002364060
43000856678 1 43002495129
43000856679 2 43000922215
43000856679 2 43002364063
43000856679 1 43002495132
43000856679 1 43002495135
43000856680 2 43000922217
43000856681 3 43000922215
43000856681 32 43000922217
43000856681 4 43002364063
43000856681 7 43002364066
43000856681 2 43002495135
43000856681 3 43002495138
43000856681 1 47297462437
43000856683 17 43000922217
43000856683 1 43002364066
43000856683 2 43002364069
43000856683 1 43002495138
43000856683 1 47297462437
43000922215 1 43000987751
43000922215 1 43002495132
43000922215 1 43002495135
43000922215 1 43002626204
43000922217 1 42984210537
43000922217 6 43000987751
43000922217 26 43000987753
43000922217 1 43000987755
43000922217 2 43002495135
43000922217 8 43002495138
43000922219 7 43000987753
43000922219 2 43000987755
43000922219 2 43002495138
43000987751 1 43000987753
43000987751 1 43001053287
43000987751 1 43002626204
43000987751 3 43002626207
43000987753 4 43001053287
43000987753 10 43001053289
43000987753 3 43002626207
43000987753 11 43002626210
43000987755 4 43001053289
43000987755 2 43002626210
43000987755 2 43002626213
43001053287 4 43002757279
43001053289 1 43001118825
43001053289 1 43002626210
43001053289 1 43002757279
43001053289 8 43002757282
43001053291 2 43002757282
43001118825 1 43002757279
43002364060 2 43002495129
43002364063 3 43002495132
43002364063 2 43002495135
43002364063 1 43002626204
43002364063 1 43019272351
43002364066 5 43002495135
43002364066 11 43002495138
43002364066 1 43002626204
43002364066 1 43019272351
43002364066 1 43019272354
43002364069 4 43002495138
43002364069 3 43002495141
43002495129 1 38707658900
43002495129 1 38707658902
43002495129 1 43002626201
43002495132 3 43002626201
43002495132 2 43002626204
43002495135 7 43002626204
43002495135 4 43002626207
43002495135 1 43002626208
43002495138 6 43002626207
43002495138 3 43002626208
43002495138 15 43002626210
43002495138 3 43002626211
43002495141 5 43002626210
43002495141 6 43002626213
43002626201 1 38707789974
43002626201 2 43002757271
43002626201 1 43002757274
43002626204 2 43002757273
43002626204 5 43002757274
43002626204 1 43002757276
43002626204 2 43002757277
43002626207 2 43002757276
43002626207 4 43002757277
43002626207 6 43002757279
43002626207 3 43002757280
43002626208 1 43002757277
43002626208 2 43002757280
43002626210 7 43002757279
43002626210 5 43002757280
43002626210 15 43002757282
43002626210 7 43002757283
43002626210 1 43002888354
43002626211 3 43002757283
43002626213 6 43002757282
43002626213 7 43002757283
43002626213 7 43002757285
43002626213 3 43002757286
43002626213 1 43002888354
43002757271 1 38707921044
43002757271 1 38707921045
43002757271 1 38724894800
43002757273 1 43002888343
43002757273 1 43002888346
43002757274 2 38707921047
43002757274 1 43002888343
43002757274 2 43002888346
43002757276 1 43002888346
43002757276 1 43002888348
43002757276 1 43002888349
43002757277 4 43002888346
43002757277 1 43002888347
43002757277 2 43002888349
43002757279 3 43002888348
43002757279 4 43002888349
43002757279 8 43002888351
43002757279 2 43002888352
43002757280 2 43002888349
43002757280 2 43002888350
43002757280 5 43002888352
43002757282 6 43002888351
43002757282 4 43002888352
43002757282 18 43002888354
43002757282 5 43002888355
43002757282 1 43003019424
43002757283 3 43002888352
43002757283 5 43002888353
43002757283 8 43002888355
43002757285 6 43002888354
43002757285 2 43002888355
43002757285 8 43002888357
43002757285 3 43002888358
43002757286 3 43002888355
43002757286 1 43002888359
43002888343 1 38708052117
43002888343 1 38708052119
43002888346 2 43003019415
43002888346 3 43003019416
43002888346 2 43003019419
43002888347 1 43003019419
43002888348 1 43003019418
43002888348 3 43003019421
43002888349 1 43003019418
43002888349 3 43003019419
43002888349 3 43003019421
43002888349 1 43003019422
43002888350 1 43003019422
43002888351 1 43003019420
43002888351 4 43003019421
43002888351 5 43003019423
43002888351 5 43003019424
43002888352 5 43003019422
43002888352 5 43003019424
43002888352 3 43003019425
43002888353 5 43003019425
43002888354 2 43003019423
43002888354 4 43003019424
43002888354 9 43003019426
43002888354 8 43003019427
43002888355 3 43003019424
43002888355 2 43003019425
43002888355 4 43003019427
43002888355 9 43003019428
43002888356 2 43003019425
43002888357 3 43003019426
43002888357 3 43003019427
43002888357 3 43003019429
43002888357 2 43003019430
43002888358 2 43003019427
43002888358 5 43003019430
43002888359 1 43003019428
43003019418 1 43003019421
43003019421 1 43003019424
43003019422 1 43003019425
43003019424 1 43003019427
43003019426 1 43003019427
43003019426 2 43003019429
43003019427 2 43003019430
43003019428 1 43003019431
43016847678 1 43033690679
43016847679 1 43016913467
43016847680 1 43016913467
43016847680 1 43033690630
43016847709 1 38721946166
43016847710 1 38721946166
43016847710 1 43016913463
43016847711 2 43016913518
43016847711 1 43016913519
43016847712 2 43016913519
43016847712 1 43016913570
43016847742 1 43016913516
43016847742 1 43016913568
43016847743 1 43016913570
43016847743 3 43016913622
43016847743 1 43016913623
43016847744 1 43016913570
43016847744 2 43016913622
43016847744 1 43016913623
43016913463 1 38738789200
43016913467 1 43016979366
43016913467 1 43033756503
43016913516 1 43016979438
43016913518 1 43016979441
43016913518 1 43016979442
43016913519 1 43016979442
43016913519 1 43016979443
43016913519 1 43016979521
43016913519 1 43016979522
43016913568 1 43016979516
43016913569 1 43016979517
43016913570 1 43017962189
43016913570 1 43017962230
43016913571 1 43016979521
43016913571 2 43016979522
43016913571 1 43017962230
43016913621 1 43017502820
43016913622 1 43017502822
43016913622 2 43017502823
43016913623 1 43016979521
43016913623 2 43017502823
43016913623 4 43017502825
43016913623 1 43017962191
43016979366 1 43034739327
43016979438 1 38739771987
43016979441 1 43017962109
43016979442 1 43017962110
43016979442 1 43034739285
43016979443 1 43034739285
43016979443 1 43034739326
43016979444 1 43017962111
43016979516 1 38722994851
43016979517 1 8675000850
43016979518 1 8675000850
43016979521 1 43017962109
43016979521 1 43018028124
43016979521 1 43034739285
43016979522 1 30133126222
43016979522 1 43018028126
43017502820 1 38722994932
43017502820 1 43017962228
43017502822 1 43017962269
43017502823 1 43017962270
43017502823 1 43017962310
43017502825 5 43017568361
43017502825 1 43017962270
43017502825 4 43017962271
43017502825 1 43017962310
43017502827 3 43017568361
43017502827 1 43017962271
43017568361 1 43017962310
43017568361 5 43017962311
43017962109 1 38739837874
43017962109 1 43034805058
43017962109 1 43034805227
43017962110 1 43017962150
43017962110 1 43034805058
43017962111 1 43018028014
43017962111 1 43034805230
43017962149 1 43018028011
43017962150 1 43018028011
43017962151 1 43018028014
43017962151 1 43018028069
43017962189 1 43017962229
43017962190 1 43018028179
43017962191 1 43018028125
43017962191 2 43018028126
43017962191 1 43018028181
43017962228 1 38724173971
43017962229 1 43018028179
43017962230 1 43019141273
43017962231 1 43018028125
43017962231 3 43019141279
43017962231 1 43019141280
43017962231 1 43019141283
43017962269 1 38723060881
43017962269 2 43019141273
43017962270 1 43019141276
43017962271 1 43019141279
43017962271 4 43019141282
43017962271 1 47314108417
43017962310 1 43019141276
43017962310 1 43019141279
43017962310 1 43019141282
43017962311 8 43019141282
43017962311 1 43019141285
43018028011 1 38723126876
43018028014 1 43018094178
43018028069 1 43019141278
43018028070 1 43019141278
43018028071 1 43019141281
43018028125 1 43018028181
43018028125 1 43019141278
43018028126 1 43019141278
43018028126 3 43019141280
43018028126 1 43019141283
43018028127 1 43019141283
43018028179 1 43019141271
43018028181 1 43019141277
43018028181 1 43019141280
43018028182 1 43019141280
43018028182 1 43019141283
43018028183 1 43019141283
43018094178 1 43035918497
43018094179 1 43035918497
43019141271 1 38724305044
43019141273 1 38724305044
43019141273 1 38724305047
43019141276 1 38724305046
43019141276 1 43019272346
43019141276 1 43019272352
43019141277 1 43019272346
43019141278 1 43019272344
43019141278 1 43036115033
43019141279 1 43019272348
43019141279 2 43019272349
43019141279 2 43019272352
43019141280 1 43019272349
43019141280 3 43019272350
43019141280 1 43019272352
43019141281 1 43019272350
43019141282 1 43019272351
43019141282 4 43019272352
43019141282 5 43019272354
43019141283 1 43019272353
43019141283 1 43019272355
43019141283 1 43019272356
43019141285 1 43019272354
43019141285 1 43019272355
43019141285 1 43019272357
43019141286 1 43019272355
43019272344 1 38724501591
43019272346 1 43019272349
43019272346 1 43019403416
43019272348 2 43019403418
43019272349 1 43019403416
43019272349 1 43019403418
43019272349 2 43019403419
43019272350 1 43019403419
43019272350 2 43019468891
43019272350 1 43019599961
43019272351 1 43019403421
43019272351 1 43019403424
43019272352 1 38724632661
43019272352 1 43019403419
43019272352 2 43019403421
43019272352 2 43019403422
43019272352 2 43019403424
43019272352 2 43019403425
43019272353 1 43019403425
43019272353 1 43019468891
43019272354 2 43019403424
43019272354 4 43019403427
43019272355 3 43019403425
43019272355 2 43019403427
43019272355 1 43019599960
43019272356 1 43019599965
43019272357 1 43019403427
43019272357 1 43019403430
43019272358 2 43019403427
43019272358 1 43019403430
43019403416 1 38724763733
43019403418 2 43019534488
43019403419 1 43019534488
43019403419 1 43019599961
43019403419 1 43019731031
43019403421 1 43019534488
43019403421 1 43019534490
43019403421 1 43019534491
43019403422 1 43019534491
43019403422 1 43019731031
43019403424 1 43019534493
43019403424 2 43019534494
43019403424 2 43019534496
43019403425 1 43019534494
43019403425 1 43019599963
43019403425 1 43019599965
43019403425 1 43019731035
43019403427 1 43019534494
43019403427 1 43019534496
43019403427 1 43019534497
43019403427 2 43019534499
43019403427 2 43019534500
43019403428 1 43019731035
43019403430 3 43019534500
43019403430 1 43019534502
43019403431 1 43019599967
43019468891 1 43019599961
43019468891 1 43019599962
43019534488 2 38724698261
43019534488 1 43019665560
43019534488 1 43019731031
43019534490 1 43019665560
43019534491 1 43019731031
43019534491 2 43019731033
43019534493 1 43019665560
43019534493 1 43019665566
43019534494 1 43019665566
43019534494 1 43019731035
43019534494 1 43019862105
43019534494 1 43019862107
43019534496 3 43019665566
43019534496 1 43019665569
43019534497 1 43019665569
43019534497 1 43019731035
43019534499 3 43019665569
43019534500 1 43019665569
43019534500 1 43019665572
43019534500 1 43019731035
43019534500 1 43019731039
43019534500 2 43019862109
43019534502 1 43019665572
43019534503 1 43019665575
43019599961 2 43019599962
43019599961 1 43019731032
43019599963 1 43019731034
43019599965 1 43019599966
43019599965 1 43019599967
43019599966 1 43019599968
43019599967 1 43019731038
43019665560 1 38724894807
43019665560 1 43019665563
43019665566 1 43019862107
43019665569 1 43019862107
43019665569 1 43019862109
43019665572 1 43019862109
43019665575 2 43019862111
43019731031 2 38724894806
43019731031 1 43019862104
43019731033 1 43019862103
43019731033 1 43019862104
43019731035 2 43019862106
43019731035 1 43019862108
43019731039 1 43019862109
43019862103 1 43019862104
43019862106 1 43019862108
43019862107 1 43019862109
43019862109 2 43019862110
43019862111 1 43019862112
43033624863 1 43050467742
43033690628 1 43033756420
43033690630 1 43033756424
43033690631 1 43033756424
43033690679 1 38738789201
43033756420 1 38756549083
43033756424 1 43034739205
43033756503 1 43034739246
43033756504 1 43034739246
43034739205 1 43051582219
43034739206 1 43051582219
43034739207 1 43034805006
43034739246 1 43034805004
43034739247 1 43034805004
43034739247 1 43034805006
43034739247 1 43034805061
43034739284 1 38756614808
43034739285 1 38756614808
43034739285 1 43034805002
43034739285 1 43034805114
43034739286 1 43034805002
43034739287 1 43034805119
43034739326 1 43034805171
43034739327 1 43034805174
43034805002 1 38756680682
43034805003 1 38756680682
43034805004 1 43034870923
43034805005 1 43034870923
43034805006 1 43051648143
43034805007 1 43051648143
43034805058 1 38756680681
43034805059 1 38756680681
43034805061 1 43034871002
43034805062 1 43034871002
43034805062 1 43034871005
43034805063 1 43034871005
43034805114 1 38739903855
43034805119 1 43034805175
43034805119 1 43034871162
43034805171 1 38739903937
43034805172 1 38739903937
43034805174 1 43034871161
43034805174 1 43034871238
43034805175 1 43034871161
43034805227 1 38739904015
43034805230 1 43034871317
43034805231 1 43034871317
43034870923 1 38739969618
43034871002 1 43034871080
43034871003 1 43034937121
43034871005 1 43034937024
43034871080 1 43034937121
43034871161 1 43034937330
43034871162 1 43034937333
43034871238 1 43034937432
43034871240 1 43034937435
43034871317 1 43035918500
43034937024 1 43035002983
43034937121 1 38740035919
43034937122 1 38740035919
43034937230 1 43035003103
43034937330 1 43035983963
43034937331 1 43035983963
43034937333 1 43035983966
43034937432 1 43035983963
43034937435 1 43035983967
43035002983 1 43035069393
43035002988 1 43035069249
43035003103 1 38740102242
43035918497 1 43036115035
43035918500 1 43036115037
43035983963 1 43035983964
43035983963 1 43036115034
43035983966 1 43035983968
43035983967 1 43036115038
43036115035 1 43036246106
43036246106 1 43036246108
43050467742 1 43067310624
43050467743 1 43067310624
43051582054 1 43068424964
43051582110 1 43068424965
43051582219 1 38756680760
43051582222 1 43051648062
43051648143 1 43051714037
43051714037 1 43051779961
43051779961 1 43051846157
43067310624 1 47363260776
43068359269 1 43068424964
47262400616 1 47262400618
47262466152 1 47262466154
47262531688 1 47262531690
47278915585 1 47278981121
47278915688 2 47278981224
47278915690 1 47278981121
47278915690 2 47278981224
47278915690 1 47278981226
47278915690 1 47312929448
47278981121 1 47279046762
47278981224 1 42984079464
47278981224 1 47279046760
47278981224 2 47279046762
47278981226 1 42984079464
47278981226 2 47279046760
47278981226 6 47279046762
47279046760 1 42967367781
47279046760 1 42984145001
47279046760 1 47279046762
47279046762 1 25770852412
47279046762 1 42967367781
47279046762 1 42984145001
47279046762 1 47279112194
47279046762 1 47279112297
47279046762 3 47279112298
47279046762 3 47279112299
47279046762 1 47279112300
47279112194 1 34537474
47279112297 1 42984210537
47279112298 1 47262400616
47279112298 1 47279177730
47279112298 1 47279177834
47279112298 1 47279177836
47279112299 1 42984210537
47279112299 5 47279177835
47279112300 1 34537474
47279112300 3 47279177835
47279112300 1 47279177836
47279177730 1 34603010
47279177833 1 42984276073
47279177834 1 47262466152
47279177835 2 42984276073
47279177835 3 47279243371
47279177835 1 47279243372
47279177836 1 34603010
47279177836 2 47279243371
47279177836 3 47279243372
47279243371 1 42984341609
47279243371 1 47262531688
47279243371 2 47279308908
47279243372 1 47262531688
47279243372 5 47279308908
47279308908 3 36438017
47279308908 1 47281078273
47279308908 1 47281078440
47281078273 1 36569089
47281078440 1 36569089
47281078440 1 47281209345
47281209345 1 47281209512
47294972048 1 67174689
47294972048 1 67174721
47294972048 1 43016847712
47294972048 1 43016847743
47294972048 1 47295037793
47294972048 2 47295037856
47294972048 8 47311814976
47294972048 1 47311814977
47294972048 7 47311815008
47294972048 3 47311815040
47294972048 1 47328592160
47294972049 3 50397537
47294972049 7 50397569
47294972049 9 50397601
47294972049 3 67174689
47294972049 2 67174721
47294972049 1 67174722
47294972049 1 67174752
47294972049 2 67174753
47294972049 1 25820201393
47294972049 2 47294972065
47294972049 4 47295037793
47294972049 11 47295037824
47294972049 14 47295037856
47294972049 1 47295037857
47294972049 6 47295037888
47294972049 1 47295692801
47294972049 1 47295692906
47294972049 1 47295692907
47294972049 3 47311814976
47294972049 3 47311814977
47294972049 6 47311815008
47294972049 6 47311815040
47294972049 1 47311880868
47294972064 5 50397537
47294972064 10 50397569
47294972064 9 50397601
47294972064 2 51052545
47294972064 3 67174689
47294972064 1 67174721
47294972064 1 67174722
47294972064 1 67174752
47294972064 2 67174753
47294972064 1 83951873
47294972064 1 21525889079
47294972064 1 25820201393
47294972064 3 43000070527
47294972064 2 43000070528
47294972064 1 43000070557
47294972064 8 43000070559
47294972064 2 43000070560
47294972064 2 43000070591
47294972064 2 43000070592
47294972064 3 43000725608
47294972064 1 43016847678
47294972064 1 43016847679
47294972064 1 43016847680
47294972064 3 43016847711
47294972064 1 43016847712
47294972064 4 43016847743
47294972064 1 43016847744
47294972064 1 43033624863
47294972064 1 47294972065
47294972064 3 47294972080
47294972064 2 47295037793
47294972064 40 47295037824
47294972064 56 47295037856
47294972064 1 47295037857
47294972064 37 47295037888
47294972064 1 47295692801
47294972064 2 47295692904
47294972064 5 47295692906
47294972064 2 47295692907
47294972064 1 47295692908
47294972064 10 47311814976
47294972064 2 47311814977
47294972064 20 47311815008
47294972064 18 47311815040
47294972064 1 47311880868
47294972064 1 47311880920
47294972065 2 50397569
47294972065 1 50397601
47294972065 6 51052545
47294972065 1 67174721
47294972065 1 67174723
47294972065 1 4362142020
47294972065 1 47295037824
47294972065 1 47295037856
47294972065 3 47295037857
47294972065 11 47295037888
47294972065 4 47295692801
47294972065 1 47295692904
47294972065 7 47295692906
47294972065 1 47311815040
47294972080 1 50397569
47294972080 1 50397601
47294972080 6 51052545
47294972080 3 67174721
47294972080 1 30166614524
47294972080 2 43000070527
47294972080 1 43000070557
47294972080 2 43000070559
47294972080 3 43000070591
47294972080 1 43000070592
47294972080 11 43000725608
47294972080 1 43016847709
47294972080 1 43016847710
47294972080 2 43016847742
47294972080 1 43033690628
47294972080 1 47278915585
47294972080 2 47278915688
47294972080 1 47278915690
47294972080 4 47295037824
47294972080 8 47295037856
47294972080 3 47295037857
47294972080 33 47295037888
47294972080 7 47295692801
47294972080 12 47295692904
47294972080 46 47295692906
47294972080 1 47295692907
47294972081 1 51052545
47294972081 1 4362142020
47294972081 1 47295692801
47294972081 3 47295692906
47295037793 1 50463448
47295037793 1 51052546
47295037793 2 47295692802
47295037824 1 50463448
47295037824 5 51052546
47295037824 1 51052547
47295037824 1 67240509
47295037824 1 67240513
47295037824 1 67240562
47295037824 2 67240613
47295037824 3 43000725609
47295037824 1 43016913519
47295037824 1 43017502825
47295037824 1 47295103703
47295037824 1 47295103704
47295037824 4 47295692802
47295037824 10 47295692907
47295037824 4 47295692908
47295037824 1 47311880765
47295037824 1 47311880815
47295037824 5 47311880919
47295037824 10 47311880920
47295037824 1 47312470123
47295037825 1 51052547
47295037856 8 51052546
47295037856 1 67240513
47295037856 1 67240562
47295037856 1 43000725607
47295037856 9 43000725609
47295037856 1 43016913569
47295037856 1 43016913571
47295037856 1 43016913623
47295037856 5 47295692802
47295037856 5 47295692905
47295037856 3 47295692906
47295037856 28 47295692907
47295037856 7 47295692908
47295037856 3 47295758443
47295037856 1 47295758444
47295037857 1 51052545
47295037857 1 51118082
47295037857 1 30149837426
47295037857 2 47295692801
47295037888 5 51052545
47295037888 1 51118082
47295037888 1 30149837426
47295037888 4 43000725608
47295037888 1 43000725609
47295037888 1 43017502820
47295037888 4 47295692801
47295037888 6 47295692904
47295037888 46 47295692906
47295037888 3 47295692907
47295037888 1 47295692908
47295037888 1 47295758338
47295037888 1 47295758441
47295037888 2 47295758443
47295037888 1 47295758444
47295103703 1 43016979521
47295103703 1 47312470123
47295103704 1 51052546
47295692801 4 51118081
47295692801 2 51118082
47295692801 1 17349607489
47295692801 1 43017962231
47295692801 3 47295758337
47295692801 1 47295758338
47295692801 3 47295758442
47295692802 4 51118082
47295692802 1 38722994852
47295692802 4 47295758338
47295692802 1 47295758444
47295692904 2 43000791144
47295692904 2 43000791145
47295692904 1 43000791147
47295692904 1 47278981224
47295692904 1 47279046762
47295692904 5 47295758440
47295692904 3 47295758441
47295692904 5 47295758442
47295692904 1 47312929448
47295692905 2 43000791145
47295692905 1 43000791147
47295692905 1 47295758441
47295692905 1 47295758443
47295692906 5 51118081
47295692906 2 51118082
47295692906 1 17349607489
47295692906 2 43000791144
47295692906 3 43000791145
47295692906 2 47278981224
47295692906 3 47278981226
47295692906 1 47279046762
47295692906 3 47295758337
47295692906 6 47295758338
47295692906 5 47295758440
47295692906 3 47295758441
47295692906 59 47295758442
47295692906 28 47295758443
47295692906 11 47295758444
47295692906 1 47295823874
47295692906 2 47295823979
47295692906 1 47295823980
47295692907 1 68289153
47295692907 1 38722994931
47295692907 6 43000791145
47295692907 1 43000791147
47295692907 1 47295758441
47295692907 2 47295758442
47295692907 32 47295758443
47295692907 8 47295758444
47295692907 1 47312535660
47295692908 4 51118082
47295692908 1 68289153
47295692908 1 30149837426
47295692908 5 47295758338
47295692908 2 47295758442
47295692908 17 47295758443
47295692908 20 47295758444
47295692908 2 47312535660
47295758337 1 51183618
47295758337 1 47295823874
47295758337 1 47295823978
47295758338 6 51183618
47295758338 2 52690945
47295758338 1 47295758444
47295758338 3 47295823874
47295758440 1 43000856680
47295758440 2 43000856681
47295758440 1 47295823977
47295758440 1 47295823978
47295758441 3 43000856681
47295758441 1 47295823977
47295758441 1 47295823979
47295758442 2 51183618
47295758442 1 43000856680
47295758442 1 43000856681
47295758442 1 43017962109
47295758442 1 47279046760
47295758442 3 47279046762
47295758442 1 47295823873
47295758442 6 47295823874
47295758442 1 47295823976
47295758442 1 47295823977
47295758442 18 47295823978
47295758442 25 47295823979
47295758442 5 47295823980
47295758442 2 47295889515
47295758442 1 47295889516
47295758443 1 34406404
47295758443 1 4363256455
47295758443 5 43000856681
47295758443 3 43000856683
47295758443 1 43002364066
47295758443 2 43002364069
47295758443 1 47295823977
47295758443 43 47295823979
47295758443 8 47295823980
47295758443 1 47297331365
47295758443 3 47297331368
47295758443 1 47312929568
47295758443 3 47312929608
47295758444 6 51183618
47295758444 5 52690945
47295758444 1 52822017
47295758444 4 47295823874
47295758444 22 47295823979
47295758444 30 47295823980
47295758444 5 47297331368
47295758444 1 47312929568
47295758444 2 47312929608
47295823873 1 51249154
47295823874 10 51249154
47295823874 1 47295889516
47295823976 1 43000922217
47295823977 1 43000922217
47295823977 1 43000922219
47295823978 1 51249154
47295823978 1 43000922217
47295823978 2 47279112299
47295823978 1 47295889410
47295823978 11 47295889515
47295823978 4 47295889516
47295823979 1 12919439390
47295823979 1 42984144997
47295823979 5 43000922217
47295823979 1 43000922219
47295823979 1 43002364066
47295823979 1 43002364069
47295823979 2 43002495138
47295823979 4 43002495141
47295823979 1 43017962269
47295823979 1 43019141276
47295823979 1 47279112298
47295823979 45 47295889515
47295823979 10 47295889516
47295823979 1 47297331365
47295823979 1 47297462437
47295823979 2 47297462440
47295823980 10 51249154
47295823980 1 52690945
47295823980 4 52822017
47295823980 1 43017962269
47295823980 1 43019141276
47295823980 1 47279112298
47295823980 2 47295889410
47295823980 23 47295889515
47295823980 29 47295889516
47295823980 1 47297331201
47295823980 1 47297331365
47295823980 5 47297331368
47295823980 1 47297462437
47295823980 2 47297462440
47295889410 1 52822017
47295889410 1 52953089
47295889410 1 47295954946
47295889515 1 30133060292
47295889515 3 43000987753
47295889515 1 43002495138
47295889515 1 43002495141
47295889515 1 47279177833
47295889515 41 47295955051
47295889515 5 47295955052
47295889515 4 47297462437
47295889515 4 47297462440
47295889516 1 34537474
47295889516 5 52822017
47295889516 1 52953089
47295889516 3 47295954946
47295889516 13 47295955051
47295889516 23 47295955052
47295889516 2 47297462437
47295889516 5 47297462440
47295889516 2 47297593512
47295954946 2 51380226
47295954946 1 52953089
47295955051 1 43001053289
47295955051 1 43001053291
47295955051 5 43002626210
47295955051 9 43002626213
47295955051 1 47279243371
47295955051 19 47296020587
47295955051 1 47296020588
47295955051 1 47297462437
47295955051 2 47297593509
47295955051 2 47297593512
47295955052 2 51380226
47295955052 5 52953089
47295955052 1 43019272355
47295955052 1 47279243371
47295955052 7 47296020587
47295955052 12 47296020588
47295955052 1 47297462437
47295955052 1 47297593509
47295955052 5 47297593512
47296020587 1 42984341609
47296020587 1 43002626213
47296020587 2 43002757282
47296020587 6 43002757285
47296020587 1 47296086123
47296020587 1 47296086124
47296020587 5 47297724581
47296020587 2 47297724584
47296020588 1 52953089
47296020588 6 53084161
47296020588 1 43002757285
47296020588 1 47296086124
47296020588 2 47297724417
47296020588 3 47297724584
47296086123 1 47297724581
47296086124 1 47297724584
47297331201 1 52822017
47297331201 1 47314239655
47297331365 1 43002495141
47297331365 2 47297462437
47297331368 2 52822017
47297331368 1 69599233
47297331368 1 43019272352
47297331368 2 47297462437
47297331368 5 47297462440
47297331368 1 47314239655
47297331368 1 47314239656
47297462437 4 43002626213
47297462437 10 47297593509
47297462437 2 47297593510
47297462440 1 43002626213
47297462440 4 47297593509
47297462440 1 47297593510
47297462440 15 47297593512
47297462440 1 47297593513
47297462440 1 47314370730
47297593509 1 43002757271
47297593509 4 43002757285
47297593509 6 47297724581
47297593509 2 47297724582
47297593509 1 47297724584
47297593509 1 47297724585
47297593510 1 43002757286
47297593510 1 43019534500
47297593510 1 47314501798
47297593512 1 53084161
47297593512 2 53084162
47297593512 1 47297724417
47297593512 1 47297724418
47297593512 2 47297724581
47297593512 14 47297724584
47297593512 6 47297724585
47297593512 1 47314501799
47297593513 1 47314501798
47297593513 1 47314501801
47297724417 3 53215233
47297724418 1 53215234
47297724581 2 43002888357
47297724581 3 43002888358
47297724581 4 47297855653
47297724581 4 47297855654
47297724582 2 47297855654
47297724582 1 47297855655
47297724584 5 53215233
47297724584 1 53215234
47297724584 1 47297855489
47297724584 1 47297855653
47297724584 2 47297855654
47297724584 9 47297855656
47297724584 8 47297855657
47297724585 3 53215234
47297724585 5 47297855657
47297724585 1 47297855658
47297855489 1 53346306
47297855490 1 70189060
47297855653 1 43003019429
47297855653 1 47297986563
47297855653 3 47297986725
47297855654 1 43003019430
47297855654 4 47297986726
47297855654 1 47297986727
47297855655 2 47297986727
47297855656 1 53346305
47297855656 1 53346306
47297855656 1 47297986562
47297855656 7 47297986728
47297855657 1 53346306
47297855657 1 53346307
47297855657 1 70189060
47297855657 1 47297986726
47297855657 6 47297986729
47297855657 4 47297986730
47297855658 1 47297986730
47297986562 1 47297986729
47297986563 1 47297986730
47297986726 1 47297986727
47297986728 1 47297986729
47311814976 1 43016913467
47311814976 1 47311815008
47311814976 5 47311880763
47311814976 3 47311880764
47311814976 1 47328657927
47311814976 2 47328657928
47311814976 1 47328657979
47311814976 2 47328657980
47311814977 2 67240457
47311814977 1 67240509
47311814977 1 67240561
47311815008 2 67240457
47311815008 1 67240509
47311815008 1 67240561
47311815008 1 43016913467
47311815008 1 43016913519
47311815008 2 47311880764
47311815008 3 47311880815
47311815008 7 47311880816
47311815008 7 47311880867
47311815008 7 47311880868
47311815040 1 67240613
47311815040 1 43016913571
47311815040 1 43016913623
47311815040 1 47311880817
47311815040 2 47311880867
47311815040 4 47311880868
47311815040 3 47311880919
47311815040 8 47311880920
47311880763 1 43016979444
47311880763 1 47311946663
47311880763 2 47311946741
47311880763 1 47328723878
47311880764 1 47311946663
47311880764 1 47311946741
47311880764 1 47311946742
47311880764 1 47328723802
47311880764 1 47328723879
47311880764 2 47328723880
47311880765 1 84083547
47311880815 1 47311946740
47311880815 2 47311946818
47311880815 1 47328723878
47311880816 2 67306409
47311880816 1 67306487
47311880816 1 84083547
47311880816 1 47311946741
47311880816 1 47311946818
47311880816 1 47311946819
47311880816 2 47311946820
47311880817 1 47311880868
47311880867 1 43017962191
47311880867 3 43017962231
47311880867 2 47311946819
47311880867 2 47312929488
47311880867 1 47312929528
47311880868 1 68289233
47311880868 1 43017962191
47311880868 1 43017962231
47311880868 1 47311946819
47311880868 1 47311946820
47311880868 1 47312929449
47311880868 1 47312929487
47311880868 4 47312929488
47311880868 1 47312929489
47311880868 1 47312929527
47311880868 1 47312929528
47311880919 4 43017502825
47311880919 1 43017962231
47311880919 1 47311880920
47311880919 2 47312470123
47311880920 1 67829762
47311880920 3 47312470018
47311880920 4 47312470123
47311880920 13 47312470124
47311946663 1 47329706624
47311946740 1 43017962111
47311946741 1 43017962111
47311946741 1 47312929408
47311946741 3 47329706624
47311946742 1 47329706585
47311946818 1 43017962151
47311946818 1 43017962191
47311946819 1 43017962191
47311946819 1 47312929447
47311946819 2 47312929488
47311946820 1 68289193
47311946820 1 47312929409
47311946820 1 47312929449
47312470018 2 68289273
47312470018 1 47312929529
47312470123 1 43017568361
47312470123 1 43017962231
47312470123 1 43017962271
47312470123 2 47312535659
47312470123 1 47312535660
47312470124 1 68289233
47312470124 3 68289273
47312470124 1 43017962271
47312470124 4 47312535660
47312470124 1 47312929489
47312470124 2 47312929529
47312470124 4 47312929568
47312470124 2 47312929608
47312535659 2 43017962311
47312535660 2 68289313
47312535660 1 47312929568
47312535660 3 47312929608
47312929408 1 47329772528
47312929409 1 68355057
47312929447 1 43018028071
47312929448 1 68355057
47312929448 1 85132217
47312929448 1 43018028071
47312929449 1 68355113
47312929449 1 68355169
47312929487 1 43018028182
47312929488 2 68355113
47312929488 1 43018028182
47312929488 3 47312995424
47312929488 1 47312995479
47312929488 1 47312995480
47312929489 1 69468161
47312929489 1 69468162
47312929527 1 43019141285
47312929528 1 69468161
47312929528 1 69468162
47312929528 1 43019141285
47312929528 1 47312995480
47312929528 1 47314108584
47312929529 1 68289352
47312929529 1 47314239657
47312929568 1 69468161
47312929568 5 47314108581
47312929568 1 47314239657
47312929608 1 69468161
47312929608 1 43019141285
47312929608 1 47314108417
47312929608 4 47314108581
47312929608 4 47314108584
47312995424 1 69468162
47312995424 2 47314108585
47312995479 1 47314108582
47312995480 1 69468162
47312995480 1 47314108582
47314108417 1 69599233
47314108417 1 47314108584
47314108581 1 43019272355
47314108581 1 43019272357
47314108581 2 43019272358
47314108581 2 47314239653
47314108581 2 47314239654
47314108582 1 47314239657
47314108584 2 69599233
47314108584 1 69599234
47314108584 1 47314108585
47314108584 1 47314239489
47314108584 2 47314239656
47314108585 1 69599235
47314108585 1 47314239491
47314108585 1 47314239657
47314239489 1 69730306
47314239491 1 69926913
47314239653 1 43019403430
47314239653 1 47314370726
47314239654 1 43019403430
47314239654 1 43019403431
47314239654 1 47314370726
47314239655 1 43036246108
47314239656 1 69730306
47314239656 2 47314370726
47314239656 2 47314370729
47314239657 1 47314370729
47314239657 1 47314370730
47314239658 1 69926913
47314370726 1 43019534503
47314370726 2 47314501799
47314370729 4 47314501799
47314370730 1 43019599966
47314370730 1 47314567265
47314501798 1 47314632871
47314501799 1 43019665575
47314501799 1 43019731038
47314501799 3 47314632871
47314501799 1 47314698335
47314501801 1 47314632874
47314501802 1 47314632871
47314567265 1 47314698338
47314632871 1 43019862111
47314632871 2 47314829407
47314698335 1 43019862111
47328592160 1 47328657876
47328657876 1 100860529
47328657927 1 47328723722
47328657928 1 47328723802
47328657979 1 47328723800
47328657980 1 47328723800
47328657980 1 47328723801
47328657980 2 47328723802
47328723722 1 47328723800
47328723723 1 47328723801
47328723800 1 43034739207
47328723800 1 43034739247
47328723801 1 43034739207
47328723801 1 43034739247
47328723801 1 47329706543
47328723802 3 85066249
47328723878 1 43034739287
47328723878 1 47329706544
47328723879 1 43034739287
47328723879 1 47329706544
47328723879 1 47329706583
47328723880 1 85066289
47329706543 1 43034805062
47329706544 1 101909153
47329706544 1 43034805062
47329706544 1 43051582222
47329706544 1 47329772360
47329706583 1 43034805119
47329706584 1 43034805119
47329706585 1 85132161
47329706624 1 85132161
47329706624 1 47329772471
47329706624 2 47329772472
47329772360 1 47329838225
47329772415 1 12954501166
47329772471 1 43034871240
47329772472 2 47329838538
47329772528 1 47329838616
47329838225 1 47329904324
47329838303 1 47329904324
47329838459 1 43034937230
47329838538 1 86441985
47329838538 1 86441986
47329838616 1 47330885802
47329904324 1 43035002988
47330885802 1 86441985
47345500862 1 47346483679
47346483679 1 43068359269
47346483680 1 43068359269
47346483720 1 43051582110
47363260776 1 47380103560
47363458044 1 47363523637
47363523637 1 43068621856
47380103560 1 135528763
