51052545 1 51118082
51052546 4 51118082
51118082 3 51183618
51118082 1 52690945
51118082 3 52690949
51118188 1 51183618
51183618 1 51249154
51183618 2 52690945
51183618 2 52822021
51183724 1 52690945
51249154 1 51314690
51314690 1 52953093
52690945 7 52822017
52690945 1 52822021
52690949 1 52822021
52690949 3 52822024
52690956 1 52822031
52822017 3 52953089
52822017 1 52953090
52822017 4 52953093
52822017 1 52953094
52822021 2 52953093
52822021 1 52953094
52822021 1 53084168
52822024 2 52953096
52822024 1 52953099
52822031 1 4347920401
52822184 1 52953089
52953089 3 53084162
52953090 2 53084162
52953093 1 53084165
52953093 4 53084166
52953093 1 53084168
52953094 1 53084166
52953094 1 53084169
52953096 2 53084171
52953099 1 53084171
52953100 1 53084171
53084162 2 53215234
53084162 4 53215235
53084162 1 53215236
53084162 1 53346307
53084165 1 53215237
53084166 1 53215238
53084166 2 53215239
53084166 3 53215241
53084168 1 53215241
53084168 1 53215243
53084169 2 53215239
53084169 1 53215243
53084171 1 53215245
53084171 2 53215246
53215234 1 53346307
53215234 1 53346308
53215235 4 53346307
53215236 1 53346308
53215237 1 53346310
53215238 1 53346311
53215239 4 53346311
53215241 3 53346311
53215241 1 53346315
53215243 1 53346315
53215245 1 4348313616
53215246 1 4348313616
53215246 1 4348313617
53346307 1 53346308
53346307 1 53346474
67109008 3 43016847679
67109008 1 47311814976
67109008 1 47311815008
67109008 1 47328592160
67174689 3 67240457
67174689 1 67240458
67174689 2 67240509
67174689 3 84017621
67174689 2 84017673
67174720 2 67240457
67174720 1 67240509
67174720 2 84017621
67174720 2 84017673
67174721 3 67240509
67174721 3 67240561
67174721 1 67240613
67174752 1 67174753
67174752 3 67240509
67174752 2 67240561
67174752 1 67240613
67174753 2 67240613
67240457 1 67240508
67240457 2 67306331
67240457 6 67306409
67240457 2 67306410
67240457 2 84083547
67240508 1 67306331
67240508 3 67306409
67240508 1 84083547
67240509 1 67240560
67240509 1 67240562
67240509 1 67306409
67240509 3 67306487
67240509 2 67306488
67240509 1 68289193
67240509 1 68289194
67240509 1 68289233
67240560 1 67306487
67240560 1 68289233
67240561 1 67829763
67240561 1 68289233
67240561 4 68289234
67240561 1 68289273
67240561 1 68289275
67240562 1 68289275
67240612 1 68289234
67240612 1 68289273
67240613 2 51052546
67240613 3 67829762
67240613 1 67829763
67240664 2 51052546
67240664 1 67829762
67306331 1 68289113
67306331 2 85066329
67306332 1 85066329
67306408 1 85066329
67306409 1 67306486
67306409 5 68289113
67306409 3 68289153
67306409 1 68289154
67306409 1 85066250
67306409 1 152829959
67306410 2 68289114
67306410 1 68289154
67306410 1 85066250
67306411 1 68289114
67306486 1 68289113
67306487 2 68289153
67306487 1 68289193
67306487 1 68289194
67306487 1 152829959
67306488 2 68289154
67829762 1 67895299
67829762 3 68289273
67829762 3 68289313
67829763 1 67895299
67829763 1 67895301
67829763 1 68289274
67829765 1 68289275
67829868 1 68289273
67829868 1 68289313
67895301 1 52690956
68289113 1 68355001
68289113 3 68355002
68289113 2 68355003
68289113 1 68355058
68289114 1 68355003
68289114 2 68355004
68289152 1 85132217
68289153 1 68355002
68289153 2 68355057
68289153 1 68355058
68289153 3 68355113
68289153 1 68355114
68289153 1 69468167
68289154 1 68355060
68289154 1 68355061
68289154 1 68355116
68289192 1 68355113
68289193 1 68289233
68289193 1 68355113
68289193 2 68355169
68289193 1 68355170
68289194 2 68355171
68289194 1 69468171
68289233 1 68355169
68289233 1 68355170
68289233 1 68355171
68289233 3 69468161
68289233 1 69468162
68289233 1 69468168
68289234 2 69468168
68289234 1 69468174
68289234 2 69468175
68289272 1 69468161
68289273 5 69468161
68289273 2 69468165
68289274 1 69468172
68289275 2 4364435474
68289312 2 69468161
68289313 4 69468161
68289313 2 69468165
68355001 1 69468167
68355001 1 85198049
68355001 1 85198051
68355001 1 85198130
68355002 2 68421147
68355002 1 68421148
68355002 1 69468167
68355002 1 85198209
68355003 2 68421150
68355004 1 4364435475
68355004 1 4364435479
68355057 1 68421147
68355057 1 69468163
68355057 2 69468166
68355057 1 47329838615
68355058 1 68421147
68355058 1 69468170
68355059 1 4380165587
68355060 1 4364435473
68355060 1 4364435475
68355061 1 4364435476
68355112 1 69468163
68355113 1 69468162
68355113 3 69468166
68355113 1 85198207
68355114 1 69468169
68355116 1 69468174
68355169 2 69468162
68355169 1 69468166
68355170 2 69468166
68355171 2 69468169
68421145 1 85264379
68421147 3 69468167
68421148 1 69468167
68421148 1 69468170
68421150 1 69468173
68421150 1 4364435472
69468161 3 69599233
69468161 7 69599234
69468161 1 69599237
69468161 4 69599238
69468162 4 69599234
69468162 2 69599235
69468162 1 69599238
69468163 1 69599236
69468164 1 69599236
69468165 2 69599237
69468165 1 69599238
69468165 1 69599240
69468165 1 69599241
69468166 5 69599236
69468166 2 69599241
69468167 1 69599242
69468167 1 69664776
69468167 2 69795846
69468167 1 69795848
69468168 1 69599241
69468168 1 69599243
69468169 1 69599241
69468169 1 69599242
69468169 2 69599243
69468170 1 69599245
69468170 1 69795849
69468171 1 69599243
69468171 1 4364566542
69468172 1 69599247
69468173 1 4364763148
69468174 2 4364566545
69468175 2 4364566545
69599233 1 69730306
69599233 1 69730310
69599234 6 69730306
69599234 4 69730307
69599234 3 69730308
69599234 1 69730310
69599235 1 69795841
69599235 1 69926913
69599235 1 69926915
69599236 1 69730308
69599236 3 69795844
69599236 2 69926915
69599236 1 69926918
69599237 2 69730310
69599238 3 69730308
69599238 2 69730310
69599238 1 69730311
69599239 1 69926918
69599240 1 69730313
69599241 1 69730311
69599241 2 69730314
69599241 1 69730315
69599242 1 69795848
69599242 1 69926920
69599243 2 69730317
69599243 1 69730318
69599244 1 4347920411
69599245 1 4364763146
69599247 1 4347920411
69599247 1 4364697617
69599401 1 69730307
69599402 1 69795841
69664776 1 4364763147
69664778 1 4364763147
69730306 5 69861379
69730306 2 69861380
69730307 1 69861380
69730307 1 69926913
69730307 2 70057985
69730308 2 69861380
69730308 2 69926916
69730308 2 70057988
69730308 1 70057990
69730310 1 53084166
69730310 1 53084169
69730310 1 69861380
69730310 2 69861383
69730310 1 69861385
69730311 1 69861383
69730311 1 70057992
69730313 1 69861383
69730313 1 69861387
69730314 1 69861389
69730314 1 69926920
69730314 1 70057992
69730315 1 69861387
69730315 1 69861389
69730317 2 4365025290
69730318 1 4364828688
69795841 1 69926914
69795844 1 69926915
69795844 2 69926917
69795846 1 69926919
69795848 1 69926919
69795848 1 69926921
69795849 1 69795850
69861379 2 69992451
69861379 1 69992452
69861379 2 70189057
69861380 2 69992452
69861380 2 70057988
69861380 2 70189060
69861383 1 69992455
69861383 1 70057990
69861383 1 70189062
69861385 1 69992455
69861387 1 69992461
69861389 1 70057994
69861389 1 4365156362
69926913 1 69926914
69926913 1 70057987
69926915 2 69926916
69926915 1 69926917
69926916 1 70057987
69926916 1 70057989
69926918 1 70057991
69926920 1 70057991
69926920 1 70057993
69992451 2 70189057
69992452 1 70189057
69992455 1 70189062
70057985 1 70057987
70057985 1 70189058
70057986 1 70189059
70057987 2 70057988
70057987 1 70189059
70057988 3 70189059
70057990 1 70189061
70057990 1 70189063
70057991 1 70057993
70057992 1 70189063
70057992 1 4365156361
70057993 1 4365156361
70057994 1 4365156361
70189057 1 70189058
70189057 2 70189060
70189059 1 70189061
70189063 1 70189064
70189063 1 70189065
83951841 1 100794733
83951873 6 84017569
83951873 5 84017621
83951873 1 100794785
83951904 3 84017569
83951904 2 84017621
84017569 1 84083314
84017569 1 84083391
84017569 1 84083392
84017569 6 100860529
84017569 2 100860530
84017569 1 100860531
84017620 1 84083391
84017620 2 100860529
84017621 2 84083391
84017621 4 84083392
84017621 2 84083469
84017621 3 84083470
84017621 1 84083548
84017621 1 100860532
84017621 1 47328723724
84017622 1 100860532
84017672 1 84083392
84017672 1 84083469
84017672 1 47328723724
84017673 1 84017674
84017673 1 84083469
84017673 1 84083470
84017673 3 84083547
84017673 1 84083548
84017724 2 84083547
84083314 1 84083392
84083391 6 85066209
84083391 2 101843425
84083392 2 85066210
84083392 2 85066250
84083392 1 101843425
84083392 1 101843426
84083468 1 85066209
84083469 2 85066249
84083469 1 85066289
84083470 2 85066250
84083470 1 85066290
84083547 4 85066289
84083547 2 85066329
84083547 1 85132161
84083548 2 85066290
85066209 2 85131994
85066209 2 101909153
85066209 1 101909154
85066209 1 101909209
85066209 2 101909210
85066210 1 85131995
85066210 1 85131996
85066248 1 101909153
85066249 1 85131994
85066249 3 85132049
85066249 1 85132050
85066249 1 85132051
85066249 1 85132106
85066250 1 85131996
85066250 1 85132051
85066250 2 85132052
85066250 1 4396876453
85066288 2 85132049
85066289 2 85132105
85066289 3 85132106
85066289 1 85132161
85066289 1 85132162
85066289 1 85198207
85066290 1 85132108
85066290 1 85132163
85066290 1 85132164
85066328 1 85132050
85066328 1 85132161
85066329 1 85131994
85066329 1 85132161
85066329 2 85132162
85066329 1 85132217
85066329 1 85132218
85066329 1 85198287
85066330 1 85198287
85066368 1 85132161
85131993 1 101975110
85131994 2 85197897
85131994 1 101974958
85131995 1 85197897
85131995 1 85197899
85131996 3 85197899
85132049 2 85197972
85132049 2 85197974
85132049 1 85198051
85132050 2 85197974
85132050 1 101975035
85132050 1 4380165352
85132050 1 4396942333
85132051 1 85197974
85132051 1 85197976
85132051 1 101974958
85132052 1 4380165275
85132052 1 4380165352
85132104 1 85197971
85132105 2 85198050
85132105 1 85198127
85132105 1 85198128
85132106 1 85198050
85132106 3 85198129
85132106 1 101975035
85132108 1 85198055
85132161 1 85197971
85132161 1 85198128
85132161 3 85198206
85132161 2 85198283
85132161 2 85198284
85132162 1 85198129
85132162 1 85198133
85132162 1 85198208
85132162 1 85198211
85132162 2 85198286
85132163 1 85198133
85132163 1 85198211
85132164 1 85198211
85132164 1 4364435484
85132165 1 4364435484
85132216 1 85198283
85132217 1 85198128
85132217 3 85198284
85132218 2 85198133
85132218 1 85198286
85132218 1 4380165351
85197897 1 85263976
85197897 1 4380231172
85197899 1 4380231174
85197899 2 4380231277
85197971 1 85263971
85197971 1 85264072
85197971 1 47346681337
85197972 2 85263972
85197973 1 85263972
85197974 1 85263975
85197974 1 85264077
85197974 1 4380231377
85197975 1 85264077
85197975 1 4380231377
85197976 1 4380231377
85198049 1 47346681337
85198049 1 47346681438
85198050 1 85264175
85198050 1 85264176
85198051 1 85263873
85198051 1 85264176
85198051 1 85264178
85198055 1 4380231481
85198126 1 85264173
85198126 1 47346681337
85198127 1 85264379
85198128 1 85264075
85198128 1 85264279
85198128 2 85264379
85198129 1 85264075
85198129 1 85264079
85198129 1 85264279
85198129 3 85264280
85198129 1 4380231478
85198130 1 85264181
85198130 1 85264280
85198133 1 4380231381
85198205 1 85264175
85198205 1 85264378
85198205 1 86441987
85198206 1 85264075
85198206 1 85264379
85198206 3 85264380
85198207 1 85264179
85198207 1 86441991
85198208 1 4381409289
85198209 1 85264283
85198211 1 4380231584
85198211 1 4381212694
85198283 1 86245379
85198283 1 86245380
85198284 2 86245380
85198284 3 86245383
85198285 2 86245383
85198286 1 86245386
85198286 2 86245389
85198287 1 86245392
85263873 1 4397074076
85263969 1 102172914
85263971 1 85329917
85263971 1 12937723956
85263972 1 85329918
85263972 1 85330039
85263973 1 85330039
85263975 1 4380297340
85263976 1 4380297221
85263977 1 4380297221
85264072 1 85330036
85264075 1 85329922
85264075 1 85330041
85264077 1 85330042
85264173 1 85330274
85264174 1 85330037
85264175 1 85330159
85264175 1 85330278
85264176 1 85330278
85264177 1 85330041
85264178 1 85330281
85264179 1 4380297219
85264181 1 4380297344
85264275 1 86310913
85264277 1 85330159
85264279 1 86310918
85264280 1 86310919
85264280 1 86310920
85264280 1 86310921
85264281 1 86310921
85264283 1 4380297582
85264378 1 86310916
85264379 1 85330278
85264379 2 86310916
85264380 1 86310916
85264380 1 86310918
85264380 1 86441989
85264382 1 86310920
85329917 1 85396304
85329918 1 85396305
85330036 1 85396455
85330037 1 85330157
85330038 1 85396305
85330039 1 85396308
85330041 1 4380363607
85330042 1 4380363760
85330159 1 4380363607
85330278 1 85396461
85330278 2 86310917
85330281 1 4381278217
85396308 1 85396460
86245379 1 86441985
86245380 3 86441988
86245383 1 86441988
86245383 3 86441990
86245386 1 86441992
86245389 1 86441994
86245389 1 4381409290
86245392 1 4381409292
86310913 1 86441986
86310916 3 86441987
86310916 1 86441989
86310918 2 86441989
86310918 1 86441991
86310919 1 86310920
86310920 1 86441993
86310921 1 86310922
86441987 1 86441988
86441987 1 86441989
86441988 1 86441990
86441988 2 86573061
86441989 1 86441991
86441990 1 86573061
86441990 3 86573063
86441991 1 86441992
86441991 1 86441993
86441992 1 4381540361
86441994 1 4364763147
100794733 1 100860451
100794733 1 100860453
100794733 1 117637589
100794734 1 100860453
100794784 1 100860451
100794784 1 117637589
100794785 3 100860451
100794785 1 100860529
100794785 1 100860530
100794836 1 100860451
100860451 2 101843345
100860451 1 118620561
100860451 1 47346483640
100860453 1 101843347
100860529 1 101843345
100860529 4 101843385
100860529 1 101843386
100860529 1 101843426
100860530 1 101843385
100860530 4 101843386
100860530 1 101843426
100860531 1 101843387
100860532 1 118620524
101843345 1 101909041
101843345 1 101909042
101843345 1 118686257
101843345 1 118686258
101843347 1 4413653558
101843385 3 101909097
101843385 1 101909098
101843385 1 101909099
101843385 5 101909154
101843386 1 101909043
101843386 2 101909099
101843386 1 101909101
101843386 1 101909156
101843387 1 4396876397
101843424 1 101909097
101843425 5 101909154
101843425 1 101909155
101843426 2 101909156
101909041 1 101974798
101909041 1 118752014
101909042 1 118752015
101909043 1 101974802
101909097 3 101974876
101909097 1 101974877
101909098 1 101974878
101909099 2 101974880
101909101 1 4396942260
101909102 1 4396942183
101909153 1 101974953
101909153 2 101975032
101909154 2 101974955
101909154 2 101974956
101909154 2 101974957
101909154 1 101975033
101909155 1 101975035
101909156 1 101975037
101909156 1 4396942256
101909209 1 101975032
101909210 1 101975034
101909210 1 101975035
101974798 1 118883509
101974802 1 4413785096
101974875 1 102040676
101974876 2 102040677
101974876 1 102040678
101974877 1 102040782
101974878 1 4397008082
101974879 1 4397008082
101974880 1 4397007982
101974953 1 102040778
101974955 1 102040781
101974955 1 102040782
101974955 1 102040883
101974956 1 102040885
101974956 1 102040886
101974957 1 102040887
101974957 1 4397008184
101974958 1 4413784995
101975031 1 102040982
101975032 1 102040983
101975032 2 102040984
101975033 1 102040985
101975034 1 102040987
101975035 1 102040887
101975035 1 102041091
101975035 1 4397008184
101975035 1 4413785096
101975037 1 4397008289
101975109 1 102041084
101975110 1 102040984
102040676 1 102106412
102040677 2 102106413
102040678 1 102106414
102040778 1 102106652
102040779 1 102106652
102040781 1 102106656
102040782 1 102106538
102040883 1 102106775
102040885 1 102106658
102040886 1 4397074075
102040887 1 4397074079
102040982 1 102106892
102040983 1 102106773
102040984 3 102106894
102040985 1 102106776
102040987 1 102106779
102041084 1 102107011
102041091 1 4397074319
102106412 1 102172302
102106413 2 102172304
102106414 1 102172307
102106538 1 4397139914
102106652 1 102172607
102106656 1 102172613
102106658 1 4397140065
102106773 1 102172911
102106775 1 102172763
102106776 1 102172917
102106778 1 4397140065
102106779 1 4397140217
102106892 1 102173062
102106894 1 102172913
102106894 1 102173067
102106894 1 102173218
102107009 1 102173214
102107011 1 102173213
102172763 1 102172915
102172913 1 102173065
102173062 1 102173063
117637589 3 118620521
118620521 1 118686145
118620521 1 118686146
118620521 1 118686201
118620521 1 118686203
118620522 1 118686203
118620524 1 4413653448
118620561 1 118686201
118620561 1 118686203
118620561 1 118686257
118620600 1 118686201
118686145 1 118751781
118686146 1 118751704
118686146 1 118751781
118686201 1 118751858
118686201 1 118751936
118686203 1 118751863
118686203 1 118751939
118686257 1 118751937
118686257 1 118752014
118686258 2 118751937
118751704 1 135594501
118751781 1 118817385
118751858 1 118817485
118751863 1 4413784689
118751935 1 118817586
118751936 1 118817587
118751937 2 118817692
118751939 1 4413784890
118751940 1 4413784890
118752014 1 118817689
118752014 1 118817792
118752015 1 118817794
118752016 1 118817794
118817385 1 118882791
118817485 1 118883029
118817489 1 38790561875
118817490 1 38790561875
118817586 1 118883148
118817587 1 118883148
118817689 1 118883268
118817692 1 118883272
118817692 1 118883273
118817792 1 118883389
118817794 1 118883393
118882791 1 118948307
118882909 1 38790561875
118882911 1 118948307
118883029 1 118948456
118883148 1 118948759
118883148 1 118948911
118883268 1 118949062
118883272 1 118948917
118883273 1 4413916214
118883389 1 118949217
118883393 1 4413916518
118883509 1 118949216
118948456 1 118948608
134414493 1 152698890
134414571 1 152567821
134414648 1 152567821
135397617 1 135463138
135397617 1 152567821
135463138 1 135528531
135528531 1 4447993870
135594501 1 135659891
135659891 1 4430692371
152174793 1 152567817
152174793 1 4448124939
152567810 1 152698883
152567817 1 152698890
152698883 1 152829955
152698883 1 152829956
153026564 1 153157635
153026564 1 153157636
153157635 1 153288707
4347920401 1 4348051476
4348051476 1 4348182551
4348182551 1 4348313625
4364435472 1 4364566550
4364435473 1 4364566550
4364435474 1 4364566548
4364435475 1 4364566553
4364435476 2 4364566553
4364435479 1 4364566556
4364435484 1 4364435487
4364566542 1 4364697619
4364566545 2 4364697620
4364566545 1 4364697622
4364566545 1 4364697623
4364566548 1 4364697626
4364566550 1 4364697628
4364566550 1 4364763150
4364566553 1 4364697631
4364566553 1 8659861524
4364566556 1 4364566559
4364697617 1 4364697620
4364697619 1 4365025296
4364697620 2 4364828697
4364697622 1 4365025298
4364697623 1 4364828700
4364697626 1 4364828700
4364697631 1 8660123674
4364763146 1 4364894220
4364763147 1 4364763148
4364763147 1 4364763149
4364763148 1 4364763149
4364763148 1 4364894223
4364763150 1 4364894223
4364763150 1 4364894225
4364828688 1 4365156364
4364894220 1 4364894221
4364894225 1 4364894226
4365025290 2 4365156363
4365025296 1 4365156370
4365025298 1 8660123666
4380165352 1 4380231484
4380231172 1 17249599551
4380231174 1 4380297227
4380231274 1 17249599551
4380231277 1 4380297349
4380231277 1 17249599557
4380231377 1 4380297587
4380231381 1 4380231483
4380231481 1 8676245522
4380231584 1 8676245525
4380297219 1 4397140374
4380297221 1 4380363768
4380297226 1 8676245528
4380297226 1 17249599551
4380297227 1 12971212827
4380297229 1 12971212827
4380297229 1 17249599557
4380297340 1 4380363765
4380297349 2 12971212827
4380297587 1 8676245523
4381212694 1 4381409296
4381409289 1 4381409291
4381409290 1 4381409291
4381409290 1 4381540363
4381409292 1 4381540365
4381409296 1 8659730452
4395696356 1 4395762035
4395762035 1 4412604895
4396876397 1 4396942183
4396876453 1 4396942182
4397007982 1 4397073723
4397008082 1 4397073844
4397008184 1 4397074079
4397074075 1 4397140219
4397074076 1 4397139766
4397074319 1 12971212828
4412604895 1 34512437384
4413587821 1 4413653503
4413587821 1 34512437384
4413587822 1 4413653503
4413653448 1 8725463446
4413653503 1 4413719160
4413719160 1 118817489
4413784890 1 4413850337
4413785096 1 4413850819
4413785096 1 13020758044
4413850337 1 4413850457
4430561706 1 8725529003
4430823437 1 4430954506
4447862796 1 4447993871
4447862796 1 4447993872
4447993866 1 4448124939
4447993868 1 4447993870
4447993868 1 4448124944
4447993870 1 4447993872
8659861524 1 8659992598
8660123666 1 8660123667
8676245522 1 8676376598
8676245523 1 8676245524
8676245525 1 8676245526
8676245528 1 12954566686
8676245529 1 12954566686
8676376598 1 8676376600
8676376599 1 8676376600
8708686312 1 4430561706
8708686313 1 4430561706
8708817407 1 4430823437
8708817407 1 4430823439
12919177247 1 17230987309
12919177249 1 17230987309
12971212827 1 12971343906
12971212828 1 12971212829
12971212828 1 12971343906
12985630955 1 13002473802
12985630956 1 13002473802
12986745326 1 12986811060
12986745327 1 12986811060
12986811060 1 12986876867
12986876867 1 12986942697
12986942697 1 12987008573
12986942799 1 12987008573
12987008573 1 12987074530
13002473802 1 13002539425
13002473803 1 13002539425
13002539425 1 13003522421
13002539503 1 13003522421
13003522421 1 13003588049
13003522422 1 13003588049
13003588049 1 8708686312
13003588107 1 152829959
13003588107 1 13003653769
13003653769 1 13003719298
13003719298 1 4430954506
17230987309 1 43034739205
17230987310 1 43034739205
17263821070 1 17280663938
17264935409 1 17265001198
17265001198 1 17281844243
17280663938 1 17280729665
17280663990 1 17280729665
17280729665 1 17280729666
17281844243 1 12986942901
17281844320 1 12986942901
21525234065 1 21525889080
21525234097 1 21525889080
21525889080 1 21525954616
21525889080 1 21542731832
21525889081 1 21525954616
21525954616 1 21526020153
21525954617 1 21526020153
21526020153 1 21527527514
21527527514 1 25839403098
21542011185 1 21542076963
21542011185 1 21558854180
21542076963 1 21558920067
21542076964 1 21558920067
21542731832 1 21543125773
21543125773 1 21544304730
21544304730 1 21544435803
21544435803 1 21544566873
21544566873 1 21544697945
21544697945 1 25839861812
21558854180 1 25853887286
21558920067 1 25854870086
21575565553 1 21575631239
21575565553 1 21575631240
21575631239 1 21592474109
21575631240 1 21575696972
21575631240 1 21592474109
21575696972 1 25888424358
21592474109 1 25888424318
21592474110 1 25888424318
25820201362 1 25837044417
25820201393 1 25820856379
25820201394 1 25820856379
25820856379 1 25820921915
25836978513 1 25837044312
25836978514 1 25837044312
25837044262 1 25853887366
25837044312 1 25837110227
25837044313 1 25837110227
25837044314 1 25837110230
25837044417 1 25838092951
25837044417 1 25838092991
25837110227 1 25854870127
25837110230 1 25854870128
25838092951 1 25838158864
25838092991 1 25838158977
25838093031 1 25838158977
25838158864 1 25838224966
25838158865 1 25838224966
25838158977 1 25839272038
25838224966 1 25856049256
25839272038 1 30134370411
25839403098 1 25839534174
25839534174 1 25839665244
25839665244 1 25839796316
25839796316 1 25839992886
25839861812 1 25839992885
25853755665 1 25853755666
25853755666 1 25853821373
25853821373 1 25853887133
25853821374 1 25853887133
25853821426 1 25853887289
25853887133 1 25871647225
25853887286 1 25854870046
25853887289 1 25854870008
25853887366 1 25854870088
25853887367 1 25854870088
25854870008 1 25854935802
25854870046 1 25854935855
25854870086 1 25854935911
25854870088 1 25854935914
25854870127 1 25854935969
25854870128 1 25854935971
25854935802 1 30166746151
25854935855 1 25855001791
25854935856 1 25855001791
25854935911 1 25855001868
25854935914 1 30149969169
25854935969 1 25855002107
25854935971 1 30149969327
25855001791 1 25855067907
25855001868 1 25855067905
25855001869 1 25855067907
25855002107 1 30151016561
25855067905 1 25855133999
25855067907 1 25855134002
25856049253 1 21527658582
25856049256 1 30151213119
25871647183 1 25888490066
25888424318 1 25888490007
25888424358 1 25888490007
25888490007 1 25888555676
25888490007 1 25888555755
25888490066 1 30183522904
25888555676 1 25888621317
25888555755 1 25888621420
25888621317 1 25888686871
25888621420 1 25888687113
25888686871 1 25888752470
25888687113 1 30183720073
25922371686 1 25922502752
30134370411 1 30134501486
30134435909 1 34429534281
30134501486 1 30134698051
30134698051 1 30134829125
30149969169 1 30150035311
30150035311 1 30150101429
30150101429 1 34446049352
30151016561 1 30134435909
30151213119 1 30151344192
30166746151 1 30166812120
30166746229 1 30166812120
30200561774 1 25939279969
30200561774 1 25939279972
34429206661 1 34429337724
34429534285 1 34429665353
34429665353 1 34429665355
34429665355 1 34429796425
34444804608 1 38756614805
34444870461 1 34444936473
34446049352 1 34446049354
34446049353 1 34446049354
34446180427 1 34446180429
34446180428 1 34446180429
34446180428 1 34446180430
34461911540 1 34461911541
34461911696 1 34461911697
34478490360 1 34478490361
34478555829 1 30200627265
34478555830 1 30200627265
34478621724 1 34478687230
34478621725 1 34478687230
34478621965 1 34478621966
34478687230 1 34478687382
34495201658 1 34495201715
38707789975 1 38707921044
38707921044 1 38708052114
38723060714 1 38739903937
38723060770 1 38724173966
38723126872 1 34429206652
38723126877 1 38724173970
38723126877 1 43018094174
38724173966 1 38724305031
38724173968 1 34429534285
38724173968 1 34429665353
38724173970 1 38724305037
38724173972 1 38724305037
38724173972 1 38724305038
38724173972 1 38724305040
38724173975 1 38724305037
38724305031 1 34429468802
38724305037 1 34429665355
38724305037 1 34429796427
38724305037 1 38724305040
38724305040 1 34429796427
38724305040 1 34429796429
38724305044 1 38724436109
38724305044 1 38724567181
38724305045 1 38724501587
38724305047 2 38724436114
38724436109 1 38724436112
38724436114 1 38724763729
38724436114 1 38724894799
38724436117 1 38724567186
38724436117 1 38724567189
38724436117 1 38724763729
38724436117 2 38724763731
38724436119 1 38724567186
38724436120 1 38724567189
38724436120 1 38724763731
38724501587 1 38724632658
38724501591 1 38724632661
38724501591 1 38724632662
38724567181 1 38724567184
38724567186 1 38724763731
38724567186 1 38724894803
38724567189 2 38724894803
38724632661 4 38724632662
38724763729 1 38724894799
38724763729 1 38724894801
38724763731 1 38724894801
38724763731 2 38724894802
38724763731 1 38724894803
38724763733 1 38724894806
38724763735 1 38724894806
38724894799 1 38724894800
38724894801 1 38724894802
38724894802 2 38724894804
38724894803 1 38724894804
38724894803 1 38724894805
38724894806 1 38724894808
38738789200 1 38739771946
38739771946 1 34444870461
38739837762 1 38756680757
38739837873 1 38739904010
38739837874 1 38739904010
38739903780 1 38739970021
38739903858 1 38739970122
38739903935 1 38739904013
38739903937 1 38739970028
38739904010 1 34429206661
38739904011 1 34429206661
38739904014 1 34429206651
38739904014 1 38724173968
38739904015 1 34429206651
38739904015 1 38724173968
38739969720 1 38740035912
38739969822 1 38739969823
38739969925 1 38741016655
38739969926 1 38741016657
38739970028 1 34445983871
38739970028 1 43035003220
38739970029 1 43035003220
38739970122 1 38739970123
38739970129 1 38741016659
38739970130 1 38741016657
38740035559 1 34461911540
38740035682 1 38740102090
38740035683 1 38740102090
38740035800 1 38740101931
38740035912 1 34446049353
38740035913 1 34446049353
38740036041 1 38741016660
38740036042 1 38741016660
38740101931 1 38740101932
38740101942 1 38740101943
38740102095 1 38740102247
38740102243 1 38740102244
38740951186 1 38741147729
38740951189 1 38741147731
38740951189 1 38741147733
38741016655 1 34446180427
38741016657 1 34446180428
38741016657 1 38741016658
38741016663 1 38741016664
38741147729 1 34429534287
38741147731 1 38741278802
38741147733 1 38724501586
38741147733 1 38741278802
38741147733 1 38741278804
38741278806 1 38741278808
38756549083 1 38756614750
38756614750 1 34478490360
38756614751 1 34478490360
38756614805 1 38773457741
38756680681 1 38756680759
38756680682 1 34461779222
38756680762 1 38756746627
38756746323 1 34478621965
38756746526 1 38756746527
38756746627 1 34461845111
38756746631 1 25856049253
38756746734 1 25839403104
38756746734 1 38756812654
38756812056 1 38773654842
38756812171 1 38756812172
38756812177 1 38756877935
38756812296 1 38756878390
38756812416 1 38756878540
38756812533 1 21527658582
38756812533 1 21527658586
38756812533 1 34461911691
38756812653 1 25839403104
38756812653 1 30151082047
38756812654 1 34461911545
38756812655 1 34461911545
38756812655 1 34461911696
38756812657 1 38756812658
38756877935 1 38756877936
38756878245 1 38756878246
38756878540 1 38756878541
38756878850 1 38756878851
38773326257 1 25922371686
38773326257 1 34495201658
38773326259 1 38773391968
38773391968 1 38773457663
38773457663 1 38773523330
38773457664 1 34478555829
38773457665 1 34478555829
38773523132 1 38773588548
38773523236 1 38773588668
38773523330 1 34478621724
38773523435 1 38773523436
38773523438 1 38773589146
38773588793 1 38773654239
38773589029 1 38773589030
38773589031 1 38773654692
38773589032 1 38773654692
38773655004 1 38773655005
42984013925 1 85066329
43000070527 1 43000070560
43000070527 2 43000725609
43000070528 3 43000725609
43000070560 2 43000725609
43000725609 9 43000791145
43000725611 5 43000791145
43000791143 1 43002364066
43000791145 1 43000856679
43000791145 5 43000856681
43000791145 1 43002364063
43000791145 1 43002364066
43000791145 1 43002364069
43000791147 1 43000856681
43000791147 1 43002364069
43000856679 1 43002364063
43000856681 1 43000922217
43000856681 2 43002364066
43000856681 1 43002495135
43000922217 1 43002495138
43002364063 1 43002495132
43002364063 4 43002495135
43002364066 1 43002495135
43002364066 8 43002495138
43002364069 5 43002495138
43002364069 2 43002495141
43002495132 1 43002626201
43002495135 4 43002626205
43002495135 2 43002626207
43002495138 1 43002626207
43002495138 3 43002626208
43002495138 5 43002626210
43002495138 2 43002626211
43002495138 1 43002626213
43002495138 1 43002757280
43002495141 2 43002626210
43002495141 1 43002626211
43002495141 1 43002626214
43002495141 1 43002757286
43002626201 1 38707789975
43002626205 2 43002757274
43002626205 2 43002757277
43002626207 2 43002757280
43002626208 3 43002757280
43002626210 2 43002757282
43002626210 5 43002757283
43002626211 3 43002757280
43002626211 2 43002757283
43002626213 1 43002757283
43002626213 1 47297724582
43002626214 1 43002757283
43002757274 2 43002888344
43002757277 2 43002888347
43002757280 2 43002888349
43002757280 4 43002888350
43002757280 1 43002888352
43002757282 2 43002888352
43002757283 1 43002888352
43002757283 2 43002888353
43002757283 3 43002888355
43002757283 2 43002888356
43002757286 1 43002888355
43002888344 2 43003019416
43002888347 3 43003019416
43002888349 2 43003019422
43002888350 1 43003019419
43002888350 3 43003019422
43002888352 1 43003019422
43002888352 2 43003019424
43002888352 1 43003019425
43002888353 2 43003019422
43002888353 2 43003019425
43002888355 4 43003019425
43002888355 1 43003019428
43002888356 2 43003019425
43002888356 1 43003019428
43003019419 1 43003019422
43016781968 1 4395696356
43016847679 2 43016847712
43016847679 3 43016913466
43016847679 2 43016913467
43016847679 1 43016913517
43016847679 3 43016913518
43016847679 1 43016913519
43016847679 1 43016913571
43016847679 1 43033690629
43016847679 2 43033690682
43016847680 1 43016913466
43016847680 4 43016913467
43016847680 2 43016913518
43016847680 3 43016913519
43016847680 2 43033690631
43016847680 1 43033690682
43016847711 1 43016913519
43016847711 3 43016913570
43016847711 4 43016913571
43016847711 1 43016913622
43016847712 1 43016913518
43016847712 2 43016913519
43016847712 2 43016913570
43016847712 6 43016913571
43016847712 1 43016913622
43016913465 1 43033756421
43016913466 2 43016979442
43016913466 1 43033756421
43016913466 1 43033756579
43016913467 1 43016979366
43016913467 1 43016979443
43016913467 3 43016979444
43016913467 2 43033756581
43016913517 1 43016979441
43016913518 1 43016913571
43016913518 1 43016979519
43016913518 2 43016979520
43016913518 1 43017962190
43016913519 1 43016979443
43016913519 2 43016979444
43016913519 1 43016979520
43016913519 3 43016979521
43016913519 1 43016979522
43016913519 2 43017962191
43016913519 1 43017962230
43016913570 1 43017962190
43016913570 1 43017962230
43016913570 1 43017962269
43016913571 5 43017502825
43016913571 2 43017962230
43016913571 4 43017962231
43016913622 2 43017502823
43016913623 6 43017502825
43016979366 2 43034739327
43016979441 1 43017962109
43016979442 1 12919177247
43016979442 1 43017962110
43016979442 1 43017962149
43016979442 1 43034739285
43016979443 1 12919177247
43016979443 1 43017962150
43016979443 1 43034739285
43016979444 3 43017962111
43016979444 2 43017962151
43016979519 1 43017962149
43016979520 1 43017962149
43016979520 1 43017962189
43016979521 1 43017962149
43016979521 2 43017962150
43016979521 1 43017962190
43016979521 1 43034739285
43016979522 1 43017962151
43016979522 3 43017962190
43016979522 5 43017962191
43016979522 1 43034739327
43017502823 1 43000791143
43017502823 1 43017962309
43017502825 3 43017568361
43017502825 5 43017962270
43017502825 3 43017962271
43017502825 1 43017962310
43017502825 2 43017962311
43017502827 1 43017568361
43017568361 3 43002364063
43017962109 1 43018028011
43017962110 1 43017962150
43017962111 1 43018028013
43017962111 2 43018028014
43017962149 1 38723060714
43017962149 1 38723060770
43017962149 1 43018028011
43017962149 2 43018028067
43017962149 1 43018028068
43017962150 1 43018028012
43017962150 3 43018028067
43017962150 1 43018028068
43017962150 1 43018028069
43017962150 1 43018028125
43017962151 1 43018028012
43017962151 1 43018028069
43017962151 3 43018028070
43017962151 1 43018028125
43017962151 2 43018028126
43017962189 1 38723060714
43017962189 1 43018028179
43017962190 3 43018028179
43017962190 3 43018028180
43017962190 1 43018028181
43017962190 1 43019141274
43017962191 3 43018028126
43017962191 1 43018028180
43017962191 3 43018028181
43017962191 6 43018028182
43017962230 1 43018028178
43017962230 2 43018028180
43017962230 1 43019141273
43017962230 1 43019141274
43017962230 2 43019141276
43017962230 1 43019141279
43017962231 2 43018028182
43017962231 5 43019141279
43017962231 2 43019141280
43017962231 5 43019141282
43017962231 1 43019141285
43017962269 1 43019141273
43017962270 1 43017962310
43017962270 1 43019141276
43017962270 3 43019141279
43017962271 2 43019141279
43017962271 3 43019141282
43017962271 1 43019141285
43017962309 1 43019141276
43017962310 2 43019141279
43017962311 1 43019141282
43017962311 1 43019141285
43017962311 1 47314239653
43018028011 1 43018028066
43018028012 1 38739903935
43018028013 1 43018094177
43018028014 1 43018094177
43018028014 2 43018094178
43018028014 1 43018094179
43018028014 1 43034871159
43018028014 1 43034871237
43018028015 1 43018028071
43018028015 1 43018094178
43018028015 1 43018094179
43018028015 1 43034871158
43018028015 1 43034871159
43018028015 1 43034871161
43018028015 1 43034871316
43018028067 2 38724173972
43018028067 1 43019141272
43018028068 1 38724173972
43018028068 1 38739904015
43018028068 1 43019141272
43018028068 1 43019141274
43018028069 1 43019141275
43018028069 1 43019141277
43018028069 1 43034871314
43018028070 1 38724173975
43018028070 1 43018094179
43018028070 1 43019141277
43018028070 1 43019141280
43018028070 1 43019141281
43018028070 1 43034871314
43018028071 2 43018094179
43018028071 1 43034871162
43018028123 1 38723126872
43018028124 1 38723126872
43018028125 1 43019141277
43018028125 1 43034871234
43018028126 1 43018028127
43018028126 1 43019141280
43018028126 4 43019141283
43018028127 1 43018094177
43018028127 1 43019141283
43018028178 1 38724173972
43018028179 1 38724173972
43018028179 2 43019141271
43018028179 1 43019141274
43018028180 1 38724173969
43018028180 1 43019141271
43018028180 4 43019141274
43018028181 1 38723126877
43018028181 1 43019141277
43018028181 2 43019141280
43018028182 1 38723126877
43018028182 1 43018094177
43018028182 2 43019141280
43018028182 4 43019141283
43018028183 1 43018094179
43018028183 3 43019141283
43018094177 1 43018094178
43018094177 1 43019141278
43018094177 1 43034937428
43018094178 2 43019141281
43018094179 3 43019141281
43018094179 1 43019141284
43018094179 1 43034937432
43018094180 1 43019141284
43019141271 1 38724305044
43019141272 1 38724305045
43019141273 1 38724305044
43019141273 1 43019272343
43019141274 2 38724305047
43019141274 1 43019141277
43019141274 2 43019272343
43019141274 1 43019272344
43019141275 1 34446180429
43019141275 1 43019272344
43019141276 2 43019272343
43019141276 3 43019272346
43019141277 1 43019272343
43019141277 1 43019272344
43019141277 2 43019272346
43019141277 2 43019272347
43019141278 1 43019337817
43019141279 5 43019272349
43019141279 5 43019272352
43019141280 4 43019272349
43019141280 1 43019272350
43019141280 3 43019272352
43019141280 1 43019272353
43019141281 1 43019272353
43019141281 2 43019468889
43019141281 1 43019468891
43019141282 2 43019272351
43019141282 4 43019272352
43019141282 4 43019272355
43019141283 1 38741278806
43019141283 4 43019272352
43019141283 6 43019272353
43019141283 3 43019272355
43019141283 1 43019272356
43019141284 1 43019272356
43019141284 1 43019468891
43019141284 1 43019468893
43019141285 7 43019272355
43019141285 1 43019272357
43019141285 1 43019272358
43019141286 1 43019272355
43019141286 1 43019272358
43019141286 1 43019272359
43019141287 1 43019272356
43019272343 1 38724436116
43019272343 2 38724436117
43019272343 1 38724436119
43019272344 2 38724501591
43019272344 1 38724632661
43019272346 3 38724436117
43019272346 1 43019403418
43019272347 1 43019468887
43019272347 1 43019599959
43019272349 2 43019403418
43019272349 4 43019403419
43019272349 1 43019403421
43019272349 1 43019403422
43019272350 1 43019468889
43019272351 1 43019403421
43019272351 1 43019403424
43019272352 1 43019403419
43019272352 5 43019403421
43019272352 6 43019403422
43019272352 2 43019403424
43019272352 2 43019403425
43019272353 3 43019403425
43019272353 1 43019468891
43019272353 1 43019599961
43019272353 2 43019599963
43019272355 3 43019403424
43019272355 5 43019403425
43019272355 3 43019403427
43019272355 4 43019403428
43019272355 1 43019534500
43019272356 2 43019468893
43019272357 1 43019403427
43019272357 1 43019403430
43019272358 1 43019403428
43019272358 3 43019403430
43019272358 1 43019534500
43019272359 1 43019403431
43019337817 1 43019468887
43019403418 1 38724567189
43019403418 2 43019534488
43019403419 1 38724763733
43019403419 2 43019534491
43019403419 1 43019731031
43019403421 5 43019534491
43019403421 1 43019534494
43019403422 1 38724632661
43019403422 2 43019534491
43019403422 1 43019534494
43019403422 1 43019599963
43019403422 1 43019731032
43019403422 2 43019731033
43019403422 1 43019731035
43019403424 1 43019534493
43019403424 2 43019534494
43019403424 2 43019534497
43019403425 2 43019534497
43019403425 4 43019599963
43019403425 1 43019599965
43019403425 1 43019731034
43019403425 3 43019731035
43019403427 2 43019534497
43019403427 1 43019534499
43019403427 1 43019534500
43019403428 3 43019534497
43019403428 1 43019731037
43019403430 4 43019534500
43019403430 1 43019534503
43019403431 1 43019599967
43019468887 1 38724632661
43019468887 1 43019468888
43019468889 2 43019468890
43019468889 1 43019599959
43019468889 1 43019599960
43019468891 1 43019468892
43019468891 1 43019599960
43019468891 2 43019599962
43019468893 1 43019468894
43019468893 2 43019599966
43019468895 1 43019599966
43019534488 1 38724894805
43019534488 1 38724894807
43019534491 2 43019665563
43019534491 4 43019731031
43019534491 1 43019862103
43019534493 1 43019665566
43019534494 2 43019665563
43019534494 2 43019731033
43019534494 1 43019862107
43019534497 1 43019665566
43019534497 3 43019731035
43019534497 2 43019731037
43019534497 3 43019862107
43019534497 1 43019862109
43019534499 1 43019665569
43019534500 1 43019665569
43019534500 1 43019665572
43019534500 2 43019731037
43019534500 1 43019731039
43019534500 2 43019862109
43019534500 1 43019862111
43019534503 1 43019665572
43019534503 1 43019862111
43019599959 1 43019599960
43019599959 1 43019599961
43019599960 1 43019599961
43019599960 1 43019599962
43019599961 1 43019599962
43019599961 1 43019731034
43019599962 1 43019599964
43019599963 1 43019731033
43019599963 3 43019731034
43019599963 3 43019731036
43019599965 1 43019731035
43019599967 1 43019731040
43019665563 3 43019862105
43019665566 1 43019862107
43019665569 1 43019862109
43019665572 2 43019862109
43019731031 1 38724894806
43019731031 3 43019862103
43019731031 1 43019862104
43019731032 1 43019731034
43019731033 2 43019731034
43019731033 2 43019862103
43019731033 2 43019862104
43019731033 2 43019862106
43019731034 4 43019731036
43019731035 2 43019731036
43019731035 4 43019862106
43019731035 2 43019862108
43019731036 1 43019862106
43019731036 1 43019862108
43019731037 2 43019862108
43019731037 1 43019862109
43019731037 2 43019862110
43019731038 1 43019731040
43019731039 1 43019731040
43019731039 1 43019862110
43019731039 1 43019862112
43019862103 3 43019862104
43019862104 2 43019862106
43019862105 1 43019862106
43019862106 2 43019862108
43019862107 1 43019862108
43019862108 1 43019862110
43019862109 1 43019862110
43019862110 1 43019862112
43019862111 1 43019862112
43033624830 1 43050467739
43033624831 2 43050467742
43033624832 1 43050467742
43033624832 1 43050467743
43033624862 1 38738789200
43033624863 2 43033690578
43033624863 1 43033690579
43033624863 3 43033690630
43033624863 2 43033690631
43033624863 1 47345435091
43033624864 3 43033690578
43033624864 1 43033690579
43033624864 1 43033690630
43033624864 1 43033690631
43033624864 1 47345435091
43033624896 1 43033690631
43033690578 2 43033756347
43033690578 1 43033756424
43033690579 2 43033756347
43033690579 1 43033756348
43033690579 2 43050533564
43033690629 1 43033756424
43033690630 1 43033756423
43033690630 1 43033756424
43033690630 1 43033756501
43033690630 1 43033756502
43033690631 1 43033756424
43033690631 2 43033756425
43033690631 2 43033756426
43033690631 3 43033756503
43033690631 2 43033756504
43033690631 1 43033756581
43033690682 1 43033756580
43033690682 1 43033756581
43033690683 1 43033756504
43033690683 2 43033756581
43033756347 1 43051516382
43033756347 1 43051516422
43033756348 1 43051516423
43033756421 1 38756549083
43033756423 1 43034739245
43033756424 1 43034739206
43033756424 2 43051516421
43033756425 1 43034739206
43033756425 1 43051516422
43033756426 1 43034739206
43033756426 2 43034739207
43033756426 1 43034739247
43033756426 1 43051516422
43033756426 1 47329706544
43033756498 1 25922502752
43033756501 1 43034739244
43033756502 1 43034739245
43033756503 2 43034739246
43033756503 1 43034739286
43033756504 3 43034739246
43033756504 6 43034739247
43033756504 2 43034739287
43033756579 1 43034739285
43033756580 1 43034739325
43033756581 1 43034739246
43033756581 1 43034739286
43033756581 3 43034739326
43033756582 1 43034739246
43033756582 1 43034739286
43033756582 2 43034739287
43033756582 1 43034739327
43034739205 1 43051582106
43034739206 1 43034805006
43034739206 1 43051582220
43034739206 1 43051582221
43034739207 1 43034805005
43034739207 1 43034805006
43034739207 1 43051582221
43034739207 1 43051582222
43034739244 1 38739837817
43034739245 1 43034805059
43034739246 2 43034805059
43034739246 1 43034805060
43034739246 1 43034805061
43034739246 1 43034805115
43034739247 1 43034805006
43034739247 1 43034805060
43034739247 5 43034805061
43034739247 5 43034805062
43034739247 2 43034805118
43034739285 1 38739837762
43034739285 1 38739837873
43034739285 1 43034805058
43034739286 1 38739837762
43034739286 1 43034805002
43034739286 1 43034805115
43034739286 1 43034805116
43034739286 1 43034805171
43034739286 1 43034805172
43034739287 3 43034805118
43034739287 2 43034805173
43034739325 1 43034805227
43034739326 2 43034805172
43034739326 1 43034805227
43034739326 1 43034805228
43034739327 1 43034805119
43034739327 1 43034805174
43034739327 2 43034805230
43034805005 1 43034870924
43034805006 1 43034870926
43034805006 1 43034871002
43034805006 1 43051648141
43034805006 1 43051648144
43034805007 1 43034870927
43034805007 1 43051647985
43034805058 1 38756680762
43034805059 1 38739903702
43034805059 1 38739903780
43034805059 1 38756680762
43034805060 1 38739903702
43034805060 1 43034871001
43034805061 1 43034871001
43034805061 1 43034871003
43034805061 2 43034871079
43034805061 1 43034871080
43034805061 1 43034871081
43034805062 1 43034805119
43034805062 1 43034871002
43034805062 1 43034871004
43034805062 3 43034871005
43034805062 1 43034871083
43034805063 1 43034871005
43034805063 1 43034871083
43034805063 1 43034871084
43034805115 1 38739903858
43034805116 1 38739903858
43034805116 1 43034871156
43034805117 1 38739903702
43034805118 1 38739903702
43034805118 1 43034870925
43034805118 1 43034871081
43034805118 1 43034871082
43034805118 1 43034871083
43034805118 2 43034871161
43034805118 1 43051648063
43034805119 1 43034870925
43034805119 1 43034871083
43034805119 1 43034871084
43034805119 2 43034871161
43034805119 1 43051648063
43034805119 1 47329838382
43034805171 1 38739904015
43034805172 1 38739904015
43034805172 1 43034871235
43034805172 2 43034871313
43034805173 1 43034871000
43034805173 1 43034871235
43034805173 1 43034871237
43034805173 2 43034871313
43034805173 1 43034871314
43034805174 2 43034871000
43034805174 1 43034871082
43034805174 1 43034871159
43034805174 1 43034871160
43034805174 1 43034871316
43034805175 1 43034871160
43034805227 1 38739904014
43034805228 1 38723126877
43034805230 2 43034871317
43034805231 1 43034871161
43034805231 1 43034871317
43034870924 1 43034936919
43034870925 1 43034936919
43034870925 1 43051713929
43034870926 1 43034936921
43034870927 1 43034936923
43034870928 1 43034936925
43034871000 1 43034871078
43034871001 1 38739969720
43034871001 1 43034871079
43034871002 1 38739969822
43034871003 1 43034937021
43034871004 1 43034871005
43034871004 1 43034937125
43034871005 1 43034937126
43034871005 1 43034937127
43034871005 1 43034937128
43034871006 1 43034936924
43034871006 2 43034937128
43034871078 1 43034871079
43034871079 1 38739969925
43034871079 1 38739969926
43034871080 1 38739969926
43034871080 1 43034937122
43034871081 1 43034937224
43034871081 1 43034937226
43034871082 2 43034937022
43034871082 1 43034937226
43034871082 1 43034937228
43034871083 1 43034937022
43034871083 1 43034937126
43034871083 1 43034937127
43034871083 1 43034937228
43034871084 1 43034937128
43034871084 1 43034937231
43034871156 1 43034871234
43034871157 1 38739970129
43034871158 1 43034871159
43034871159 1 43034937121
43034871159 1 43034937122
43034871160 1 43034937226
43034871161 1 43034937126
43034871161 2 43034937228
43034871161 2 43034937331
43034871161 1 43034937433
43034871162 1 43034937333
43034871162 1 47329904325
43034871234 1 38739970129
43034871235 1 38740951186
43034871237 1 38739970028
43034871237 1 43034937429
43034871312 1 38740951186
43034871313 2 38740951189
43034871314 1 38739970130
43034871314 1 43035918488
43034871316 1 43034871394
43034871316 1 43035918494
43034871317 1 43034937430
43034871317 1 43035918497
43034871317 1 43035918500
43034871394 1 43034937430
43034936919 1 38740035682
43034936921 1 43035002861
43034936923 1 43035002984
43034936924 1 43051779960
43034936925 1 43051780083
43034937021 1 38740035682
43034937021 1 43034937123
43034937022 1 38756812657
43034937022 1 43051780075
43034937121 1 38740035559
43034937122 1 38740035559
43034937122 1 38740035800
43034937122 1 38740035802
43034937122 1 38740035921
43034937123 1 38740035802
43034937125 1 43035003102
43034937126 1 43035002861
43034937126 1 43035002982
43034937126 1 43035003224
43034937127 1 43035003105
43034937127 2 43035003224
43034937128 1 43035002986
43034937128 1 43035003106
43034937128 1 43035003107
43034937128 1 43035003226
43034937129 1 43035002986
43034937129 1 43051779957
43034937224 1 38740036041
43034937225 1 38740036041
43034937226 1 38741016663
43034937226 1 43035003220
43034937227 1 43035003220
43034937228 1 43035003221
43034937228 1 43035003223
43034937228 1 43035003343
43034937229 1 43035003223
43034937231 1 43035003347
43034937231 1 43035003348
43034937232 1 43035003348
43034937331 1 43035983963
43034937331 1 43035983964
43034937332 1 43035983963
43034937333 1 43035983968
43034937428 1 38740036040
43034937429 1 43035983959
43034937430 1 38741016663
43034937433 1 43035983965
43034937434 1 43035003346
43034937435 1 43035003346
43035002861 1 38740101942
43035002861 1 38756878850
43035002982 1 43035003102
43035002983 1 38740101942
43035002984 1 43035069243
43035002986 1 43051846309
43035002988 1 43051846311
43035002989 1 43035069404
43035003102 1 38740101942
43035003102 1 43035069544
43035003105 1 43035069550
43035003106 2 43035069550
43035003107 1 43035069553
43035003109 1 43035069555
43035003220 1 38740102243
43035003221 1 43035003222
43035003223 1 38740102095
43035003226 1 43035003227
43035003343 1 43035983962
43035003347 1 43035983966
43035003348 1 43035983966
43035069394 1 43035983965
43035069394 1 47314239658
43035069395 1 43035983965
43035918488 1 38741147733
43035918494 1 43036115033
43035918497 1 43036115035
43035918500 2 43036115037
43035918503 1 43036115039
43035983959 1 38741147734
43035983961 1 38741147734
43035983963 1 43035983964
43035983964 1 43035983966
43035983965 1 43035983966
43035983965 1 43036115036
43035983967 1 43036115040
43036115033 1 43036246104
43036115035 1 43036246108
43036115037 1 43019468889
43036115037 1 43036246110
43036115039 1 43036246110
43050402046 1 43067244905
43050402047 1 43050467743
43050402048 1 43050467743
43050467739 1 43050533479
43050467742 1 43050533485
43050467742 1 43068293518
43050467743 3 43050533485
43050467743 1 43067310624
43050467794 1 43050533562
43050533479 1 38773326259
43050533480 1 38773326259
43050533485 2 43051516342
43050533485 1 43068293558
43050533486 1 43051516343
43050533486 1 43068293559
43050533562 1 43051516381
43050533564 1 43051516382
43050533564 1 43051516383
43051516342 1 43051582052
43051516342 1 43068359268
43051516343 1 43051582053
43051516343 2 43051582054
43051516343 1 43068359271
43051516382 1 43051582052
43051516382 1 43051582109
43051516382 1 43051582164
43051516383 1 43051582054
43051516383 2 43051582109
43051516383 2 43051582110
43051516383 1 43051582166
43051516421 2 43051582162
43051516422 1 43051582164
43051516422 2 43051582165
43051516423 1 43051582165
43051516423 1 43051582166
43051582052 1 43051647825
43051582053 1 43068425044
43051582054 1 43051647830
43051582054 1 43068425044
43051582054 3 43068425046
43051582055 1 43068425044
43051582106 1 38773457664
43051582109 2 43051647906
43051582110 1 43051647908
43051582110 1 43051647987
43051582110 1 43068424966
43051582111 1 43051647987
43051582111 1 43068424966
43051582162 1 38756680681
43051582162 1 38756680682
43051582164 1 43051647984
43051582164 1 43051648061
43051582165 2 43051647984
43051582165 1 43051648062
43051582166 1 43051647986
43051582166 1 43051648065
43051582167 1 43051647987
43051582167 1 43051647988
43051582220 1 43051648061
43051582221 2 43051648061
43051582222 1 43051647985
43051582222 1 43051648141
43051647825 1 38756746323
43051647826 1 38756746323
43051647830 1 43051713626
43051647906 1 43051713725
43051647906 1 43051713726
43051647908 1 43051713728
43051647910 1 43051713732
43051647984 1 43051713827
43051647984 1 43051713929
43051647985 1 38756746526
43051647986 1 43051713831
43051647987 1 43051713832
43051647987 2 43051713833
43051647988 1 43051713833
43051647988 1 43051713835
43051647988 1 43051713936
43051648061 1 38756746631
43051648061 2 38756746734
43051648062 1 43051714031
43051648063 1 43051713828
43051648065 1 43051714037
43051648141 1 43051714135
43051648141 1 43051714136
43051648142 1 43051714136
43051648144 1 47346681439
43051713626 1 43068556572
43051713627 1 43068556572
43051713725 1 38756812174
43051713726 1 38756812177
43051713728 1 43051779477
43051713729 1 43051779477
43051713732 1 43051779483
43051713733 1 43051779483
43051713827 1 38756812296
43051713828 1 38756812056
43051713831 1 43051779719
43051713832 2 43051779719
43051713833 2 43051779601
43051713835 1 43051779603
43051713929 1 38756812171
43051713929 1 38756812416
43051713936 1 43051779723
43051713937 1 43051779723
43051714031 1 38756812655
43051714036 1 43051779718
43051714037 1 43051779842
43051714135 1 43051780075
43051714136 1 43051780077
43051714137 1 43051780077
43051779477 1 38756878094
43051779483 1 43051845400
43051779601 1 43051845700
43051779601 1 43051845702
43051779602 1 43051845702
43051779603 1 43051845705
43051779604 1 43051845705
43051779604 1 43068622459
43051779718 1 38756878245
43051779719 1 43051845697
43051779719 1 43051845698
43051779723 1 43051845856
43051779724 1 43051845395
43051779957 1 43051779958
43051779960 1 43051846002
43051779961 1 43051846002
43051780075 1 38740101938
43051780075 1 38756878849
43051780077 1 43051846303
43051780083 1 43051846312
43051780084 1 43051846160
43051845697 1 43051845849
43051845856 1 43051845857
43051846309 1 43051846310
43067244905 1 43084087681
43067310624 1 25939279969
43067310624 1 43068293519
43068293518 1 30200561774
43068293518 1 43068359155
43068293518 1 43068359213
43068293519 1 43068359158
43068293519 1 43068359213
43068293558 1 43068359268
43068293559 1 43068359213
43068293559 1 43068359214
43068359155 1 43068424807
43068359158 1 43068424813
43068359213 1 43068424887
43068359213 1 43068424888
43068359214 1 43068424968
43068359215 1 43068424891
43068359215 1 43068424969
43068359268 1 43068424965
43068359268 1 43068425042
43068359269 1 43068424965
43068359271 1 43068424969
43068359271 1 43068425047
43068424807 1 38773523132
43068424808 1 38773523132
43068424813 1 43068490436
43068424887 1 38773523236
43068424888 1 38773523236
43068424888 1 43068490534
43068424889 1 43068490534
43068424891 1 43068490539
43068424892 1 43068490541
43068424965 1 43068490737
43068424966 1 43068490737
43068424968 1 43068490639
43068424969 1 43068490640
43068425042 1 38773523438
43068425044 1 38773523435
43068425044 1 43068490737
43068425045 1 38773523435
43068425046 1 43068490740
43068425046 1 43068490741
43068425046 1 43068490842
43068425047 1 43068490741
43068425047 1 43068490744
43068425048 1 43068490744
43068490436 1 43068555856
43068490437 1 43068555856
43068490534 1 38773588793
43068490539 1 43068556096
43068490541 1 43068556099
43068490639 1 43068556333
43068490640 1 43068556215
43068490737 1 38773589029
43068490737 1 38773589031
43068490740 1 43068556452
43068490741 1 43068556454
43068490744 1 43068556458
43068490842 1 43068556452
43068490843 1 43068556452
43068555856 1 43068621396
43068555976 1 43068621396
43068556096 1 43068621546
43068556099 1 43068621553
43068556100 1 43068621553
43068556215 1 43068621850
43068556333 1 38773654702
43068556452 1 38773655003
43068556452 1 38773655004
43068556453 1 38773655004
43068556454 1 38773654855
43068556458 1 43068622160
43068556459 1 43068622160
43068556572 1 38773655004
43084087681 1 135790596
43085070654 1 135790596
43085070654 1 135790599
43085070654 1 43085136206
43085136206 1 47380168938
43085136207 1 47380168938
47262400616 1 47262400618
47279112298 1 47262400616
47294972048 1 83951873
47294972048 1 47294972064
47294972048 1 47311814976
47294972049 1 47295037888
47294972064 1 47328592160
47295037793 1 51052546
47295037824 1 51052546
47295037824 2 43000725609
47295037824 2 47295692802
47295037824 5 47295692907
47295037824 5 47295692908
47295037825 1 51052545
47295037856 1 51052545
47295037856 1 43000725609
47295037856 2 47295692906
47295037856 4 47295692907
47295037856 1 47295692908
47295037888 1 47295692906
47295103703 1 47295692907
47295692802 2 51118082
47295692802 1 47295758338
47295692906 1 47295758442
47295692906 1 47295758443
47295692906 1 47295758444
47295692907 1 43000791145
47295692907 10 47295758443
47295692907 3 47295758444
47295692908 2 51118082
47295692908 1 47295758338
47295692908 1 47295758443
47295692908 12 47295758444
47295758338 1 51183618
47295758442 1 47295823979
47295758443 2 43002364066
47295758443 2 43002364069
47295758443 1 47295758444
47295758443 6 47295823979
47295758444 2 51183618
47295758444 3 52690945
47295758444 1 47295823978
47295758444 2 47295823979
47295758444 3 47295823980
47295758444 1 47297331201
47295758444 1 47297331365
47295758444 3 47297331368
47295823978 1 47279112298
47295823979 1 43002495138
47295823979 1 43002495141
47295823979 3 47295889516
47295823979 1 47297331368
47295823979 1 47297462437
47295823980 2 52690945
47295823980 3 47295889516
47295889516 1 47295955052
47295889516 2 47297462440
47295955052 1 47296020588
47296020588 1 47297724581
47297331201 1 52822017
47297331365 2 43002495141
47297331368 2 52822017
47297331368 3 47297462440
47297462437 1 47297462440
47297462437 1 47297593509
47297462440 1 52953090
47297462440 3 47297593512
47297462440 2 47297593513
47297593509 1 47297724581
47297593512 2 47297724584
47297593512 1 47297724585
47297593513 2 53084162
47297593513 1 47297724585
47297724581 1 47297855653
47297724581 1 47297855654
47297724582 1 47297855657
47297724584 1 47297855490
47297724584 1 47297855653
47297724584 1 47297855657
47297724585 1 47297855657
47297724585 1 47297855658
47297855490 1 53346306
47297855653 1 47297986725
47297855654 1 47297986726
47297855657 1 53346306
47297855657 1 47297986563
47297855657 1 47297986726
47297855657 1 47297986729
47297855658 1 53346307
47297986563 1 47297986730
47297986726 1 47297986729
47311749233 1 83951873
47311749233 2 47311749249
47311749233 1 47311815008
47311749233 1 47328592128
47311749248 1 67174689
47311749248 1 83951873
47311749248 1 43016847679
47311749248 1 43033624831
47311749248 1 43033624832
47311749248 3 43033624863
47311749248 1 43050402047
47311749248 5 47311749264
47311749248 1 47311814945
47311749248 11 47311814976
47311749248 7 47311815008
47311749248 5 47328592128
47311749248 15 47328592160
47311749248 3 47345369344
47311749248 1 47362146528
47311749248 1 47378923744
47311749249 12 67174689
47311749249 6 67174721
47311749249 2 67174753
47311749249 1 83951841
47311749249 9 83951873
47311749249 1 4395696356
47311749249 1 21525234097
47311749249 2 21542011185
47311749249 2 21575565553
47311749249 1 25820201393
47311749249 3 43016847679
47311749249 1 43033624863
47311749249 1 47295037793
47311749249 5 47295037824
47311749249 1 47311749265
47311749249 8 47311814945
47311749249 22 47311814976
47311749249 1 47311814977
47311749249 24 47311815008
47311749249 3 47311815040
47311749249 5 47328592129
47311749249 19 47328592160
47311749249 1 47345369344
47311749264 12 67174689
47311749264 7 67174721
47311749264 1 67174752
47311749264 2 67174753
47311749264 1 83951841
47311749264 11 83951873
47311749264 1 84017569
47311749264 1 12985630955
47311749264 1 17263821070
47311749264 1 21525234065
47311749264 1 21525234097
47311749264 2 21542011185
47311749264 2 21575565553
47311749264 1 25820201362
47311749264 1 25820201393
47311749264 1 25836978513
47311749264 1 25853755665
47311749264 1 25853755666
47311749264 3 43000070527
47311749264 1 43000070528
47311749264 13 43016847679
47311749264 5 43016847680
47311749264 9 43016847711
47311749264 1 43016847712
47311749264 1 43033624830
47311749264 1 43033624831
47311749264 1 43033624862
47311749264 8 43033624863
47311749264 1 43033624864
47311749264 1 43033624896
47311749264 1 43050402046
47311749264 1 47295037793
47311749264 14 47295037824
47311749264 1 47295037825
47311749264 7 47295037856
47311749264 1 47295037888
47311749264 9 47311814945
47311749264 95 47311814976
47311749264 1 47311814977
47311749264 80 47311815008
47311749264 15 47311815040
47311749264 8 47328592128
47311749264 6 47328592129
47311749264 69 47328592160
47311749264 1 47328657928
47311749264 5 47345369344
47311749264 2 47362146528
47311749265 1 47295037825
47311749265 1 47328592160
47311814945 3 67240457
47311814945 2 67240509
47311814945 1 84017621
47311814945 1 84017673
47311814945 2 47311814977
47311814945 1 47311880764
47311814945 1 47328657877
47311814976 10 67240457
47311814976 1 67240508
47311814976 6 67240509
47311814976 4 84017621
47311814976 3 84017673
47311814976 1 12986745326
47311814976 1 25837044417
47311814976 3 43016913467
47311814976 1 43016913518
47311814976 4 43016913519
47311814976 1 43016913622
47311814976 2 43033690631
47311814976 1 43033690683
47311814976 1 47311880713
47311814976 7 47311880763
47311814976 23 47311880764
47311814976 2 47311880765
47311814976 15 47311880815
47311814976 11 47311880816
47311814976 1 47311880867
47311814976 2 47311880868
47311814976 3 47328657877
47311814976 8 47328657927
47311814976 5 47328657928
47311814976 1 47328657929
47311814976 5 47328657979
47311814976 6 47328657980
47311814977 2 67240509
47311814977 1 67240561
47311815008 4 67240561
47311815008 1 67240613
47311815008 1 43016913465
47311815008 1 43016913518
47311815008 2 43016913519
47311815008 5 43016913571
47311815008 6 43016913623
47311815008 1 43017502825
47311815008 1 47295103703
47311815008 2 47311880763
47311815008 1 47311880765
47311815008 8 47311880815
47311815008 4 47311880816
47311815008 3 47311880817
47311815008 8 47311880867
47311815008 27 47311880868
47311815008 2 47311880869
47311815008 8 47311880919
47311815008 14 47311880920
47311815040 1 51052546
47311815040 2 67240613
47311815040 2 43000725609
47311815040 1 47295692802
47311815040 2 47295692907
47311815040 5 47295692908
47311815040 3 47311880920
47311880713 1 84083547
47311880763 1 43016979366
47311880763 2 43016979444
47311880763 1 43033756581
47311880763 2 47311946663
47311880763 2 47311946741
47311880763 2 47328723879
47311880764 1 67306331
47311880764 1 67306408
47311880764 4 67306409
47311880764 1 84083547
47311880764 3 47311946663
47311880764 5 47311946741
47311880764 5 47311946742
47311880764 2 47328723879
47311880764 3 47328723880
47311880765 2 67306409
47311880765 1 67306487
47311880815 9 43016979522
47311880815 3 43017962191
47311880815 1 43017962230
47311880815 1 47311880868
47311880815 1 47311946741
47311880815 4 47311946819
47311880815 2 47312929488
47311880815 1 47328723879
47311880816 2 67306409
47311880816 2 67306487
47311880816 1 67306564
47311880816 1 68289193
47311880816 1 43016979522
47311880816 1 43017962191
47311880816 1 43017962231
47311880816 4 47311946741
47311880816 7 47311946819
47311880816 4 47311946820
47311880816 1 47312929488
47311880817 2 67829762
47311880817 1 68289233
47311880867 1 43016979442
47311880867 1 43017502825
47311880867 1 43017962190
47311880867 5 43017962231
47311880867 1 47312470123
47311880867 1 47312929527
47311880868 2 67829762
47311880868 1 67829765
47311880868 1 68289193
47311880868 4 68289233
47311880868 1 68289234
47311880868 1 68289273
47311880868 1 68289312
47311880868 1 43016979442
47311880868 1 43016979522
47311880868 1 43017962190
47311880868 6 43017962231
47311880868 1 43033756498
47311880868 3 47312470123
47311880868 5 47312470124
47311880868 1 47312929449
47311880868 2 47312929488
47311880868 3 47312929527
47311880868 4 47312929528
47311880868 1 47312929568
47311880869 1 47311880920
47311880869 1 47312470018
47311880919 1 67306409
47311880919 1 34444804608
47311880919 1 43016979442
47311880919 2 43017502825
47311880919 7 47312470123
47311880920 2 67306409
47311880920 2 67829762
47311880920 1 34444804608
47311880920 1 43016979521
47311880920 1 43017502825
47311880920 2 47295692907
47311880920 2 47312470018
47311880920 10 47312470123
47311880920 8 47312470124
47311946663 1 47312929407
47311946663 3 47329706624
47311946664 1 47329706624
47311946665 1 47329706544
47311946741 3 43017962151
47311946741 1 43034739286
47311946741 2 47312929408
47311946741 3 47312929448
47311946741 2 47329706624
47311946742 1 68289113
47311946742 1 47312929369
47311946742 1 47312929408
47311946742 3 47312929448
47311946742 1 47329706544
47311946742 1 47329706624
47311946818 1 47329706545
47311946819 1 43017962191
47311946819 1 47312929447
47311946819 2 47312929448
47311946819 1 47312929487
47311946819 3 47312929488
47311946819 1 47329706545
47311946819 1 47329706584
47311946820 2 68289153
47311946820 1 68289193
47311946820 1 47312929448
47311946820 1 47312929488
47311946820 1 47329706584
47312470018 1 68289273
47312470018 1 68289313
47312470123 1 25871647183
47312470123 1 42984013925
47312470123 1 43017962149
47312470123 2 43017962271
47312470123 1 43017962311
47312470123 7 47312535659
47312470123 1 47312929488
47312470123 3 47312929567
47312470123 1 47312929568
47312470123 1 47312929608
47312470124 2 68289273
47312470124 1 68289313
47312470124 1 25871647183
47312470124 1 43017962149
47312470124 1 43017962150
47312470124 1 43017962230
47312470124 1 47295758444
47312470124 1 47312535659
47312470124 3 47312535660
47312470124 1 47312929488
47312470124 3 47312929529
47312470124 4 47312929568
47312470124 1 47312929608
47312535659 3 43002364066
47312535659 1 43002495138
47312535659 1 47312929607
47312535659 1 47312929608
47312535659 1 47314108584
47312535660 1 68289313
47312535660 1 47297331365
47312535660 1 47297331368
47312929369 1 85132217
47312929369 1 47329772416
47312929407 1 85132162
47312929407 1 43018028014
47312929408 1 43018028014
47312929408 1 43034805062
47312929408 2 47312929448
47312929408 1 47312995311
47312929408 1 47329772415
47312929408 1 47329772416
47312929409 1 85132162
47312929447 2 43018028015
47312929447 1 43018028127
47312929447 2 47312929487
47312929447 2 47329772528
47312929448 1 68355057
47312929448 1 85132163
47312929448 1 85132217
47312929448 1 85132218
47312929448 3 43018028015
47312929448 1 43018028070
47312929448 1 43018028127
47312929448 1 43034805117
47312929448 1 43034805118
47312929448 1 43034805173
47312929448 3 43034805174
47312929448 2 47312929488
47312929448 1 47312995313
47312929448 2 47312995367
47312929448 3 47312995368
47312929448 1 47312995424
47312929448 2 47329772471
47312929448 2 47329772472
47312929448 1 47329772473
47312929448 1 47329772527
47312929448 1 47329772528
47312929449 1 68355169
47312929487 1 43018028014
47312929487 1 43018028015
47312929487 1 43018028068
47312929487 1 43018028183
47312929487 1 43034805174
47312929487 1 43034805231
47312929487 1 47312929527
47312929487 2 47312995312
47312929487 1 47312995423
47312929488 1 68355001
47312929488 1 68355002
47312929488 1 68355057
47312929488 1 68355059
47312929488 1 68355169
47312929488 1 85132106
47312929488 1 85132161
47312929488 1 85132218
47312929488 2 43018028014
47312929488 2 43018028015
47312929488 1 43018028068
47312929488 2 43018028183
47312929488 1 43019141286
47312929488 1 43034805174
47312929488 1 43034805231
47312929488 1 47312995312
47312929488 1 47312995424
47312929488 1 47312995425
47312929488 3 47312995479
47312929488 2 47312995480
47312929488 1 47329772473
47312929488 3 47329772527
47312929527 1 43018028069
47312929527 1 43018028183
47312929527 3 43019141285
47312929527 1 47312995368
47312929528 2 68355001
47312929528 1 68355057
47312929528 1 43018028071
47312929528 1 43018028123
47312929528 1 43018028127
47312929528 4 43019141285
47312929528 1 43019141286
47312929528 1 47312995368
47312929528 1 47312995423
47312929528 1 47312995479
47312929528 1 47314108418
47312929528 1 47314108581
47312929528 2 47314108584
47312929528 1 47329772472
47312929529 2 69468161
47312929529 1 47312929608
47312929567 1 43018028125
47312929567 2 43019141285
47312929567 1 47314108581
47312929568 1 68355113
47312929568 1 69468161
47312929568 1 43018028125
47312929568 1 43018028126
47312929568 1 43018028180
47312929568 2 43019141285
47312929568 1 47312995423
47312929568 3 47314108581
47312929568 3 47314108584
47312929569 1 43019141275
47312929569 1 47312929608
47312929607 1 43018028183
47312929607 1 43019141285
47312929608 2 69468161
47312929608 1 43018028181
47312929608 1 43018028182
47312929608 1 43018028183
47312929608 1 43019141275
47312929608 1 43019141283
47312929608 1 43019141285
47312929608 1 47312995367
47312929608 1 47312995424
47312929608 1 47312995480
47312929608 1 47314108581
47312929608 2 47314108584
47312995311 1 43018094180
47312995312 1 85198129
47312995312 1 38739904014
47312995312 1 47329838458
47312995312 2 47329838460
47312995313 1 69468162
47312995367 1 43019141283
47312995367 1 43019141284
47312995367 1 43034871004
47312995368 1 85198205
47312995368 1 85198206
47312995368 2 47314108585
47312995368 1 47314108586
47312995368 1 47329838615
47312995423 1 43019141286
47312995423 1 43034871316
47312995423 1 47329838614
47312995424 1 69468162
47312995424 2 47314108585
47312995424 1 47329838538
47312995424 1 47329838614
47312995425 1 69468162
47312995479 1 43019141286
47312995479 2 47314108582
47312995480 1 68421145
47312995480 1 69468162
47312995480 1 47314108418
47312995480 1 47314108585
47313061477 1 69468168
47313061478 1 69468168
47313061478 1 47329904631
47314108418 1 69599234
47314108418 1 47314108585
47314108419 1 4347789342
47314108581 1 43019272357
47314108581 1 43019272358
47314108581 2 47314239654
47314108582 1 69599243
47314108582 1 47314239654
47314108582 1 47314239657
47314108583 1 69599243
47314108583 1 43036115037
47314108584 1 69599234
47314108584 1 69599244
47314108584 1 47297462437
47314108584 1 47297462440
47314108584 2 47314239656
47314108584 4 47314239657
47314108585 3 69599234
47314108585 1 69599235
47314108585 1 47314239655
47314108585 1 47314239657
47314108585 2 47314239658
47314108586 1 4347789342
47314108586 1 47314239658
47314239653 1 47314370729
47314239654 2 43019403430
47314239654 1 47314370727
47314239655 1 47314567263
47314239656 1 43019403422
47314239656 1 47297593513
47314239656 3 47314370729
47314239657 1 69730306
47314239657 2 47314370727
47314239657 2 47314370729
47314239657 1 47314370730
47314239658 1 47314370730
47314239658 2 47314436193
47314370727 1 47314501799
47314370727 1 47314698337
47314370729 1 53084162
47314370729 1 43019599961
47314370729 2 47314501635
47314370729 1 47314501798
47314370729 1 47314501799
47314370729 1 47314501801
47314370730 1 47314567265
47314370730 2 47314698337
47314436193 2 47314567266
47314501635 1 70189057
47314501635 1 47314501802
47314501798 1 47314632871
47314501799 1 43019731039
47314501799 1 47314632871
47314501801 1 69992451
47314501801 1 43019731038
47314501801 1 47314632707
47314501801 1 47314632871
47314501802 1 69992451
47314501802 1 70189057
47314501802 1 47314632871
47314567263 1 47314567264
47314567265 1 47314698242
47314632707 1 47314632874
47314632871 1 47314829407
47314698242 1 47314698338
47314698337 1 47314829410
47314698338 1 47314829410
47314829407 1 47314829409
47328526464 1 47311815008
47328592128 1 100794733
47328592128 1 100794785
47328592128 1 43050467794
47328592128 1 47345435039
47328592128 9 47345435040
47328592129 1 84017569
47328592129 1 84017621
47328592129 4 100794785
47328592160 6 84017569
47328592160 2 84017621
47328592160 1 84083391
47328592160 5 100794785
47328592160 1 25837044262
47328592160 1 25837044314
47328592160 1 25853821426
47328592160 2 43033690579
47328592160 4 43033690631
47328592160 1 43050467794
47328592160 8 47328657875
47328592160 14 47328657876
47328592160 16 47328657927
47328592160 16 47328657928
47328592160 1 47345435039
47328592160 3 47345435040
47328592160 5 47345435091
47328592160 6 47345435092
47328592192 2 47328657928
47328657875 2 43033756426
47328657875 1 43051516383
47328657875 1 47328723722
47328657875 1 47328723723
47328657875 1 47345500860
47328657875 1 47345500861
47328657875 1 47345500862
47328657876 1 100860529
47328657876 1 47328723722
47328657876 3 47328723723
47328657876 3 47328723724
47328657876 1 47345500785
47328657876 6 47345500861
47328657876 3 47345500862
47328657877 2 84083391
47328657877 1 84083469
47328657877 1 47328723802
47328657927 2 43033756426
47328657927 6 43033756504
47328657927 1 43033756582
47328657927 1 43034739247
47328657927 2 47328657980
47328657927 3 47328723723
47328657927 2 47328723800
47328657927 7 47328723801
47328657928 2 84083391
47328657928 1 84083469
47328657928 1 43033756504
47328657928 1 43034739247
47328657928 5 47328723723
47328657928 3 47328723724
47328657928 1 47328723725
47328657928 1 47328723800
47328657928 12 47328723801
47328657928 6 47328723802
47328657928 2 47328723880
47328657929 1 84083547
47328657979 1 43033756581
47328657979 4 43033756582
47328657979 1 47328723801
47328657979 1 47328723879
47328657980 2 84083547
47328657980 2 47328723801
47328657980 1 47328723802
47328657980 5 47328723880
47328723722 1 43034739207
47328723723 1 43034739247
47328723723 4 47329706504
47328723723 2 47329706544
47328723724 2 85066209
47328723724 3 47329706504
47328723724 2 47329706544
47328723724 2 47346483720
47328723725 1 85066249
47328723800 2 43034739247
47328723800 1 43034739287
47328723801 3 43034739247
47328723801 1 43034739287
47328723801 2 47329706543
47328723801 9 47329706544
47328723801 1 47329706583
47328723801 2 47329706584
47328723802 4 85066249
47328723802 2 47329706544
47328723802 1 47329706584
47328723879 2 47329706544
47328723879 5 47329706584
47328723880 2 85066289
47328723880 1 85066329
47328723880 1 47329706544
47328723880 3 47329706545
47328723880 3 47329706584
47328723880 1 47329706585
47328723880 1 47329706624
47329706504 1 85131993
47329706504 1 43034805007
47329706504 1 47329772303
47329706504 1 47329772304
47329706504 1 47346549520
47329706543 1 43034805063
47329706543 1 47329772359
47329706544 2 85132049
47329706544 1 85132050
47329706544 1 43034805006
47329706544 1 43034805063
47329706544 1 43051582110
47329706544 1 43051582222
47329706544 1 47329706584
47329706544 1 47329772303
47329706544 1 47329772305
47329706544 4 47329772359
47329706544 3 47329772360
47329706544 1 47329772416
47329706545 1 85132050
47329706545 1 85132105
47329706545 2 85132161
47329706583 2 43034805119
47329706584 1 85132050
47329706584 2 85132105
47329706584 1 85132161
47329706584 2 43034805119
47329706584 1 47329772359
47329706584 3 47329772415
47329706584 2 47329772416
47329706584 1 47329772417
47329706584 3 47329772472
47329706585 1 85132161
47329706624 2 85132161
47329706624 1 85132217
47329706624 1 47329772472
47329706624 1 47329772527
47329772303 1 43034870928
47329772303 1 47329838302
47329772304 1 101975109
47329772305 1 85197971
47329772359 1 43034871006
47329772359 1 43051648064
47329772359 1 47329838302
47329772359 2 47329838303
47329772359 1 47329838381
47329772360 1 85197971
47329772360 1 47329838303
47329772360 1 47329838305
47329772360 1 47329838381
47329772415 1 43034871162
47329772415 1 43051714036
47329772415 1 47329838381
47329772416 1 43034871006
47329772416 2 47329838381
47329772416 1 47329838460
47329772417 1 85198205
47329772471 1 43034871083
47329772471 1 43034871161
47329772472 2 85198205
47329772472 1 47329838225
47329772472 2 47329838381
47329772472 1 47329838537
47329772472 1 47329838538
47329772472 1 47329838615
47329772473 1 85198049
47329772473 1 85198207
47329772527 1 43034871082
47329772527 1 43035918500
47329772527 1 47329838458
47329772527 2 47329838460
47329772527 1 47329838615
47329772528 1 85198129
47329772528 1 85198207
47329772528 1 47329838538
47329838225 1 43051713730
47329838302 1 47329904324
47329838303 4 47329904324
47329838305 1 85264173
47329838381 1 43034937231
47329838381 1 47329904324
47329838381 1 47329904426
47329838381 1 47329904427
47329838381 1 47329904530
47329838382 1 85263971
47329838382 1 47329904324
47329838382 1 47329904530
47329838458 1 43034937128
47329838459 1 43034937128
47329838460 1 85263969
47329838460 1 85264174
47329838460 1 85264275
47329838460 1 47329904426
47329838537 1 47329904732
47329838538 1 86310913
47329838538 1 43034937129
47329838538 1 47329904631
47329838614 1 43034937434
47329838615 1 43034937433
47329838615 1 43034937434
47329838615 1 43035918503
47329904324 1 43035002988
47329904324 1 43035002989
47329904324 1 43035003109
47329904324 2 47329970406
47329904325 1 102106771
47329904426 1 43035002988
47329904426 1 43051780084
47329904427 1 43051780084
47329904427 1 47329970527
47329904530 1 47329970528
47329904631 1 43035983968
47329904631 1 47329970526
47329904632 1 43035983968
47329904732 1 43035983967
47329904733 1 47329970526
47329970406 2 47330036853
47329970526 1 43035069251
47329970528 1 47329970648
47345369344 1 100794733
47345369344 1 43050467743
47345369344 2 47345435039
47345369344 2 47345435040
47345369344 1 47362212204
47345435039 1 43050533486
47345435039 2 43067310624
47345435039 1 47345500782
47345435040 2 117637589
47345435040 1 47345500707
47345435040 6 47345500783
47345435040 4 47345500784
47345435040 1 47362277922
47345435091 1 43050533486
47345435091 2 47345500783
47345435091 1 47345500860
47345435091 2 47345500861
47345435092 1 101843385
47345435092 2 47345500783
47345435092 1 47345500860
47345435092 2 47345500861
47345435092 3 47345500862
47345500707 1 101843345
47345500782 1 43051516343
47345500783 1 17264935409
47345500783 3 43051516343
47345500783 1 43068293559
47345500783 1 47346483640
47345500783 1 47363260855
47345500783 3 47363260856
47345500784 1 101843345
47345500784 2 118620561
47345500784 2 47346483640
47345500784 1 47346483641
47345500784 1 47363260856
47345500785 1 101843385
47345500860 2 43051516383
47345500861 1 43051516383
47345500861 3 47346483679
47345500861 5 47346483680
47345500862 5 101843385
47345500862 4 47346483680
47346483640 1 101909041
47346483640 1 43051582054
47346483640 1 47346549352
47346483641 1 101909097
47346483679 1 43051582054
47346483679 1 43051582167
47346483679 1 47346549407
47346483680 1 101909097
47346483680 1 43051582054
47346483680 2 43051582167
47346483680 2 47346549352
47346483680 1 47346549353
47346483680 3 47346549407
47346483680 2 47346549408
47346483720 1 101909153
47346483720 1 47346549464
47346549352 2 47346615129
47346549353 1 101974875
47346549407 1 43051647910
47346549407 1 43051647987
47346549407 1 43051647988
47346549408 1 101974875
47346549408 1 47346615207
47346549408 1 47346681134
47346549463 1 43051647987
47346549464 1 47346615363
47346549520 1 101975031
47346615129 1 47346680928
47346615129 1 47363458144
47346615207 1 47346681030
47346615363 1 47346681336
47346680928 1 47363523878
47346681030 1 47346746781
47346681134 1 47346746904
47346681336 1 47346747262
47346681337 1 43051779604
47346681337 1 43051779724
47346681439 1 102107009
47346681439 1 43051779724
47346746781 1 43051845556
47346746904 1 102172449
47346747262 1 43051846164
47362146528 2 47378989316
47362146528 1 47378989368
47362212204 1 134414649
47362277922 1 118620521
47363260855 1 43068359215
47363260856 2 43068359215
47363260856 1 47363326511
47363260856 1 47363326512
47363326511 1 43068424892
47363326512 1 118751935
47363326568 1 118751935
47363458144 1 47363523877
47363523877 1 43068622316
47363523878 1 43068622468
47378923744 1 47378989315
47378989315 1 47395831963
47378989316 1 134414493
47378989316 1 47395832041
47378989368 1 134414571
47380168938 1 4448124944
47395831963 1 152829955
47395832041 1 152829955
47395832042 1 152829955
47396815048 1 152567810
47396815048 1 47396880441
47396815048 1 47396880496
47396815048 1 47397208233
47396880441 1 153288707
47396880496 1 153157633
47396880496 1 153288707
47397208233 1 47397339305
47397339305 1 152829955
