69664772 1 69795843
69795843 1 69795844
85066249 1 85132106
85066289 1 85132161
85066328 1 85132161
85131993 1 85197972
85131996 1 85198130
85131997 1 85198130
85132106 1 85198208
85132161 1 85198283
85197895 1 85263974
85197972 1 85264073
85198130 1 86245379
85198208 1 4381409292
85198283 1 86245380
85198284 1 86245380
85263974 1 85330043
85263975 1 85330043
85264073 1 85330156
85329794 1 85396147
86245379 1 43019599963
86245380 1 69664772
100860374 1 100860452
100860451 1 101843386
100860452 1 101843346
100860529 1 101843425
100860606 1 101843425
101843346 1 101909044
101843346 1 101909099
101843347 1 101909044
101843386 1 101909099
101843386 1 101909156
101843387 1 85131996
101843388 1 85131996
101843425 1 85131993
101843425 1 101909209
101909041 1 101974798
101909041 1 101974876
101909041 1 101974877
101909042 1 101974800
101909042 1 101974877
101909043 1 101974879
101909044 1 101974880
101909099 1 101974958
101909156 1 4396942334
101909209 1 85197895
101974797 1 102040574
101974797 1 102040676
101974798 1 102040677
101974800 1 102040682
101974875 1 102040677
101974875 1 102040777
101974876 1 102040678
101974877 1 102040679
101974879 1 102040785
101974880 1 4397007980
101974881 1 4397007980
101974958 1 4397008186
101975031 1 102040982
102040574 1 102106412
102040575 1 102106412
102040576 1 102106416
102040578 1 102106297
102040578 1 102106416
102040675 1 102106410
102040676 1 102106412
102040677 1 102106413
102040677 1 102106533
102040678 1 102106413
102040678 1 102106533
102040679 1 102106537
102040682 1 4397073838
102040777 1 102106530
102040777 1 102106649
102040785 1 4397073838
102040879 1 102106771
102040982 1 102107011
102041083 1 85329794
102106297 1 4397139607
102106410 1 102172452
102106412 1 102172302
102106412 1 102172303
102106413 1 102172457
102106416 1 102172310
102106530 1 102172603
102106533 1 102172457
102106533 1 102172608
102106537 1 4397139758
102106648 1 102172449
102106649 1 102172602
102106771 1 102172909
102107011 1 102173213
102172302 1 102172303
102172303 1 102172304
102172449 1 102172450
117571845 1 117637511
117571896 1 117637511
117571897 3 117637589
117571897 1 117637590
117571898 1 117637591
117571948 2 117637589
117637511 6 118620521
117637511 1 118620522
117637512 1 117637513
117637588 2 118620521
117637589 1 117637667
117637589 1 118620521
117637589 2 118620561
117637590 1 118620562
117637591 1 101843346
117637592 1 101843346
117637667 1 101843346
118620481 1 118620521
118620481 2 118686145
118620481 2 118686146
118620482 1 118620522
118620482 1 118686148
118620482 1 118686149
118620521 1 118686146
118620521 1 118686147
118620521 2 118686201
118620521 4 118686202
118620521 1 118686203
118620521 1 118686258
118620522 2 118686147
118620560 1 118686201
118620561 3 101909041
118620561 1 101909042
118620561 1 118686258
118620562 1 101909043
118620600 1 101909041
118686089 1 118751701
118686089 1 118751703
118686090 1 118751703
118686145 1 118751780
118686145 1 118751781
118686145 1 118751857
118686145 2 118751858
118686146 1 118751781
118686146 1 118751782
118686146 1 118751859
118686146 1 118751860
118686147 1 118751861
118686147 1 118751863
118686148 1 4413719082
118686149 1 4413719086
118686200 1 118751779
118686201 1 118751936
118686201 1 118752014
118686202 1 118751937
118686202 2 118751938
118686202 1 118752015
118686203 1 118751862
118686257 1 101974797
118686257 1 118752014
118686258 2 118752015
118686258 1 118752016
118751701 1 118817281
118751702 1 118817281
118751703 1 118817284
118751706 1 4413784584
118751779 1 118817381
118751779 1 118817382
118751780 1 118817384
118751781 1 118817487
118751782 1 118817387
118751856 1 118817381
118751857 1 118817483
118751858 1 118817486
118751859 1 118817488
118751860 1 118817592
118751860 1 118817593
118751861 1 118817592
118751861 1 118817593
118751862 1 4413784891
118751863 1 4413784791
118751935 1 118817586
118751935 1 118817688
118751936 1 118817690
118751937 1 118817590
118751937 1 118817690
118751938 1 118817592
118751938 1 118817694
118752013 1 102040576
118752014 1 118817792
118752015 1 102040578
118752015 1 118817794
118752016 1 102040578
118817279 1 118882787
118817280 1 118882787
118817281 1 118882788
118817284 1 118882793
118817285 1 118882795
118817381 1 118883025
118817381 1 118883026
118817382 1 118883027
118817384 1 118882909
118817384 1 118883152
118817385 1 118882913
118817387 1 4413850212
118817388 1 4413850212
118817483 1 118883025
118817483 1 118883026
118817484 1 118883026
118817484 1 118883027
118817486 1 118883150
118817487 1 118883032
118817488 1 118883153
118817489 1 4413850572
118817586 1 118883267
118817590 1 118883274
118817592 2 4413850452
118817592 1 4413850573
118817593 1 4413850695
118817688 1 118883267
118817688 1 118883388
118817689 1 118883388
118817690 1 118883271
118817691 1 118883271
118817694 1 4413850572
118817792 1 118883510
118817794 1 118883513
118882787 1 118948300
118882793 1 4413915607
118882795 1 4413915610
118882909 1 118948456
118882913 1 118883033
118882913 1 4413915762
118883025 1 118948602
118883026 1 118948604
118883026 1 118948756
118883027 1 118948604
118883027 1 118948605
118883029 1 118948456
118883032 1 4413915910
118883145 1 118948754
118883150 1 118948763
118883152 1 4413916368
118883153 1 4413916063
118883271 1 118949067
118883274 1 4413916368
118883388 1 118949216
118883510 1 102172154
118883513 1 4413916671
118948456 1 118948608
118948604 1 118948605
134217825 1 151060577
134217825 1 47395700833
134217825 2 47395897452
134217840 1 47395700833
134283393 1 134348957
134283425 1 117571897
134283425 1 134348957
134283425 4 134349009
134283425 5 134349061
134283425 1 21592408403
134283425 1 47362212152
134283456 2 134349009
134283456 3 134349061
134283456 1 47362212152
134283457 1 117571898
134348957 1 134349060
134348957 4 134414493
134348957 2 134414494
134349008 1 134414494
134349009 1 134414493
134349009 3 134414571
134349009 3 134414572
134349009 2 134414573
134349009 2 134414649
134349009 1 134414650
134349010 1 134414573
134349060 2 134414493
134349060 1 134414494
134349060 1 134414572
134349061 1 117637512
134349061 1 134349062
134349061 2 134414650
134349061 1 134414651
134349061 1 134414728
134349062 1 134414651
134414493 6 135397617
134414493 1 135790599
134414493 1 135790605
134414493 1 4430757904
134414493 1 4430757907
134414494 2 135397617
134414494 1 4430757907
134414494 1 8742502438
134414494 1 8742633517
134414571 2 135397617
134414571 4 135397657
134414571 1 135397658
134414571 1 30200168756
134414572 5 135397658
134414573 1 135397619
134414573 1 135397659
134414648 1 135397657
134414649 1 118620481
134414649 3 135397657
134414649 1 135397697
134414649 1 135397698
134414650 1 118620481
134414650 1 118620482
134414650 1 135397657
134414650 2 135397658
134414650 1 135397698
134414651 1 134414652
134414653 1 101843387
134414727 2 118620481
134414728 1 118620481
134414728 2 118620482
135397577 3 135463082
135397577 2 135463138
135397577 1 135463139
135397577 1 135463193
135397577 1 135790599
135397577 2 135790602
135397577 1 135790605
135397577 1 152567821
135397577 1 4430757904
135397578 1 135463083
135397578 1 135463084
135397578 1 4430757907
135397578 1 4447535126
135397617 1 135463137
135397617 5 135463138
135397617 2 135463139
135397617 2 135463193
135397617 3 135463194
135397617 1 135528608
135397617 1 135790605
135397617 1 4430757907
135397618 1 135463139
135397618 2 135463141
135397618 1 8742502436
135397618 1 8742502438
135397619 1 4430430494
135397656 1 135463250
135397657 1 135397698
135397657 1 135463194
135397657 3 135463249
135397657 3 135463250
135397657 1 135463251
135397657 1 135463305
135397657 3 135463306
135397658 1 135463251
135397658 1 135463252
135397658 1 135463253
135397658 2 135463307
135397658 1 4430496064
135397659 1 4430430549
135397697 2 118686089
135397697 1 135463306
135397698 1 135463306
135397698 1 135463307
135397736 1 118686089
135463081 1 135528527
135463081 2 135528528
135463081 1 135528529
135463081 1 135528688
135463081 1 47380169015
135463082 1 135528529
135463082 2 135528530
135463082 1 135528531
135463083 1 135528532
135463084 1 4447272968
135463137 1 135528606
135463137 1 135528765
135463138 1 135463195
135463138 1 135528529
135463138 1 135528530
135463138 3 135528608
135463139 2 135528532
135463139 1 135528609
135463141 1 4430495834
135463193 1 135528606
135463193 2 135528684
135463193 1 135528761
135463193 1 135528919
135463193 1 135594088
135463194 1 135528608
135463194 1 135528609
135463194 2 135528686
135463194 1 135528687
135463194 1 135528761
135463195 1 135528609
135463248 1 135594088
135463249 1 135528762
135463249 2 135528840
135463249 1 135528841
135463250 1 135528764
135463250 1 135528842
135463250 1 135528843
135463250 1 135528844
135463251 1 135528843
135463251 2 135528844
135463252 1 4430496221
135463253 1 4430495991
135463254 1 4430496068
135463305 1 135528841
135463306 1 118751860
135463306 1 135528842
135463306 2 135528920
135463307 1 118751706
135463307 1 135528843
135463307 1 135528923
135463308 1 4430496221
135528527 3 136118275
135528528 1 136118275
135528528 1 136118277
135528529 2 136118279
135528530 1 152895496
135528530 1 4447862794
135528530 1 4447862795
135528531 1 135594092
135528531 1 4447862795
135528531 1 4447993873
135528532 1 4447731726
135528532 1 4447862800
135528532 1 4447862802
135528604 1 136118275
135528605 1 135987201
135528605 1 135987203
135528605 1 47380234443
135528605 1 47380234648
135528605 1 47380300015
135528606 2 135593988
135528606 1 135594193
135528608 1 135593991
135528608 1 135593992
135528608 1 135987209
135528608 1 4431085579
135528609 1 135593992
135528609 1 135593993
135528682 1 135987201
135528683 1 135594088
135528683 1 135594396
135528684 1 135593987
135528684 1 135593988
135528684 1 135594090
135528686 1 135593992
135528686 2 135594093
135528687 1 4430561290
135528761 1 135528840
135528761 2 135594398
135528762 1 135594192
135528763 1 135594192
135528764 1 135594197
135528839 1 118817384
135528839 1 135594395
135528839 1 47380234750
135528840 1 135594294
135528840 1 135594395
135528840 1 47380234750
135528841 1 135594294
135528841 2 135594398
135528842 1 135594297
135528842 1 135594399
135528843 1 135594298
135528843 1 135594401
135528844 1 4430561596
135528844 1 4430561599
135528917 1 118817279
135528918 1 118817385
135528919 1 118817489
135528920 1 118817285
135528920 1 135594400
135528921 1 135594401
135528923 1 13020758044
135593985 1 135987202
135593986 1 4430823439
135593987 1 135594090
135593988 2 135987205
135593988 1 135987207
135593991 1 4430954505
135593992 1 4430954506
135593992 1 4430954507
135593993 1 4430954509
135594088 2 135856131
135594088 1 4430823439
135594090 1 135856134
135594090 1 135987205
135594092 1 135659766
135594093 1 4430823433
135594093 1 4430823434
135594189 1 135856130
135594192 1 135856135
135594193 1 135659769
135594197 1 4430823439
135594291 1 135659642
135594294 1 135659647
135594297 1 135659770
135594298 1 4430627069
135594394 1 135659766
135594395 1 135659764
135594395 1 135659765
135594396 1 118882913
135594398 1 135659769
135594398 1 135659770
135594399 1 135659770
135594401 1 4430627190
135594495 1 135660001
135659521 1 135856130
135659527 1 135856135
135659527 1 4430823439
135659764 1 135725216
135659765 1 135725216
135659766 1 135725364
135659766 1 4430692367
135659769 1 4430692367
135659769 1 4430692521
135659770 1 4430692369
135659770 1 4430692371
135659885 1 135725216
135660001 1 135725363
135790599 1 47397339306
135856129 1 135987202
135856131 1 135856132
135856132 2 135856134
135856132 2 135987205
135856134 1 135987207
135856136 1 135987204
135856136 1 4430954505
135856136 1 4430954507
135856138 1 4430954507
135987201 2 135987203
135987201 1 135987204
135987201 1 136118274
135987201 3 136118275
135987202 1 135987203
135987202 1 135987204
135987203 1 135987204
135987204 1 136118275
135987204 1 136118277
135987206 2 136118279
135987206 1 4447862794
135987208 1 152895496
135987208 1 152895497
135987209 1 135987210
135987210 1 4431085579
150995025 4 151060545
150995025 5 151060577
150995025 1 151060608
150995025 1 47395700832
150995025 1 47395700833
150995025 1 47395700864
150995025 4 47395897451
150995025 10 47395897452
150995040 4 151060545
150995040 2 151060577
150995040 1 151060608
150995040 1 47395700832
150995040 1 47395700833
150995040 2 47395700864
150995040 1 47395700896
151060545 3 151060608
151060545 2 47395766324
151060545 1 47395766376
151060576 1 43100799131
151060576 2 47395766324
151060577 4 151126017
151060577 3 151126069
151060577 2 151126121
151060577 2 47395766273
151060577 3 47395766324
151060577 2 47395766376
151060577 1 47395897452
151060608 1 151126069
151060608 2 151126121
151060608 3 47395766273
151060608 2 47395766324
151060609 1 134348957
151060609 1 134349009
151060609 1 151060672
151060609 6 151126121
151060609 6 151126173
151060640 1 134348957
151060640 1 134349009
151060640 1 151126069
151060640 3 151126121
151060640 5 151126173
151060672 1 134348957
151126017 1 151126120
151126017 1 43102371997
151126017 1 43102765214
151126069 2 152829959
151126069 1 152961034
151126069 1 153092103
151126069 1 43102634136
151126120 1 152829959
151126120 1 43102634136
151126120 1 47395831809
151126121 8 151191553
151126121 5 151191554
151126121 1 151191555
151126121 1 151191631
151126121 3 151191632
151126121 1 4447928351
151126122 1 151191554
151126122 1 151191635
151126172 3 151191553
151126172 1 151191631
151126173 1 134414493
151126173 2 134414494
151126173 1 134414571
151126173 1 134414572
151126173 1 151191631
151126173 4 151191632
151126173 3 151191709
151126174 1 151191635
151126176 1 4429381876
151126177 1 4429381876
151126224 2 151191709
151126224 1 47395831964
151191553 1 152698884
151191553 4 152698887
151191553 2 152829962
151191553 2 152829965
151191553 1 152829968
151191553 1 4447666192
151191553 1 4447797267
151191553 1 4447797270
151191554 2 152829962
151191554 1 4447666192
151191554 2 4447797267
151191554 1 4447797279
151191555 1 152829962
151191555 1 8742764575
151191630 1 152829965
151191631 1 135397657
151191631 1 135790599
151191631 1 152174753
151191631 1 152567812
151191631 1 152567814
151191631 2 152698884
151191631 1 152698893
151191631 1 4447666192
151191632 1 152567821
151191632 1 152698893
151191632 1 4447666195
151191632 1 4447666198
151191635 1 25854870006
151191708 1 135790599
151191708 1 152567812
151191708 1 152698893
151191709 1 135790602
151191709 1 135790605
151191709 1 4447666204
151191710 1 135790602
151191710 1 4447666204
152174593 5 152567809
152174593 7 152567813
152174593 1 4448256010
152174633 5 152567809
152174633 7 152567813
152174633 5 153288708
152174633 1 153288712
152174633 1 4448256010
152174634 1 152567809
152174634 1 43102961754
152174673 2 152567809
152174673 2 152567810
152174673 4 152567813
152174673 1 152567814
152174673 1 153288707
152174673 1 153288709
152174673 2 153288711
152174673 1 4448256009
152174673 1 4448256012
152174673 1 43102961758
152174674 1 152567820
152174675 1 4447535119
152174713 2 152240129
152174713 7 152240130
152174713 2 152240131
152174713 2 152240186
152174713 7 152567814
152174713 5 152567817
152174713 2 152567819
152174714 2 152240131
152174714 1 152240132
152174714 1 152240187
152174714 1 152567817
152174714 2 152567819
152174714 1 152567822
152174752 1 152240129
152174753 10 152240241
152174753 8 152240242
152174753 1 152240243
152174753 1 152240297
152174753 1 152305665
152174753 2 152567811
152174753 6 152567814
152174753 1 152567815
152174753 3 152567817
152174753 1 152567818
152174753 1 152567819
152174753 1 152567822
152174753 4 47397208233
152174753 2 47397208234
152174754 2 152240187
152174754 1 152240188
152174754 1 152240243
152174754 1 152240244
152174754 1 152567819
152174754 2 152567822
152174754 1 4447535121
152174754 1 4447535124
152174755 1 152240189
152174755 1 4447535124
152174792 1 135463081
152174793 4 135463081
152174793 1 135790595
152174793 1 135790596
152174793 1 135790599
152174793 2 152240242
152174793 1 152240297
152174793 1 152240298
152174793 1 152240299
152174793 1 152567812
152174793 1 152567815
152174793 1 152567818
152174793 1 152567821
152174794 2 152240299
152174794 1 152240300
152174794 1 152567811
152174794 1 152567812
152174794 1 4447535121
152240129 1 153157635
152240129 1 153157637
152240129 1 153157639
152240129 1 153288707
152240129 1 153288713
152240130 2 153157637
152240130 1 153288711
152240130 2 153288713
152240130 1 4448256009
152240130 2 4448256011
152240130 1 4448256013
152240131 1 4448256011
152240131 1 4448256014
152240131 2 4448256018
152240132 1 4448256018
152240132 1 8743223314
152240186 1 153157639
152240186 1 4448256013
152240187 1 135528531
152240187 1 153157641
152240187 1 4448124944
152240187 1 4448256014
152240187 1 8743223316
152240188 1 152240189
152240188 1 8743223314
152240241 1 135528605
152240241 1 135528606
152240241 3 153026563
152240241 2 153026565
152240241 1 153026567
152240241 4 43102699615
152240241 1 47397666912
152240242 1 152240298
152240242 1 152895496
152240242 1 153026566
152240242 3 153026567
152240242 1 4447993867
152240242 1 4447993868
152240243 1 4447993867
152240243 1 8743092242
152240244 1 8743092244
152240296 1 135528605
152240296 1 135528606
152240296 1 153026563
152240297 1 135528605
152240297 3 152305666
152240298 1 152305667
152240298 1 4430496064
152240298 1 4447993867
152240299 1 152305666
152240299 1 152305669
152240299 1 4430496064
152240300 1 8743223322
152305665 1 4430823435
152305665 1 43102568541
152305666 1 152895491
152305666 1 152895493
152305666 1 152895496
152305666 1 43102699613
152305667 1 4447993865
152305667 1 43102699613
152305668 1 4447993865
152305669 1 4447993869
152305742 1 43102568541
152567809 4 152698881
152567809 9 152698882
152567809 3 152698885
152567809 3 152698886
152567809 2 47397339305
152567810 1 152567814
152567810 3 152698882
152567810 5 152698883
152567810 2 152698884
152567810 1 152698886
152567811 1 152698884
152567811 1 47397339306
152567813 3 152698885
152567813 2 152698886
152567813 7 152698888
152567813 7 152698889
152567813 1 169476101
152567813 1 4448256012
152567814 1 152698884
152567814 3 152698886
152567814 6 152698887
152567814 4 152698889
152567815 1 152698890
152567815 1 47397339306
152567817 2 152698887
152567817 1 152698889
152567817 2 152698890
152567817 4 152698891
152567818 2 152698893
152567819 1 152698891
152567819 2 152698893
152567819 2 152698894
152567819 1 4447666190
152567819 1 4447666193
152567820 1 152698894
152567822 2 4447666192
152567822 2 4447666195
152698881 7 152829954
152698881 3 152829958
152698881 1 47397470377
152698882 4 152829954
152698882 5 152829955
152698882 3 152829956
152698882 3 152829958
152698883 2 152829955
152698884 1 152829959
152698885 2 152829958
152698885 3 152829961
152698885 1 152829963
152698886 1 152829956
152698886 3 152829958
152698886 4 152829959
152698886 1 152961034
152698888 4 152829963
152698888 1 169607179
152698889 1 152829959
152698889 1 152829961
152698889 7 152829962
152698889 3 152829963
152698889 1 152829965
152698890 1 152829962
152698890 1 152829965
152698891 3 152829965
152698891 1 152829968
152698894 1 4447797265
152698894 1 4447797267
152764417 1 136118274
152764424 1 152764426
152764424 1 4447862794
152764424 1 4447862795
152829954 1 152961026
152829954 5 152961027
152829954 5 152961028
152829954 3 152961030
152829955 1 152961027
152829955 3 152961028
152829956 1 152961028
152829956 1 152961031
152829958 4 152961028
152829958 1 152961030
152829958 2 152961031
152829958 2 152961033
152829958 2 169738246
152829958 1 169738249
152829959 2 152961034
152829961 2 152961035
152829961 1 152961037
152829961 1 169738251
152829962 1 152961037
152829963 2 152961037
152829963 3 152961038
152829963 1 4447928337
152829963 1 4464705550
152895489 1 152895492
152895489 1 153026562
152895489 1 153026563
152895491 1 152895493
152895492 1 152895493
152895492 2 153026563
152895493 1 152895494
152895494 1 152895496
152895494 1 153026565
152895494 1 153026567
152895496 1 4447993865
152895496 1 4447993867
152961026 1 153092100
152961027 3 153092099
152961027 1 153092100
152961028 2 153092100
152961028 1 153092103
152961030 1 153092100
152961030 1 169869316
152961031 1 153092103
152961031 1 153092106
152961033 1 153092103
152961033 1 153092106
152961035 2 153092109
152961037 1 153092109
152961037 1 153092112
152961038 1 4464836624
152961038 2 4464836627
153026561 4 153157634
153026561 3 153157635
153026563 2 153026564
153026564 1 153026566
153026564 1 153157635
153026564 1 153157636
153026564 1 153157637
153026564 1 153157638
153026565 1 153026566
153026566 1 153026568
153026566 2 153157637
153026566 1 153157638
153026566 3 153157639
153026566 1 153157640
153026567 3 153026568
153026567 1 153026569
153026568 1 153026569
153026568 1 153157639
153026568 1 153157640
153026568 1 153157641
153157633 1 153157636
153157633 1 153288706
153157633 1 153288707
153157636 4 153288707
153157636 1 153288708
153157636 1 153288709
153157636 1 153288710
153157638 1 153288709
153157638 1 153288711
153157639 2 153157640
153157639 1 153288711
153157639 3 153288713
153157640 2 153157642
153157640 1 153288711
153157640 1 153288712
153157640 1 153288713
153157640 2 4448256009
153157640 1 4448256010
153288707 1 153288709
153288708 3 153288710
153288711 1 153288713
167772209 1 47395897451
167772209 1 47412478048
167772224 1 47412478048
167772225 2 151060545
167772225 1 151060577
167772225 5 167837761
167772225 6 47395897452
167772225 2 47412674668
167772240 1 151060545
167772240 1 167837761
167837761 1 38824575125
167837761 1 38824706194
167837761 1 43119542424
167837761 2 47395766324
167837792 1 47395766324
169345029 1 169345032
169345029 1 169476108
169476101 1 169607177
169607170 1 169738242
169607177 1 169738251
169607179 1 169738254
169738242 1 169869316
169738246 2 169869319
169738249 1 169869322
169738251 2 169869325
169738254 1 4464836627
169869316 1 170000388
169869325 1 170000400
4381409292 1 4381540365
4397007980 1 4397073839
4397008082 1 4397073839
4397073838 1 4397139920
4397139920 1 4397140072
4413719082 1 4413784693
4413784588 1 8708817758
4413784891 1 4413850457
4413850221 1 4413915764
4413850452 1 4413916069
4413850572 1 4413916373
4413850572 1 4413916678
4413850573 1 4413916376
4413915764 1 4413915765
4413916069 1 4413916221
4429381876 1 4430364959
4430364919 1 152567815
4430364919 1 4430430441
4430364957 1 4430430550
4430364959 1 8708620747
4430364999 1 8708620747
4430430441 1 4430495908
4430430497 1 4430495908
4430430549 1 4430496068
4430430550 1 4430496141
4430430551 1 4430496141
4430496064 1 4413784588
4430496064 1 4430561500
4430496141 1 135594398
4430496142 1 135594398
4430496148 1 4430561602
4430496221 1 4430561807
4430561290 1 4430954512
4430561596 1 8725790739
4430561597 1 8725790739
4430561599 1 8725790744
4430561602 1 135987204
4430626827 1 135725067
4430626831 1 4430823439
4430627073 1 8725790739
4430627073 1 8725790741
4430627192 1 4430627193
4430823433 1 135856138
4430954506 1 4430954508
4430954506 1 4447862795
4430954506 1 4447862796
4430954507 1 4430954508
4430954509 1 4430954510
4447207430 1 4447272970
4447207430 1 47397208229
4447207430 1 47397208232
4447535119 1 4447666196
4447535121 1 4447666195
4447535121 1 4447666198
4447535124 1 4447666199
4447535124 2 4447666201
4447535126 1 4447666204
4447666190 1 4447797267
4447666193 1 4447797267
4447666195 1 4447797270
4447666196 1 4447797271
4447666196 1 4447797274
4447666199 1 4447797279
4447666201 1 8742764575
4447731726 1 4447862800
4447731726 1 4447862802
4447797265 1 4447928339
4447797271 1 4447928351
4447862794 2 4447993867
4447862794 2 4447993868
4447862796 1 4447993869
4447862798 1 4447993873
4447928337 1 4464836627
4447928337 1 4464836630
4447993866 1 4448124940
4447993866 1 4448124942
4447993870 1 4448124944
4447993872 1 8743092242
4447993874 1 8743092244
4448124938 1 4448256011
4448124940 1 4448256011
4448124940 3 4448256013
4448124940 1 4448256014
4448124942 1 4448256014
4448124942 1 4448256015
4448124944 1 4448256018
4448124944 1 8743223314
4448256010 1 4448256012
4464705550 1 4464836627
8708620747 1 8708686465
8708620806 1 135790599
8708620806 1 8725463523
8708686465 1 8708752202
8708751890 1 4413850221
8725332179 1 8725397799
8725332257 1 8725397852
8725397799 1 8725463371
8725397851 1 4430496148
8725397851 1 47397470378
8725397852 1 8725463524
8725463371 1 8725529005
8725463524 1 8708751890
8725463525 1 8708751890
8725529005 1 4430627192
8725790744 1 8725790746
8742502436 1 8742633517
8743092242 1 8743223316
8743092246 1 8743223322
12986942697 1 12986942698
13003719304 1 17298686601
13037469756 1 13037600821
17281844014 1 17281909899
17281844090 1 12986942697
17281909899 1 17281975637
17281909900 1 17281975637
17281975637 1 12987074385
17298620995 1 13003719304
17315266818 1 17315332509
17315332509 1 17315332510
17330995220 1 43101847709
17330995220 1 47395897451
17330995221 1 43101847709
17332043953 1 13037469756
17332043953 1 17332109447
17332043954 1 17332109447
21559968557 1 21560034566
21560034566 1 17265133401
21575696970 1 21576679843
21575696971 1 25871647182
21576679843 1 21576745601
21576679844 1 21576745601
21576745601 1 17281844090
21576745602 1 17281844090
21592342737 1 21592408403
21592408350 1 21592474105
21592408403 1 21575696970
21592408403 1 21575696971
21592408404 1 21575696970
21592408404 1 21575696971
21592474105 1 21593457059
21592474106 1 21593457059
21593457059 1 21593522761
21593522761 1 17281844014
21593522762 1 17281844014
21609119920 1 21592408350
21610234156 1 21610299810
21610299810 1 17298620995
21625897039 1 21625962572
21625897040 1 21625962572
21625897041 1 25920929872
21625897073 1 25920929872
21625962572 1 21626028067
21626028067 1 13037600821
25854870006 1 21559968557
25871647182 1 25871712903
25871712903 1 25871778772
25871778772 1 25871844713
25871844713 1 25871910615
25871910615 1 25871976773
25888424280 1 25888489954
25888489954 1 30183522977
25888621115 1 25888686754
25888686754 1 30183719617
25904152813 1 25904218468
25904152814 1 25904218468
25904218390 1 25905201455
25904218468 1 25888424280
25904218469 1 25888424280
25905201455 1 25905267112
25905267112 1 25905332738
25905332738 1 25888621115
25920864370 1 25920929925
25920929822 1 30217338987
25920929872 1 25920995371
25920929925 1 25920995450
25920995371 1 25922371688
25920995450 1 34512437372
25921978551 1 25922044049
25921978551 1 25922371688
25921978552 1 25922044050
25921978552 1 30217338987
25921978552 1 30217338990
25921978592 1 25922044107
25921978592 1 30217338998
25922044049 1 25922109487
25922044050 1 25922109489
25922044105 1 25922109487
25922044107 1 30217076788
25922109487 1 30217797700
25922109489 1 34512764999
30151016555 1 25822625889
30166745999 1 25871844613
30166746000 1 25871844613
30183522977 1 30183588621
30200168755 1 30200234411
30200168756 1 34478424496
30200234246 1 30200299809
30200234411 1 25888555520
30200234412 1 25888555520
30200431155 1 30200431156
30200561782 1 30217470060
30216945890 1 30200234246
30217338998 1 34512437372
30217666625 1 30217797700
30217666629 1 34512764999
30217666629 1 34512765000
34461845229 1 34461845230
34461911390 1 34461911391
34478358919 1 34478424610
34478358920 1 34478424610
34478424610 1 34478424666
34478424665 1 30166745999
34478424666 1 30166745999
34478555725 1 30183654537
34478555726 1 30183654537
34478555828 1 34478555829
34478621486 1 34478621487
34478621847 1 34478687692
34495266954 1 34495332739
34495266955 1 34495332739
34495267112 1 43085660248
34495267112 1 47397208231
34495332739 1 34478687540
34495332841 1 30200431155
34495398341 1 34495398462
34495398461 1 34495398462
34495463541 1 34495463542
34495463692 1 34495463693
34495594573 1 34495725639
34510864422 1 152174753
34510864422 1 47395897452
34511978540 1 34495266954
34511978540 1 47397339302
34512633933 1 34512633935
38739903697 1 38739903698
38739970128 1 38741147727
38741147727 1 34429534286
38741147729 1 34429534286
38756614922 1 38739903697
38756746426 1 38756812292
38756746427 1 38756812292
38756746527 1 34461845229
38756746631 1 30151016555
38756812178 1 38756812298
38756812292 1 34461911390
38756812297 1 38756878240
38756812298 1 38756878240
38756812651 1 25822625889
38756878240 1 38756878241
38772343243 1 38773326219
38773326219 1 38773391912
38773391857 1 38773457507
38773391912 1 38773457663
38773457507 1 34478555828
38773457508 1 34478555828
38773457510 1 38773523130
38773457511 1 38773523128
38773457511 1 38773523130
38773457511 1 38773523232
38773457663 1 38773523433
38773457664 1 38773523433
38773523028 1 34495398341
38773523029 1 34495398341
38773523130 1 38773523233
38773523134 1 38773588670
38773523232 1 34478621366
38773523232 1 38773588786
38773523233 1 34478621366
38773523233 1 34478621486
38773523233 1 38773588786
38773523334 1 38773523335
38773523433 1 34478621847
38773588670 1 38773654082
38773588671 1 38773654082
38773588672 1 38773654236
38773588786 1 34478687235
38773588788 1 38773588789
38773588911 1 38773588912
38773588914 1 38773654546
38773653941 1 38773653942
38773654236 1 38773654237
38773654245 1 38773654398
38773654546 1 38773654698
38789054666 1 38789120376
38789120376 1 34478358919
38790168848 1 34495267034
38790168849 1 34495267034
38790168850 2 38790234253
38790168850 1 38790234336
38790168906 1 38790234253
38790169014 1 38790234565
38790169014 1 47397732522
38790234253 1 38790234254
38790234255 1 38790234256
38790234335 1 38790299833
38790234336 1 38790692943
38790234412 1 34478555725
38790234415 1 38790299939
38790234490 1 38790234569
38790234491 1 34495332841
38790234492 1 34495332841
38790234493 1 38790299835
38790234565 1 38790300037
38790234568 1 38790234569
38790299737 1 38790692943
38790299833 1 34495594567
38790299835 1 34495725639
38790299939 1 38790365402
38790299940 1 38790365402
38790299942 1 38790561872
38790299943 1 38790561872
38790300037 1 43102699615
38790300039 1 38790300040
38790300040 1 34495594569
38790300042 1 34495594570
38790300042 1 34495594572
38790300144 1 38790300145
38790300248 1 38790365765
38790365286 1 38790365287
38790365286 1 38790561872
38790365286 1 38790561874
38790365287 1 34495594570
38790365287 1 38790365288
38790365402 1 30200496235
38790365402 1 34495463541
38790365402 1 34495594570
38790365402 2 34495594572
38790365402 1 38790365403
38790365403 1 34495463541
38790365405 1 43085791324
38790365529 1 38790430998
38790365530 1 38790430998
38790365530 1 43085332827
38790365765 1 34495463692
38790365766 1 38790365767
38790430854 1 38790430855
38790561874 1 38790561876
38790561875 1 38790561876
38790561875 1 38790692943
38790561875 1 38790692944
38790561877 1 38790561879
38790561878 1 38790561879
38790561879 1 38790692948
38790692945 1 38807601230
38790692945 1 38807601231
38790692947 1 38790824016
38790692947 1 38807601232
38790692947 1 38807601233
38790692947 1 38807601234
38790692949 1 38807601236
38790692950 1 38790692952
38790692951 1 38790692952
38790692951 1 38807601237
38790692951 1 38807601238
38806880371 1 38807273606
38806880371 1 38807273609
38807011395 1 34512633933
38807011395 1 38807011396
38807011396 1 34512633933
38807273613 1 34512437383
38807273614 2 38807404682
38807273617 1 38807404685
38807273620 1 38807404688
38807273621 1 38807404690
38807273623 1 38807404689
38807404689 1 38807535758
38807404692 1 38807535760
38807404692 1 38807535761
38807404692 1 38807535762
38807404693 2 38807535762
38807404695 1 38807535764
38807535761 1 38807666829
38807535764 1 38807666832
38807535765 1 38807666834
38807601235 1 38807732303
38807601235 1 38807732304
38807601235 1 38807732305
38807601235 1 38807732306
38807601236 1 38807601238
38807601237 1 38807601238
38807601237 1 38807601239
38807601237 2 38807732306
38807601237 2 38807732308
38807732307 1 38807863376
38807732307 1 38807863377
38807732309 1 38807732311
38807732309 1 38807863379
38807732309 2 38807863380
38807732309 1 38807863381
38807732311 2 38807863381
38807732311 3 38807863382
38807863375 1 34513027151
38807863375 1 38807863377
38807863377 1 38807863379
38807863377 1 38807994448
38807863377 1 38807994450
38807863378 1 38807863380
38807863381 2 38807994452
38807863381 1 38807994453
38807863381 2 38807994454
38807994452 1 38807994454
38824575127 1 38824706194
38824575127 1 38824706197
43033756346 1 43034739246
43033756425 1 43034739246
43033756426 1 43034805174
43034739246 1 43034805060
43034805007 1 43034870927
43034805060 1 43034871156
43034805174 1 43034871238
43034870924 1 43034937019
43034870927 1 43034937025
43034871006 1 43034937231
43034871084 1 43034937231
43034871156 1 38739970128
43034871238 1 43035918494
43034936926 1 43035002989
43034937019 1 38740035800
43034937025 1 43035003105
43034937028 1 43035002989
43034937231 1 43035003347
43035002989 1 43035069403
43035003105 1 43035069549
43035003347 1 43035983966
43035918494 1 43036115035
43035918497 1 43036115035
43036115035 1 43036246106
43050467742 1 43033756346
43050467743 1 43050533484
43050467795 1 43033756426
43050533408 1 43050533486
43050533484 1 43051516421
43050533486 1 43051516382
43050533486 1 43051516383
43051516343 1 43051582110
43051516382 1 43051582108
43051516383 1 43051582165
43051516421 1 38756614922
43051582052 1 43051647904
43051582108 1 43051647983
43051582109 1 43051647983
43051582110 1 43051647908
43051582111 1 43051647988
43051582165 1 43034870924
43051582167 1 43051648066
43051647828 1 43051713726
43051647831 1 43051713730
43051647904 1 38756746527
43051647908 1 43051647986
43051647909 1 43051713832
43051647983 1 38756746631
43051647986 1 43051713832
43051647988 1 43051714038
43051648066 1 43051714038
43051713628 1 43051779360
43051713726 1 38756812178
43051713730 1 43051779480
43051713832 1 43051779719
43051714038 1 43051779962
43051714038 1 43051779963
43051714039 1 43051779963
43051779360 1 43051845395
43051779480 1 43051845395
43051779480 1 43051845547
43051779719 1 43051845850
43051779720 1 43051845850
43051779962 1 43051846311
43051779963 1 43051846312
43051780082 1 43051846311
43051845395 1 43051845396
43051845850 1 43051845851
43051846312 1 43051846313
43067179231 1 43050467742
43067179232 1 43050467795
43067244851 1 38772343243
43067244855 2 43067310545
43067244906 1 43067310622
43067244907 1 43067310623
43067310544 1 43068293478
43067310544 1 43068293518
43067310545 1 43068293478
43067310545 3 43068293518
43067310545 1 43068293519
43067310545 1 43068293558
43067310546 1 43068293518
43067310546 2 43068293519
43067310622 1 43068293557
43067310623 1 43067310701
43067310623 2 43068293558
43067310624 1 43068293519
43067310624 1 43068293558
43067310701 1 43051516382
43068293477 1 43068359154
43068293478 1 43068359155
43068293478 1 43068359156
43068293478 1 43068359157
43068293479 1 43068359158
43068293518 1 43068359156
43068293518 2 43068359157
43068293518 1 43068359212
43068293519 2 43068359157
43068293519 1 43068359158
43068293519 1 43068359212
43068293519 1 43068359213
43068293519 4 43068359214
43068293519 1 43068359270
43068293519 1 47363326511
43068293557 1 43068359266
43068293558 1 43051582052
43068293558 1 43068359269
43068293559 2 43068359270
43068359100 1 43068424807
43068359102 2 43068424812
43068359102 1 43068424813
43068359103 1 43068424813
43068359103 1 43068424814
43068359154 1 38773457507
43068359155 1 38773457511
43068359156 2 38773457511
43068359156 1 43068424809
43068359156 1 43068424885
43068359156 1 43068424964
43068359157 1 43068424809
43068359157 1 43068424810
43068359157 1 43068424888
43068359157 1 43068424889
43068359158 2 43068424890
43068359212 1 43068424964
43068359213 1 43068424964
43068359213 1 43068425042
43068359214 3 43068424968
43068359214 1 43068424969
43068359215 1 43068424969
43068359266 1 38756680526
43068359269 1 43051647828
43068359270 1 43051647831
43068359270 1 43068425046
43068424733 1 43068490331
43068424733 1 43068490332
43068424734 1 43068490332
43068424734 1 43068490333
43068424735 1 43068490334
43068424736 1 43068490337
43068424807 1 38773523028
43068424808 1 38773523028
43068424808 1 38773523232
43068424809 1 38773523134
43068424810 1 43068490431
43068424812 1 43068490431
43068424812 1 43068490436
43068424812 1 43068555974
43068424813 2 43068490437
43068424814 1 43068490437
43068424814 2 43068490438
43068424885 1 38773523233
43068424886 1 38773523233
43068424888 1 43068490636
43068424889 1 43068490535
43068424890 1 43068490536
43068424890 1 43068490537
43068424964 1 38756746426
43068424964 1 38773523334
43068424968 1 43068490741
43068424968 2 43068490742
43068424969 1 43068490742
43068424969 1 43068490845
43068425046 1 43051713628
43068425047 1 43051713628
43068490329 1 38773588788
43068490331 1 43068555851
43068490332 1 43068555851
43068490332 1 43068555852
43068490333 1 43068555854
43068490334 1 43068555856
43068490335 1 43068555856
43068490335 1 43068556213
43068490337 1 43068555859
43068490337 1 43068555979
43068490338 1 43068555979
43068490431 1 38773588672
43068490431 1 38773588788
43068490431 1 43068490533
43068490433 1 38773588911
43068490436 1 43068555975
43068490437 1 43068555976
43068490437 1 43068555977
43068490437 1 43068556213
43068490438 1 43068555978
43068490438 1 43068555979
43068490439 1 43068555979
43068490535 1 38773589032
43068490535 1 43068556211
43068490536 1 43068556212
43068490537 1 43068556214
43068490538 1 43068556214
43068490541 1 43068556338
43068490636 1 38773588914
43068490637 1 38773588914
43068490741 1 43068556453
43068490742 2 43068556455
43068490845 1 43068556578
43068490846 1 43068556578
43068555851 1 38773653938
43068555851 1 38790431155
43068555852 1 38773653941
43068555854 1 43068555975
43068555854 1 43068621392
43068555855 1 38773654245
43068555856 1 43068621396
43068555859 1 43068555980
43068555860 1 43068621401
43068555974 1 43068621544
43068555975 1 38773654245
43068555975 1 43068621546
43068555976 1 43068621548
43068555977 1 43068621397
43068555977 1 43068621548
43068555978 1 43068621398
43068555979 1 43068621553
43068555979 1 43068621855
43068555980 1 43068621401
43068555980 1 43068621855
43068556211 1 38773654548
43068556212 1 38773654549
43068556213 1 38773654549
43068556213 1 43068556214
43068556214 1 43068621849
43068556215 1 43068621849
43068556338 1 43068622309
43068556339 1 43068622309
43068556453 1 38773654854
43068556455 1 43068622154
43068556455 1 43068622457
43068556575 1 43068622457
43068556578 1 43068622463
43068621248 1 43068621249
43068621394 1 43068621395
43068621395 1 43068621396
43068621397 1 43068621398
43068622309 1 43068622310
43083956383 1 43084021965
43083956383 1 43084022017
43083956384 2 43083956416
43083956414 1 43067244851
43083956415 1 43067244855
43083956415 1 43083956416
43083956415 1 43084021966
43083956415 1 43084022017
43083956415 2 43084022018
43083956415 2 43084022019
43083956415 1 43084022069
43083956415 2 43084022070
43083956415 4 43084022071
43083956416 2 43067244855
43083956416 1 43084021966
43083956416 3 43084022018
43083956416 2 43084022019
43083956416 2 43084022070
43083956416 5 43084022071
43083956447 1 43067244906
43083956448 1 43067244906
43084021965 1 43084087524
43084021966 1 43084087527
43084021967 2 43084087527
43084022017 1 43084087680
43084022018 2 43084087604
43084022018 1 43084087605
43084022018 1 43084087682
43084022018 1 43084087683
43084022019 1 43084087528
43084022019 1 43084087604
43084022019 5 43084087605
43084022019 4 43084087606
43084022019 2 43084087682
43084022019 2 43084087683
43084022069 1 43084087682
43084022070 2 43067310544
43084022070 1 43084087682
43084022071 1 43067310544
43084022071 3 43067310545
43084022071 2 43084087683
43084022071 1 43084087684
43084022071 1 43084087761
43084087524 1 43085070612
43084087526 1 43085070653
43084087527 1 43085070614
43084087527 2 43085463704
43084087528 1 34512437383
43084087528 2 38790496405
43084087528 3 43085070615
43084087528 1 43085463704
43084087528 1 43085463710
43084087603 1 8725332257
43084087604 2 43085070613
43084087604 1 43085070653
43084087605 2 43085070614
43084087605 5 43085070654
43084087606 1 43085070614
43084087606 4 43085070615
43084087606 2 43085070654
43084087606 2 43085070655
43084087680 1 43085070692
43084087682 1 43068293477
43084087682 1 43085070653
43084087682 1 43085070695
43084087683 1 43068293478
43084087683 2 43085070654
43084087683 2 43085070694
43084087684 1 30217470060
43084087684 1 43085070655
43084087684 2 43085070694
43084087684 5 43085070695
43084087761 1 43068293478
43085070573 1 30217338998
43085070573 1 38790168848
43085070574 1 38790496405
43085070574 1 38807273613
43085070574 1 43085136091
43085070574 1 43085136093
43085070574 2 43085136149
43085070574 2 43085463704
43085070575 3 43085136149
43085070575 1 43085136150
43085070575 1 43085463704
43085070575 1 43085463710
43085070612 1 38790168850
43085070613 3 38790168850
43085070614 1 43085136149
43085070614 1 43085136204
43085070614 1 43085136205
43085070615 1 38790496405
43085070615 3 43085136149
43085070615 3 43085136150
43085070615 1 43085136205
43085070615 3 43085136206
43085070653 1 38790168962
43085070653 1 43085136258
43085070653 1 43085136315
43085070654 1 30200561782
43085070654 1 30200561785
43085070654 1 43068359156
43085070654 1 43085136203
43085070654 1 43085136258
43085070654 3 43085136260
43085070654 2 43085136261
43085070654 2 43085136316
43085070655 1 43068359156
43085070655 2 43085136205
43085070655 1 43085136261
43085070655 6 43085136262
43085070655 1 43085136263
43085070655 1 43085136318
43085070692 1 38773391857
43085070694 1 43068359100
43085070694 1 43068359156
43085070694 1 43085136315
43085070695 3 43068359102
43085070695 1 43085136316
43085070695 2 43085136317
43085070695 4 43085136318
43085070695 1 43085136319
43085136091 1 38790234415
43085136091 1 38807011395
43085136092 1 38790234415
43085136092 1 38807011395
43085136092 1 43085201557
43085136093 1 43085201557
43085136093 1 43085201558
43085136095 1 43085201561
43085136148 1 38790234491
43085136149 1 38790234493
43085136149 1 43085201557
43085136149 2 43085201558
43085136149 1 43085201635
43085136149 2 43085201636
43085136149 1 43085201790
43085136150 1 43085136206
43085136150 1 43085201560
43085136150 1 43085201637
43085136150 2 43085201638
43085136150 1 43085201790
43085136150 2 43085201792
43085136150 1 43085201793
43085136150 1 47380168936
43085136151 1 43085201639
43085136151 2 43085201640
43085136151 1 43085201793
43085136151 1 43085201794
43085136151 1 43085201872
43085136203 1 38790234493
43085136204 1 38790234493
43085136204 1 43085201713
43085136205 1 43085201713
43085136205 1 43085201714
43085136205 1 43085201792
43085136205 1 43085201793
43085136206 1 43085201637
43085136206 1 43085201638
43085136206 3 43085201716
43085136206 1 43085201717
43085136206 1 43085201871
43085136206 2 43085201872
43085136206 1 43085201949
43085136207 1 43085201716
43085136207 1 43085201949
43085136258 1 38790234490
43085136259 1 38790234490
43085136260 3 43085201868
43085136261 1 43085201791
43085136261 1 43085201792
43085136262 1 43085201795
43085136262 1 43085201871
43085136262 3 43085201872
43085136262 2 43085201873
43085136263 2 43085201795
43085136315 1 38773457510
43085136315 1 38790234647
43085136316 1 38790234647
43085136316 1 43085201868
43085136316 1 43085201947
43085136317 2 43068424733
43085136317 1 43085201947
43085136318 2 43068424733
43085136318 2 43068424734
43085136318 1 43068424735
43085136318 1 43085201872
43085136318 2 43085201950
43085136319 1 43068424812
43085136319 1 43085201873
43085136319 1 47380169250
43085201482 1 43102568536
43085201556 1 38790299836
43085201557 1 38790299836
43085201557 1 38807601230
43085201557 1 38807601233
43085201558 2 38807601236
43085201559 2 43085267036
43085201560 1 43085267036
43085201560 1 43085267140
43085201560 1 43085660249
43085201560 1 43102568536
43085201561 1 43085267141
43085201561 1 43085267346
43085201561 1 43085791322
43085201562 1 43085267346
43085201634 1 38790299940
43085201635 1 38790299940
43085201635 1 38807601232
43085201636 1 38790692950
43085201636 1 38790824016
43085201636 1 38807601232
43085201637 1 38790692950
43085201637 1 43085267038
43085201638 1 43085267039
43085201638 1 43085267040
43085201638 1 43085267445
43085201639 1 43085267041
43085201640 1 43085267042
43085201640 1 43085267142
43085201640 2 43085660253
43085201713 1 38790299737
43085201714 1 43085267036
43085201715 1 43085267038
43085201716 1 43085267039
43085201716 1 43085267040
43085201716 1 43085267141
43085201716 1 43085267142
43085201717 1 43085267141
43085201717 1 43085267142
43085201718 1 43085267143
43085201718 1 43085267144
43085201790 1 43085201791
43085201791 1 38790299942
43085201792 1 38790299942
43085201792 1 38790300144
43085201792 1 43085267239
43085201792 1 43085267342
43085201793 1 43085267139
43085201793 1 43085267444
43085201794 1 43085267343
43085201795 1 43085267142
43085201795 1 43085267245
43085201795 1 43085267346
43085201795 1 43085267448
43085201796 1 43085267449
43085201868 1 38790300039
43085201868 1 38790300040
43085201868 2 38790300042
43085201868 1 43085201945
43085201871 1 43068490329
43085201871 1 43085267446
43085201872 1 43068490433
43085201872 1 43085267446
43085201872 3 43085267447
43085201872 1 43085267547
43085201873 2 43085267346
43085201873 1 43085267448
43085201873 1 43085267449
43085201874 1 43068490335
43085201874 1 43085267449
43085201947 1 38790300248
43085201949 1 43068490535
43085201950 1 43068490535
43085201950 1 43085267548
43085201951 1 43085267449
43085267036 1 34495594570
43085267036 1 38790561874
43085267036 1 38790692948
43085267037 1 34495594570
43085267037 1 38790561874
43085267038 1 38790692950
43085267039 1 43085332588
43085267039 1 43085529177
43085267040 1 43085660250
43085267041 1 43085660252
43085267042 1 43085660252
43085267043 1 43085332714
43085267043 1 47397208229
43085267139 1 38790561877
43085267140 1 43085332707
43085267141 1 38790365530
43085267141 1 43085529176
43085267142 1 43085332710
43085267142 1 43085529179
43085267142 1 43085529180
43085267142 1 43085660250
43085267143 1 43085332710
43085267143 2 43085529179
43085267144 1 43085529179
43085267144 1 43085529181
43085267145 1 43085529181
43085267239 1 38790561874
43085267240 1 38790561874
43085267242 1 43085267243
43085267244 1 43085529176
43085267245 1 43085529180
43085267246 1 43085529180
43085267342 1 38790365409
43085267343 1 38790365529
43085267346 1 43068555853
43085267346 1 43085332711
43085267346 1 43085332712
43085267444 1 38790365766
43085267445 1 38773588792
43085267446 1 43085332949
43085267447 2 43085332829
43085267447 1 43085332949
43085267447 1 43085332950
43085267448 1 43085332949
43085267448 1 43085332952
43085267449 1 43068555854
43085267449 1 43085332953
43085267451 1 43085332956
43085267547 1 38773588672
43085267548 1 43085332948
43085267551 1 43068555854
43085332593 1 43085332594
43085332593 1 43085529180
43085332596 1 43085529180
43085332597 1 43085529184
43085332707 1 43085332827
43085332710 1 38790431003
43085332714 1 43068621395
43085332829 1 38790430853
43085332829 1 38790430854
43085332834 1 43068621395
43085332835 1 43068621395
43085332948 1 38790431155
43085332949 1 38773654093
43085332949 1 43085398303
43085332950 1 38773654093
43085332950 1 43085398304
43085332952 1 43085398307
43085332953 1 43085398310
43085332956 1 43085398313
43085398313 1 43085398314
43085529176 1 43085529178
43085529177 1 38790692950
43085529179 1 43085529180
43085529179 1 43085529181
43085529179 1 43085660250
43085529179 1 43102372004
43085529181 1 43085529182
43085529181 1 43085660252
43085529181 1 43085660254
43085529183 1 43085529184
43085660248 1 43085660250
43085660249 1 43085660250
43085660251 1 43085791322
43085660253 1 43085660254
43085660253 2 43085660255
43085660254 1 43085660256
43085660255 1 43085660256
43085660255 1 43085791326
43085660255 1 43085791328
43085791324 1 43102699615
43100667999 2 43100733567
43100667999 2 47395897451
43100668000 1 43100733535
43100668000 7 43100733567
43100668000 2 47395700832
43100668000 2 47395700864
43100668000 5 47395897451
43100668000 5 47395897452
43100733535 1 43100733536
43100733535 1 43100799026
43100733535 2 43100799027
43100733535 2 47395766323
43100733536 1 43100799027
43100733536 1 47395766323
43100733567 2 43100799027
43100733567 4 43100799079
43100733567 2 43100799130
43100733567 1 43100799131
43100733567 2 47395766375
43100733567 1 47395897451
43100733568 1 43100799079
43100733568 2 43100799130
43100733568 2 43100799131
43100733568 1 47395766375
43100733599 1 43084021967
43100733599 1 43084022018
43100733599 5 43100799130
43100733599 4 43100799131
43100733599 1 43100799182
43100733599 1 43100799183
43100733599 1 43100864664
43100733600 1 43084021967
43100733600 1 43084022018
43100733600 5 43100799130
43100733600 4 43100799131
43100733600 1 43100799182
43100733600 2 43100799183
43100799026 2 4464836627
43100799027 1 153092100
43100799027 1 169869316
43100799027 1 169869319
43100799027 1 169869325
43100799027 1 170000388
43100799027 3 4464836627
43100799077 1 38807273606
43100799079 1 153092103
43100799079 1 153092106
43100799079 1 169869319
43100799079 1 4464836624
43100799079 1 4464836627
43100799079 1 38807666829
43100799079 1 38807666832
43100799079 1 38807666837
43100799079 1 43102503070
43100799130 1 43100799182
43100799130 1 43100864586
43100799130 4 43100864587
43100799130 1 43100864588
43100799130 1 43100864664
43100799131 1 38807666834
43100799131 1 43084087526
43100799131 4 43100864587
43100799131 3 43100864588
43100799131 2 43100864665
43100799131 1 43100864666
43100799131 1 43102503064
43100799131 1 43102634139
43100799182 1 38807404693
43100799182 1 43100864663
43100799182 1 43100864664
43100799182 2 43100864665
43100799183 1 38807404693
43100799183 1 43084087527
43100799183 1 43084087528
43100799183 5 43100864665
43100799183 3 43100864666
43100864586 1 38807404688
43100864587 1 38807535758
43100864587 1 38807535762
43100864587 2 38807535765
43100864587 1 43101847750
43100864587 1 43102503064
43100864588 1 152698883
43100864588 1 38807535760
43100864588 1 38807535762
43100864588 1 43101847751
43100864588 1 43102240931
43100864588 1 43102371995
43100864588 1 43102372004
43100864588 2 43102503064
43100864588 1 43102503070
43100864588 1 43102503073
43100864663 1 38807273616
43100864664 2 38807404682
43100864664 1 38807404690
43100864665 1 135790595
43100864665 1 152698887
43100864665 1 38807404685
43100864665 1 38807404693
43100864665 1 43102240920
43100864665 1 43102240923
43100864665 1 43102371995
43100864666 1 152698884
43100864666 1 8725332179
43100864666 1 38790496402
43100864666 1 38807404690
43100864666 1 38807404693
43100864666 1 43101847751
43100864666 1 43102240920
43100864666 2 43102240923
43100864666 1 43102371995
43100864666 1 43102372001
43100930153 1 47395962987
43101847590 1 43101847591
43101847590 1 43102240927
43101847591 9 43102240930
43101847591 3 43102240933
43101847591 2 43102961753
43101847591 1 43102961755
43101847591 1 43102961757
43101847629 1 43101847670
43101847629 1 43102240921
43101847630 1 38807994451
43101847630 1 43102240927
43101847631 1 38807994453
43101847631 1 38807994454
43101847631 9 43102240930
43101847631 1 43102240933
43101847631 1 43102961751
43101847631 2 43102961753
43101847631 2 43102961755
43101847631 1 43102961757
43101847670 1 38807994449
43101847670 2 38807994451
43101847670 1 43102240921
43101847670 1 43102240922
43101847670 3 43102240924
43101847670 1 43102240927
43101847670 1 43102240928
43101847670 1 43102961752
43101847671 2 38807994451
43101847671 1 43101913142
43101847671 1 43102240928
43101847671 1 43102240930
43101847671 1 43102240931
43101847671 1 43102240933
43101847671 1 43102830681
43101847671 1 43102961752
43101847671 1 43102961753
43101847671 1 43102961757
43101847709 1 43101913307
43101847710 1 34512306303
43101847710 1 38807273623
43101847710 1 38807994449
43101847710 1 43101913139
43101847710 1 43101913140
43101847710 2 43101913141
43101847710 3 43101913196
43101847710 1 43101913251
43101847710 1 43101913307
43101847710 1 43102240919
43101847710 4 43102240922
43101847710 2 43102240925
43101847711 4 43101913141
43101847711 1 43101913142
43101847711 6 43101913198
43101847711 1 43101913199
43101847711 1 43102240925
43101847711 7 43102240928
43101847711 2 43102240931
43101847749 2 38807273614
43101847749 1 38807273620
43101847749 1 38807273621
43101847749 1 43101847790
43101847749 2 43101913250
43101847749 1 43101913251
43101847750 1 43085136091
43101847750 1 43101913195
43101847750 1 43101913196
43101847750 2 43101913251
43101847750 2 43101913252
43101847750 1 43101913253
43101847750 1 43101913308
43101847750 2 43102240920
43101847750 3 43102240922
43101847751 1 152567814
43101847751 1 43101847791
43101847751 1 43101913196
43101847751 1 43101913197
43101847751 3 43101913198
43101847751 2 43101913253
43101847751 4 43101913254
43101847751 2 43102240925
43101847751 1 43102240928
43101847751 3 43102240931
43101847751 2 43102240932
43101847751 1 47396880496
43101847751 1 47396880552
43101847751 1 47397208066
43101847751 1 47397208233
43101847789 1 38807273616
43101847789 2 43101913250
43101847789 1 43101913306
43101847790 1 135790595
43101847790 1 135790596
43101847790 1 38790496402
43101847790 1 38807273617
43101847790 1 43085136092
43101847790 1 43085136150
43101847790 2 43101913251
43101847790 1 43101913308
43101847790 1 43101913309
43101847790 1 43102240923
43101847791 1 43085136092
43101847791 1 43085463710
43101847791 4 43101913309
43101847791 2 43101913310
43101847791 2 43102240920
43101847791 2 43102240923
43101913140 1 38807863378
43101913141 1 38807863380
43101913141 1 38807863381
43101913141 2 38807994452
43101913141 1 38807994454
43101913141 1 43101913198
43101913141 1 43102240925
43101913142 2 38807994452
43101913142 1 43102830682
43101913143 2 43102961756
43101913195 1 43101913196
43101913196 1 34513027149
43101913196 1 34513027151
43101913196 1 38807994448
43101913197 1 34513027151
43101913197 1 38790234335
43101913197 1 38807863380
43101913197 1 38807863382
43101913197 1 38807994452
43101913198 1 38807863382
43101913198 1 38807863384
43101913198 1 38807994452
43101913198 1 43085201560
43101913198 1 43085201637
43101913198 1 43102699611
43101913198 2 43102699613
43101913198 2 43102830680
43101913198 3 43102830682
43101913199 2 43085201560
43101913199 1 43085201637
43101913199 1 43085201638
43101913199 1 43101978699
43101913199 1 43102699610
43101913199 1 43102699613
43101913199 1 43102830686
43101913250 2 43101913307
43101913251 1 34512765005
43101913251 1 38790234255
43101913251 1 38790234412
43101913251 1 38807732305
43101913251 2 43101913307
43101913252 1 38807732307
43101913252 1 43101913309
43101913253 1 38807863375
43101913253 1 43085201556
43101913253 1 43085201634
43101913253 1 43101978695
43101913253 1 43102699607
43101913254 2 43085201559
43101913254 1 43085201868
43101913254 1 43101913255
43101913254 1 43102699608
43101913254 2 43102699612
43101913255 1 43102699612
43101913255 1 43102699613
43101913306 1 38807011395
43101913306 1 43101913307
43101913307 1 38790234335
43101913308 1 43101978695
43101913309 1 43085201868
43101913309 3 43101978695
43101913309 3 43101978696
43101913310 1 43085201482
43101913310 1 43101978697
43101978695 1 38807732303
43101978695 2 38807732306
43101978696 1 38807601237
43101978696 1 38807732304
43101978696 1 38807732306
43101978696 1 38807732308
43101978697 2 38807732308
43101978699 1 43085267039
43101978700 1 43102568541
43102240919 1 38807404693
43102240920 1 38807404690
43102240920 1 38807404693
43102240921 1 38807404692
43102240921 1 38807404695
43102240922 1 38807404692
43102240922 3 38807404693
43102240922 3 43102371991
43102240922 1 43102371992
43102240922 1 43102371994
43102240924 2 43102371994
43102240925 1 43102371994
43102240925 2 43102371995
43102240925 3 43102371997
43102240927 1 43102371996
43102240927 1 43102371997
43102240928 3 43102371997
43102240928 5 43102371998
43102240928 1 43102372000
43102240928 3 43102372001
43102240930 1 152895489
43102240930 1 43102371997
43102240930 3 43102371999
43102240930 6 43102372000
43102240930 5 43102372002
43102240930 4 43102372003
43102240930 2 43119149215
43102240930 1 43119149218
43102240930 1 47397339303
43102240931 1 43102372000
43102240931 2 43102372001
43102240931 1 43102372003
43102240931 4 43102372004
43102240932 2 43102372001
43102240933 9 43102372003
43102240933 1 43102372005
43102240933 2 43102372006
43102240934 1 43102372003
43102240934 1 43102372004
43102371991 3 38807535765
43102371994 2 43102503063
43102371994 1 43102503064
43102371996 1 43119280282
43102371997 4 43102503064
43102371997 1 43102503066
43102371997 4 43102503067
43102371997 1 43102503070
43102371998 1 43102503067
43102371998 3 43102503070
43102371999 1 43102503066
43102371999 2 43102503069
43102372000 4 43102503069
43102372000 2 43102503070
43102372000 2 43102503072
43102372000 2 43102503073
43102372001 1 43102503073
43102372002 3 43102503072
43102372002 3 43102503075
43102372003 4 43102503072
43102372003 2 43102503073
43102372003 6 43102503075
43102372003 3 43102503076
43102372004 1 43102503076
43102372004 1 47397470374
43102372005 1 43102503075
43102372005 3 43102503078
43102372006 1 43102503075
43102372006 5 43102503076
43102372006 2 43102503079
43102372007 2 43102503076
43102437465 1 43102568536
43102437465 1 43102568537
43102437467 1 43085660253
43102437467 1 47397470378
43102503063 2 38807666837
43102503066 1 38807666837
43102503066 1 43119411351
43102503067 1 43102503070
43102503067 2 43102634139
43102503069 1 43102634136
43102503069 1 43102634138
43102503069 1 43102634141
43102503072 2 43102634141
43102503072 4 43102634142
43102503072 3 43102634145
43102503073 1 43102634142
43102503075 6 43102634145
43102503075 1 43102634147
43102503075 1 43102634148
43102503075 1 43119411360
43102503076 1 43102634145
43102503076 4 43102634148
43102503078 1 43102634147
43102503078 4 43102634148
43102503078 3 43102634150
43102503078 2 43102634151
43102568537 1 43102699608
43102568541 2 43102568542
43102568541 2 43102699612
43102568541 1 43102699613
43102568541 1 43102699614
43102568543 1 43102568544
43102568543 1 43102699614
43102634138 1 43102765208
43102634141 2 43102765211
43102634141 1 43102765214
43102634142 1 43102765211
43102634142 1 43102765214
43102634145 5 43102765214
43102634145 1 43102765217
43102634147 1 43102765217
43102634147 2 43102765220
43102634148 3 43102765220
43102634150 3 43102765220
43102634150 1 43102765223
43102699607 1 38807863384
43102699607 1 43102699608
43102699607 1 43102699609
43102699609 1 43102699611
43102699609 2 43102830680
43102699609 3 43102830682
43102699610 1 43102699612
43102699611 2 43102699612
43102699611 1 43102830682
43102699611 2 43102830684
43102699612 1 43102699614
43102699613 1 43102699614
43102699613 3 43102830686
43102699615 2 43102699616
43102830679 1 38807994454
43102830679 1 38807994455
43102830679 1 43102830681
43102830679 1 43102961752
43102830681 1 43102961753
43102830681 2 43102961754
43102830683 1 43102830684
43102830683 1 43102830685
43102830683 1 43102961754
43102830683 2 43102961756
43102830685 1 43102961755
43102830685 1 43102961756
43102830685 1 43102961757
43102830685 4 43102961758
43102830687 2 43102830688
43102830687 4 43102961758
43102830687 6 43102961760
43102961757 1 43102961759
43117445184 1 47395897452
43117445184 1 47412478048
43117445199 1 43100733535
43117445199 2 43117510751
43117445199 3 47395897451
43117445200 4 43100733535
43117445200 1 43100930153
43117445200 1 43100930155
43117445200 6 43117510751
43117445200 5 47395897451
43117445200 6 47395897452
43117445200 3 47412478048
43117445216 1 43100733535
43117510719 1 47395766323
43117510719 1 47395897451
43117510719 1 47395897452
43117510720 1 47395766323
43117510751 1 152961037
43117510751 1 169476108
43117510751 1 43100799026
43117510751 3 43100799027
43117510751 1 43117510752
43117510751 1 47412543539
43117510752 1 152961037
43117510752 1 47412543539
43119018146 1 43119149215
43119149215 3 43119280285
43119149218 1 43119280288
43119149221 1 43119280291
43119149221 1 43119280294
43119280282 1 43119411351
43119280285 3 43119411354
43119280288 1 43119411360
43119280291 1 43119411363
43119280294 1 43119411366
43119411351 2 38824575125
43119411354 1 38824575125
43119411354 1 38824575127
43119411354 1 43119542424
43119411360 1 43119542430
43119411360 1 43119542433
43119411363 1 43119542433
43119411366 1 43119542436
43119542430 1 43119673502
43119542433 1 43119673502
43119542433 1 43119673505
43119542436 1 43119673508
43119542439 2 43119673508
43119542439 4 43119673511
47328657876 1 47328723802
47328723724 1 85066249
47328723802 1 85066289
47329706504 1 47329772359
47329772359 1 43034871006
47329838225 1 43034936926
47329838225 1 47329904223
47329838226 1 47329904223
47329904223 1 47329904325
47329904224 1 47329970288
47329904325 1 47329970288
47329970288 1 47330036704
47345369344 1 47328657876
47345369344 1 47345435092
47345434987 1 47345435040
47345435039 1 47345500861
47345435040 1 100860529
47345435040 1 47345500783
47345435040 2 47345500861
47345435040 1 47345500862
47345435092 1 47328723724
47345500783 1 47346483679
47345500783 4 47346483680
47345500784 1 47346483680
47345500861 1 47329706504
47345500861 1 47346483719
47345500862 1 101843425
47346483640 1 47346549353
47346483640 1 47346549408
47346483679 1 43051582111
47346483679 1 43051582167
47346483680 1 43051582111
47346483680 1 43051582167
47346483680 1 47346549408
47346483680 1 47346549463
47346483680 3 47346549464
47346483719 1 43034805007
47346483720 1 43034805007
47346549352 1 101974797
47346549352 1 101974875
47346549352 2 47346615208
47346549353 1 101974875
47346549408 1 101974875
47346549408 1 47346615208
47346549408 1 47346615209
47346549463 1 47329838225
47346549464 1 101975031
47346549464 1 47329838225
47346549464 1 47346615287
47346615208 1 102040675
47346615208 1 102040777
47346615208 1 47346681032
47346615209 1 102040879
47346615286 1 102040879
47346615287 1 102041083
47346615364 1 102041083
47346681032 1 47346746785
47346746785 1 102172449
47362080865 1 47395700896
47362080865 1 47395897451
47362080880 2 47395700896
47362080880 1 47395897451
47362080880 1 47395897452
47362146528 1 43050467743
47362146528 1 47345434987
47362146528 1 47345435039
47362146528 3 47345435040
47362146528 5 47362212203
47362146528 1 47362212204
47362212101 1 117637511
47362212151 1 43067310623
47362212151 1 43067310624
47362212151 1 47362277842
47362212151 2 47362277843
47362212151 1 47362277920
47362212152 3 117637511
47362212152 3 47362277843
47362212152 3 47362277844
47362212152 1 47362277922
47362212203 1 43050533486
47362212203 3 47345500783
47362212203 1 47362277920
47362212203 6 47362277921
47362212204 1 100860451
47362212204 1 117637589
47362212204 3 47345500783
47362212204 1 47345500784
47362212204 1 47362277845
47362212204 5 47362277921
47362212204 4 47362277922
47362212255 1 47345500783
47362277767 1 118620481
47362277842 1 47362277921
47362277843 3 43068293519
47362277843 2 47363260816
47362277844 1 118620481
47362277844 1 118620521
47362277844 1 43068293519
47362277844 2 47363260737
47362277844 1 47363260776
47362277844 2 47363260816
47362277845 1 118620561
47362277920 1 43051516343
47362277920 1 43068293519
47362277920 1 43068293559
47362277921 1 43051516343
47362277921 2 43068293519
47362277921 1 43068293559
47362277921 1 47346483640
47362277921 1 47346483679
47362277921 4 47363260856
47362277922 1 118620521
47362277922 3 118620561
47362277922 1 47346483640
47362277922 1 47363260817
47363260737 1 118686145
47363260737 1 47363260777
47363260776 1 118686145
47363260776 1 47363260816
47363260776 1 47363326401
47363260776 2 47363326456
47363260777 1 118686145
47363260816 2 118686145
47363260816 1 47363326456
47363260816 1 47363326457
47363260816 1 47363326512
47363260817 1 118686257
47363260856 1 118686257
47363260856 4 47346549352
47363326399 1 43068424736
47363326399 1 43068424813
47363326399 1 43068424814
47363326401 1 118751779
47363326456 1 118751779
47363326456 1 47363392035
47363326456 1 47363392190
47363326457 1 118751935
47363326511 1 118752013
47363326512 2 118751935
47363392035 1 118817381
47363392112 1 118817381
47363392190 1 47363457840
47363457840 1 118883145
47378858096 1 151060577
47378858096 2 47395700864
47378858096 1 47395700896
47378858096 3 47395897451
47378923649 1 47378923712
47378923680 1 134349009
47378923680 1 43084022019
47378923680 1 47378989263
47378923680 3 47378989264
47378923680 2 47378989315
47378923680 1 47378989316
47378923681 1 117571897
47378923681 1 134349009
47378923681 1 47378989265
47378923681 1 47378989316
47378923712 1 117571845
47378923712 1 117571897
47378923712 1 134348957
47378923712 4 134349009
47378923712 1 134349061
47378923712 1 25904152813
47378923712 1 43084022018
47378923712 8 43084022019
47378923712 1 43084022071
47378923712 1 43084087684
47378923712 1 47362212101
47378923712 6 47362212151
47378923712 6 47362212152
47378923712 3 47362212203
47378923712 4 47362212204
47378923712 1 47378989263
47378923712 4 47378989264
47378923712 3 47378989265
47378923712 17 47378989315
47378923712 16 47378989316
47378923712 3 47378989317
47378923712 12 47378989367
47378923712 16 47378989368
47378923713 1 117571897
47378923744 2 117571897
47378923744 1 43067244907
47378923744 4 47362212203
47378923744 4 47362212204
47378989213 1 134414493
47378989263 2 43084087528
47378989263 1 47379054824
47378989263 2 47379054825
47378989264 3 134414493
47378989264 1 134414494
47378989264 1 47379054824
47378989264 8 47379054825
47378989264 3 47379054826
47378989265 1 134414571
47378989265 2 134414649
47378989315 1 43084087605
47378989315 2 43084087606
47378989315 1 43084087683
47378989315 4 43084087684
47378989315 1 47379054825
47378989315 8 47379054903
47378989315 3 47379054980
47378989315 2 47379054981
47378989316 1 134414493
47378989316 4 134414571
47378989316 3 134414649
47378989316 1 25904218390
47378989316 1 47379054825
47378989316 1 47379054826
47378989316 9 47379054903
47378989316 8 47379054904
47378989316 1 47379054980
47378989316 4 47379054981
47378989316 3 47379054982
47378989317 2 117637511
47378989317 1 134414727
47378989367 2 43067310546
47378989367 4 43084087684
47378989367 2 47362277843
47378989367 2 47379054980
47378989367 2 47379054981
47378989368 3 117637511
47378989368 1 134414649
47378989368 1 134414727
47378989368 1 43067310546
47378989368 1 43084087684
47378989368 1 47362277767
47378989368 2 47362277843
47378989368 5 47362277844
47378989368 3 47379054981
47378989368 5 47379054982
47378989368 1 47379055060
47379054749 1 135397617
47379054824 1 43085070615
47379054825 2 135790595
47379054825 1 43085070615
47379054825 1 47379054826
47379054825 1 47379054903
47379054825 1 47380037871
47379054825 2 47380037872
47379054825 3 47380037911
47379054825 6 47380037912
47379054825 1 47380037952
47379054826 1 135397617
47379054826 1 135790595
47379054826 1 135790602
47379054826 1 47380037872
47379054826 7 47380037912
47379054826 1 47380037952
47379054903 1 30216945890
47379054903 5 43085070655
47379054903 1 47380037911
47379054903 3 47380037912
47379054903 1 47380037951
47379054903 3 47380037952
47379054904 3 135397617
47379054904 1 135397657
47379054904 5 47380037912
47379054904 1 47380037952
47379054980 1 43068293479
47379054980 1 43085070655
47379054980 3 43085070695
47379054981 1 43085070655
47379054981 3 43085070695
47379054981 1 47363260776
47379054981 1 47380037951
47379054981 1 47380037991
47379054981 4 47380037992
47379054982 1 118620481
47379054982 3 135397657
47379054982 2 135397697
47379054982 1 47380037952
47379054982 2 47380037992
47379055058 1 43068293479
47379055059 1 47363260776
47379055060 1 47363260776
47380037871 1 43085136151
47380037872 3 135790595
47380037872 1 43085136095
47380037872 1 43085463713
47380037872 1 47380103392
47380037872 1 47380103447
47380037872 3 47380103448
47380037873 1 135463250
47380037911 2 43085136151
47380037911 1 43085136206
47380037912 2 135463193
47380037912 1 135463249
47380037912 3 43085136151
47380037912 1 43085136206
47380037912 5 47380103448
47380037912 4 47380103503
47380037912 5 47380103504
47380037951 1 43085136262
47380037951 1 43085136319
47380037952 1 43085136262
47380037952 2 43085136319
47380037952 1 47380103504
47380037952 2 47380103505
47380037952 2 47380103559
47380037952 2 47380103560
47380037991 1 43068359103
47380037992 1 43068359103
47380037992 3 47363326399
47380037992 2 47380103616
47380103392 1 135528527
47380103447 1 43085201640
47380103447 1 43085201795
47380103447 1 43085201796
47380103448 1 135528527
47380103448 3 135528605
47380103448 2 135528761
47380103448 1 135528839
47380103448 1 43085201874
47380103448 1 47380168783
47380103448 1 47380168861
47380103448 1 47380168937
47380103448 1 47380168938
47380103503 2 43085201718
47380103503 1 43085201796
47380103503 1 47380169014
47380103503 1 47380169015
47380103503 1 47380169248
47380103504 1 135528683
47380103504 1 47380169014
47380103504 2 47380169015
47380103504 1 47380169016
47380103504 1 47380169093
47380103504 1 47380169094
47380103504 1 47380169171
47380103505 2 135528839
47380103559 1 47380103616
47380103559 1 47380169171
47380103559 1 47380169248
47380103560 2 135528839
47380103560 1 135528918
47380103560 1 47380169094
47380103560 1 47380169170
47380103560 1 47380169171
47380103616 1 135528917
47380103616 1 47380169170
47380103616 1 47380169250
47380168782 1 136118274
47380168783 1 47380168860
47380168859 1 43085332834
47380168860 1 135593986
47380168861 1 135987201
47380168936 1 4447862794
47380168937 1 47380234340
47380168938 1 135593985
47380168938 1 135987201
47380168938 1 47380234443
47380169014 1 43085267145
47380169015 1 43085267145
47380169015 1 43085267242
47380169015 1 47380234442
47380169015 1 47380234443
47380169016 1 47380234443
47380169016 1 47380234444
47380169093 1 47380234544
47380169094 1 135594189
47380169094 1 135594291
47380169170 1 43085267451
47380169171 1 43068490337
47380169171 1 43085267451
47380169171 1 47380234749
47380169248 1 43068490541
47380169249 1 43068490541
47380169250 1 135594394
47380169250 1 135594495
47380234340 1 43085660256
47380234342 1 47380300013
47380234342 1 47397208232
47380234442 1 43085529183
47380234443 1 43085332597
47380234443 1 43085529180
47380234544 1 43085529184
47380234648 1 47380300255
47380234749 1 47380300256
47380234750 1 47380300254
47380234750 1 47380300256
47380300013 1 43068621394
47380300015 1 43085398316
47380300254 1 43068621248
47380300255 1 43068621555
47380300256 1 47380365616
47380496479 1 43085660256
47395635265 1 47395635296
47395635265 1 47395700833
47395635265 1 47395897452
47395635265 5 47412412512
47395635281 9 134283425
47395635281 1 134283457
47395635281 3 151060577
47395635281 14 151060609
47395635281 1 21592342737
47395635281 1 21625897041
47395635281 1 47362146528
47395635281 1 47378923649
47395635281 1 47378923680
47395635281 3 47378923681
47395635281 11 47378923712
47395635281 1 47378923713
47395635281 1 47378989368
47395635281 1 47395635296
47395635281 1 47395635297
47395635281 3 47395635312
47395635281 3 47395700833
47395635281 22 47395700864
47395635281 4 47395700865
47395635281 32 47395700896
47395635281 4 47395897451
47395635281 3 47395897452
47395635281 1 47412477985
47395635296 10 134283425
47395635296 1 134283457
47395635296 2 151060577
47395635296 14 151060609
47395635296 1 21592342737
47395635296 1 21609119920
47395635296 1 21625897039
47395635296 1 21625897041
47395635296 1 25920864370
47395635296 1 43067179231
47395635296 1 43067179232
47395635296 2 43083956383
47395635296 1 43083956384
47395635296 1 43083956414
47395635296 10 43083956415
47395635296 3 43083956416
47395635296 1 43100733535
47395635296 3 43100733567
47395635296 2 43100733568
47395635296 13 43100733599
47395635296 3 43100733600
47395635296 1 43117510751
47395635296 9 47362146528
47395635296 1 47362212204
47395635296 1 47378923649
47395635296 7 47378923680
47395635296 3 47378923681
47395635296 75 47378923712
47395635296 1 47378923713
47395635296 7 47378923744
47395635296 1 47378989368
47395635296 1 47395635312
47395635296 5 47395700832
47395635296 5 47395700833
47395635296 56 47395700864
47395635296 5 47395700865
47395635296 118 47395700896
47395635296 1 47395897346
47395635296 6 47395897451
47395635296 10 47395897452
47395635296 1 47412477985
47395635297 1 134283393
47395635297 1 134283425
47395635297 1 151060577
47395635297 1 47378923712
47395635297 1 47395700896
47395635312 1 134283393
47395635312 2 134283425
47395635312 1 151060609
47395635312 1 43083956384
47395635312 5 43083956415
47395635312 1 43083956447
47395635312 1 43100733600
47395635312 2 47345369344
47395635312 4 47362146528
47395635312 2 47378923680
47395635312 31 47378923712
47395635312 3 47378923744
47395635312 2 47395700864
47395635312 11 47395700896
47395700801 1 43100799131
47395700801 1 47395700833
47395700832 1 151126176
47395700832 1 43100799077
47395700832 1 43100799079
47395700832 3 47395766323
47395700832 10 47395766324
47395700832 1 47395766427
47395700833 2 151126069
47395700833 1 151126120
47395700833 3 151126121
47395700833 1 151126176
47395700833 1 47395700864
47395700833 1 47395766324
47395700833 1 47395766376
47395700864 2 151126069
47395700864 1 151126120
47395700864 5 151126121
47395700864 1 151126122
47395700864 2 151126173
47395700864 1 152829962
47395700864 1 21610234156
47395700864 1 38789054666
47395700864 2 43100799079
47395700864 3 47395766323
47395700864 18 47395766324
47395700864 1 47395766325
47395700864 9 47395766375
47395700864 20 47395766376
47395700864 2 47395766377
47395700864 6 47395766427
47395700864 9 47395766428
47395700864 1 47395897452
47395700865 2 134348957
47395700865 2 134349009
47395700865 2 151126121
47395700896 4 134348957
47395700896 2 134349009
47395700896 6 151126121
47395700896 3 151126173
47395700896 1 151191631
47395700896 1 25920929822
47395700896 1 30200168755
47395700896 2 43084022019
47395700896 1 43084022071
47395700896 1 43084087605
47395700896 1 43100799079
47395700896 1 43100799131
47395700896 3 43100799182
47395700896 6 43100799183
47395700896 1 43119673511
47395700896 1 47378989213
47395700896 4 47378989263
47395700896 8 47378989264
47395700896 4 47378989315
47395700896 9 47378989316
47395700896 1 47395766325
47395700896 1 47395766375
47395700896 4 47395766376
47395700896 2 47395766377
47395700896 15 47395766427
47395700896 26 47395766428
47395700896 14 47395766479
47395700896 30 47395766480
47395700928 1 134349009
47395766273 1 43102765220
47395766273 1 47397601447
47395766273 1 47397732519
47395766323 1 152174633
47395766323 2 152961037
47395766323 1 152961038
47395766323 1 153092103
47395766323 1 153092109
47395766323 1 43102634142
47395766323 1 43102634148
47395766323 1 43102765211
47395766323 1 43119673502
47395766323 1 47395766375
47395766323 1 47397601450
47395766323 2 47397732522
47395766324 1 152698888
47395766324 1 152829962
47395766324 2 152961027
47395766324 3 152961028
47395766324 1 152961034
47395766324 1 152961038
47395766324 2 153092099
47395766324 3 153092100
47395766324 1 153092103
47395766324 1 153092109
47395766324 1 169869322
47395766324 1 170000400
47395766324 2 38824575125
47395766324 1 43100864666
47395766324 1 43102503069
47395766324 1 43102503073
47395766324 1 43102634139
47395766324 1 43102634142
47395766324 1 43102634145
47395766324 1 43102765208
47395766324 2 43102765211
47395766324 3 43102765214
47395766324 5 43102765220
47395766324 1 43119673502
47395766324 1 43119673505
47395766324 2 43119673508
47395766324 2 43119673511
47395766324 1 47397208232
47395766324 1 47397601447
47395766324 1 47397601450
47395766324 1 47397732519
47395766325 1 151191631
47395766325 1 152961034
47395766325 1 4447928339
47395766375 1 152829958
47395766375 1 152961028
47395766375 1 153092100
47395766375 1 4464836627
47395766375 1 43102240930
47395766375 1 43102503069
47395766375 1 43102503076
47395766375 1 43102634142
47395766375 2 43102634148
47395766375 1 43102765214
47395766375 1 43102765220
47395766375 1 47395766376
47395766376 1 134414653
47395766376 1 151191631
47395766376 1 152698882
47395766376 1 152829958
47395766376 1 152829959
47395766376 5 152961028
47395766376 1 152961034
47395766376 1 153092099
47395766376 1 153092109
47395766376 1 38807666837
47395766376 1 43102240930
47395766376 1 43102503069
47395766376 1 43102503073
47395766376 1 43102503076
47395766376 2 43102503079
47395766376 1 43102634142
47395766376 5 43102634145
47395766376 3 43102634148
47395766376 1 43102634151
47395766376 1 43102765214
47395766376 1 43102765217
47395766376 1 43102765220
47395766376 1 43119673502
47395766376 2 47397601447
47395766376 1 47397601450
47395766377 2 151191553
47395766427 1 152829955
47395766427 1 152961027
47395766427 1 38807666837
47395766427 1 43100864587
47395766427 8 43100864588
47395766427 1 43100864665
47395766427 1 43100864666
47395766427 1 43102634142
47395766427 2 47379054825
47395766427 1 47379054903
47395766427 3 47395831884
47395766427 5 47395831885
47395766427 1 47395831963
47395766428 7 151191553
47395766428 3 151191631
47395766428 1 152829955
47395766428 1 152829956
47395766428 2 152829962
47395766428 1 152961027
47395766428 1 152961031
47395766428 1 4447797267
47395766428 1 4447928339
47395766428 2 43100864588
47395766428 1 43100864665
47395766428 1 43100864666
47395766428 1 43102503076
47395766428 1 43102634142
47395766428 1 43102634148
47395766428 2 47379054826
47395766428 2 47395831884
47395766428 14 47395831885
47395766428 6 47395831886
47395766428 1 47395831964
47395766429 1 47395831964
47395766479 1 4430364957
47395766479 4 43084087528
47395766479 1 43100864588
47395766479 4 43100864666
47395766479 2 47379054825
47395766479 1 47395831885
47395766479 1 47395831962
47395766479 2 47395831963
47395766479 1 47395832042
47395766480 3 151191631
47395766480 1 43084087603
47395766480 1 43100864666
47395766480 1 47379054749
47395766480 3 47379054825
47395766480 2 47379054826
47395766480 5 47395831887
47395766480 12 47395831963
47395766480 9 47395831964
47395766480 1 47395832041
47395766480 2 47395832042
47395831809 1 43102372004
47395831884 1 43102372001
47395831884 1 43102503064
47395831884 1 43102503067
47395831884 1 43102503076
47395831885 1 135397577
47395831885 1 152698883
47395831885 4 152829955
47395831885 1 17315266818
47395831885 2 43102372001
47395831885 2 43102372004
47395831885 1 43102372007
47395831885 1 43102503064
47395831885 1 43102503067
47395831885 2 43102503070
47395831885 1 43102503076
47395831885 1 47395831886
47395831885 1 47395831963
47395831885 1 47397339306
47395831885 1 47397470378
47395831886 1 135397577
47395831886 1 152698883
47395831886 1 152698887
47395831886 1 152829955
47395831886 1 152829956
47395831886 1 152829965
47395831886 2 43102372004
47395831886 2 43102503076
47395831886 1 47397470375
47395831887 1 135790595
47395831887 1 152174793
47395831887 1 152698887
47395831887 1 152698893
47395831887 1 47395831964
47395831962 1 43102372001
47395831963 1 135790595
47395831963 2 152698883
47395831963 1 30217338998
47395831963 1 43085463710
47395831963 1 43085463713
47395831963 1 43101847751
47395831963 1 43102240923
47395831963 1 43102240935
47395831963 1 43102371998
47395831963 1 43102372001
47395831963 1 47380037873
47395831963 1 47395831964
47395831963 1 47395832041
47395831963 1 47397208231
47395831963 1 47397339306
47395831964 2 135790595
47395831964 1 135790596
47395831964 1 152174793
47395831964 1 152567811
47395831964 1 152567812
47395831964 1 152567815
47395831964 2 152698883
47395831964 3 152698887
47395831964 1 152698890
47395831964 2 152698893
47395831964 1 43102240932
47395831964 1 43102240935
47395831964 1 43102372007
47395831964 1 47396815088
47395831964 1 47397208231
47395832041 1 135790595
47395832042 1 152567815
47395832042 1 152567821
47395832042 1 43085070654
47395897451 1 34512306303
47395897451 1 43119673508
47395897451 10 47395962987
47395897451 4 47395962988
47395897451 1 47396815088
47395897451 1 47397732519
47395897452 1 34512306303
47395897452 1 43101847750
47395897452 1 47395962987
47395897452 10 47395962988
47396814849 1 47396880439
47396814887 1 43102240933
47396814887 1 43102830686
47396814887 2 47396814928
47396814887 1 47397208229
47396814887 1 47397208232
47396814888 3 152567809
47396814888 1 152567976
47396814888 1 152698881
47396814888 1 153288705
47396814888 1 153288708
47396814888 1 43101913197
47396814888 1 43101913199
47396814888 1 43102240933
47396814888 1 43102830686
47396814888 1 43102961753
47396814888 1 43102961757
47396814888 2 43102961759
47396814888 1 47396814928
47396814888 3 47396880439
47396814888 2 47396880440
47396814888 5 47397208229
47396814888 14 47397208232
47396814888 2 47397929057
47396814927 1 43101913198
47396814927 1 43101913251
47396814927 3 43102240933
47396814927 3 43102961755
47396814928 1 152240187
47396814928 3 152567809
47396814928 2 153288705
47396814928 1 153288707
47396814928 1 153288710
47396814928 2 43101913198
47396814928 1 43101913199
47396814928 1 43101913251
47396814928 1 43101913254
47396814928 2 43102240933
47396814928 2 43102961753
47396814928 3 43102961755
47396814928 1 43102961757
47396814928 2 43102961759
47396814928 2 47397208229
47396814928 6 47397208232
47396814928 2 47397929057
47396814929 1 152567809
47396814929 1 153288707
47396814929 1 47396814968
47396814967 1 43101913253
47396814967 1 43101913254
47396814967 2 43102240933
47396814967 1 43102240934
47396814967 2 43102961758
47396814967 1 47396880495
47396814967 2 47396880552
47396814968 1 152240129
47396814968 1 152240241
47396814968 1 152240299
47396814968 1 152567809
47396814968 1 152567810
47396814968 3 153288707
47396814968 1 43101913143
47396814968 2 43101913253
47396814968 1 43101913254
47396814968 1 43102240931
47396814968 1 43102240933
47396814968 1 43102240934
47396814968 1 43102961754
47396814968 1 43102961755
47396814968 1 43102961757
47396814968 6 43102961758
47396814968 3 43102961760
47396814968 1 47396880439
47396814968 1 47396880440
47396814968 1 47396880495
47396814968 1 47396880551
47396814968 1 47396880552
47396814968 7 47397208229
47396814968 3 47397208230
47396814968 3 47397208232
47396814968 2 47397208233
47396814969 2 152240129
47396814969 1 152567810
47396814969 1 152567814
47396815007 1 43101913199
47396815007 1 47396880496
47396815007 1 47397208231
47396815008 2 152240129
47396815008 1 152240241
47396815008 1 152240298
47396815008 2 152567810
47396815008 2 43101913143
47396815008 1 43101913254
47396815008 2 43102240934
47396815008 2 47380103448
47396815008 1 47396880385
47396815008 2 47396880439
47396815008 4 47396880440
47396815008 2 47396880495
47396815008 2 47396880496
47396815008 2 47397208230
47396815008 4 47397208233
47396815009 1 135463081
47396815047 2 43085136149
47396815047 1 43101913199
47396815047 1 43102240931
47396815048 1 135463081
47396815048 1 135463137
47396815048 1 152240241
47396815048 4 152567810
47396815048 2 43085136149
47396815048 4 43085136150
47396815048 1 43085136206
47396815048 1 43101913199
47396815048 1 43102240931
47396815048 1 43102240934
47396815048 2 47380103447
47396815048 3 47380103448
47396815048 3 47396880495
47396815048 2 47396880496
47396815048 4 47396880552
47396815048 1 47396880608
47396815048 2 47397208230
47396815048 3 47397208233
47396815049 1 152240297
47396815049 1 152567812
47396815049 1 43085136151
47396815087 2 43085136206
47396815087 1 47380103503
47396815088 1 135463193
47396815088 1 135790595
47396815088 2 152240297
47396815088 1 152567811
47396815088 1 152567815
47396815088 1 152567978
47396815088 1 43085136148
47396815088 1 43085136151
47396815088 2 43085136206
47396815088 1 43102240932
47396815088 1 43102240935
47396815088 1 47380103447
47396815088 1 47380103503
47396815088 1 47380103504
47396815088 3 47396880607
47396815088 2 47396880608
47396815088 1 47397208231
47396880385 1 153157634
47396880439 2 43085201561
47396880439 1 43101978699
47396880439 1 43102830686
47396880439 1 43102961760
47396880440 1 152305665
47396880440 3 153157634
47396880440 1 153288706
47396880440 1 43085201561
47396880440 1 43102961760
47396880440 1 47380168859
47396880495 1 43085201561
47396880495 1 43102699612
47396880495 1 43102699615
47396880495 1 43102830684
47396880495 1 43102830686
47396880495 1 47380168860
47396880495 1 47397797986
47396880496 1 153026563
47396880496 2 153157634
47396880496 1 153157635
47396880496 1 153157637
47396880496 1 43102568539
47396880496 1 43102830684
47396880496 2 47397797986
47396880551 1 43085201640
47396880552 1 135528605
47396880552 1 135528683
47396880552 1 152567810
47396880552 2 153026562
47396880552 1 153026563
47396880552 1 153026568
47396880552 1 4448124940
47396880552 1 43085201640
47396880552 1 43102699614
47396880607 1 43101978700
47396880607 2 47396945997
47396880608 1 135528683
47396880608 1 47380168782
47396880608 1 47380168938
47396880608 2 47396945997
47396880608 1 47396945998
47396945997 1 4430626827
47396945997 1 43085791326
47396945997 1 43102568543
47396945998 1 136118274
47396945998 1 4430626827
47397208066 1 152698883
47397208229 3 43102372005
47397208229 3 43102372006
47397208229 1 43119149221
47397208229 1 47397339301
47397208229 6 47397339302
47397208229 1 47397339305
47397208229 1 47414116517
47397208230 1 43102372006
47397208230 4 43102372007
47397208230 2 47397339302
47397208231 1 43085660253
47397208232 5 152698881
47397208232 4 152698882
47397208232 1 152829958
47397208232 1 153288705
47397208232 1 43102961759
47397208232 3 47397339301
47397208232 2 47397339302
47397208232 4 47397339304
47397208232 5 47397339305
47397208233 1 152698883
47397208233 1 47397339302
47397208233 3 47397339303
47397208233 1 47397339305
47397208233 9 47397339306
47397208234 1 47397339306
47397339301 2 43102503078
47397339301 2 47397470374
47397339302 2 43102503078
47397339302 2 43102503079
47397339302 2 47397470374
47397339302 4 47397470375
47397339304 2 47397470377
47397339304 1 47414247592
47397339305 1 152829955
47397339305 1 152830122
47397339305 1 47397470374
47397339305 2 47397470375
47397339305 5 47397470377
47397339305 2 47397470378
47397339306 2 152829955
47397339306 1 152830122
47397339306 1 47397470378
47397339306 1 47397666914
47397470211 1 153026567
47397470374 1 43102634148
47397470374 1 43102634150
47397470374 1 43102634151
47397470374 3 47397601447
47397470375 1 43102634151
47397470375 2 47397601447
47397470377 1 152961027
47397470377 1 47397601447
47397470377 1 47397601449
47397470377 4 47397601450
47397470378 1 153026567
47397535745 1 47397535841
47397535745 1 47397666914
47397535839 1 43102699613
47397535839 3 43102699615
47397535839 3 43102699616
47397535841 1 153026562
47397535841 1 153026658
47397535841 1 47397666912
47397601447 2 47397732519
47397601449 1 47397732522
47397601450 1 47397732522
47397666911 1 43102830686
47397666911 1 43102830688
47397666913 2 47397797986
47412412481 1 47395700832
47412412481 1 47395700864
47412412481 2 47395897451
47412412481 1 47395897452
47412412481 1 47412478048
47412412496 4 47395700832
47412412496 8 47395897451
47412412496 8 47395897452
47412412496 11 47412478048
47412412512 1 151060577
47412412512 1 47395700832
47412412512 1 47395700833
47412412512 5 47395700864
47412412512 1 47395897451
47412477985 1 47412478048
47412478016 1 47395766324
47412478016 1 47395897451
47412478016 1 47395897452
47412478048 6 47395766323
47412478048 7 47395766324
47412478048 1 47395897451
47412478048 1 47397208229
47412478048 2 47412543539
47412478048 1 47414247592
47412543539 1 152961028
47412543539 1 153092106
47412543539 1 43102765220
47412674667 1 153092109
47412674667 1 47395962988
47412674668 1 47395962987
47412674668 1 47395962988
47413985445 1 152698881
47413985445 1 43102830687
47413985445 1 43119149221
47413985445 1 47414116517
47413985448 1 47414116353
47413985448 3 47414116517
47413985448 3 47414116520
47414116353 1 169607170
47414116517 5 47414247590
47414247590 1 43119542439
47414247590 4 47414378662
47414378662 3 43119542439
47414378662 1 47414509735
47414509735 1 43119673511
