17498216 1 17563649
17563649 1 17629185
17563754 1 17629185
17629185 2 17694721
17629290 2 17694721
17694721 5 17760257
17694826 5 17760257
17760257 1 17760362
17760257 9 17825793
17760260 1 17825793
17760362 11 17825793
17825793 11 17891329
17825898 10 17891329
17891329 1 17891332
17891329 9 17891434
34603009 1 34668545
34603114 1 34668545
34668545 1 34668650
34429927496 1 34429927498
34429927497 1 34429927498
38707658899 1 38707789963
38707789963 1 34429927496
42967236712 2 42967302248
42967236714 2 42967302248
42967302248 8 42967367784
42967302250 5 42967367784
42967367784 9 42967433320
42967367786 8 42967433320
42967433320 11 42967498856
42967433322 11 42967498856
42967498856 19 42967564392
42967498858 18 42967564392
42967564392 13 42967564394
42984079464 2 42984145000
42984079466 2 42984145000
42984145000 2 42984210536
42984145002 2 42984210536
42984210536 2 42984276072
42984210538 1 42984276072
42984276072 1 42984341608
42984276072 1 42984341609
47245688833 1 47245688938
47245688936 1 47245688938
47245754369 2 47245754474
47245754472 2 47245754474
47262138369 60 47262138474
47262138369 1 47262203905
47262138369 1 47278915690
47262138472 2 42967236712
47262138472 1 47262138474
47262138472 51 47262203905
47262138472 8 47262204008
47262138472 3 47278981121
47262138472 2 47278981224
47262138474 1 17563649
47262138474 1 42967236712
47262138474 51 47262203905
47262138474 8 47262204008
47262138474 3 47278981121
47262138474 2 47278981224
47262203905 115 47262204010
47262203905 6 47262269441
47262203905 1 47279046657
47262204008 1 17629185
47262204008 5 42967302248
47262204008 1 42967302250
47262204008 2 42984079464
47262204008 1 47262204010
47262204008 93 47262269441
47262204008 26 47262269544
47262204008 3 47279046657
47262204010 1 17629185
47262204010 4 42967302248
47262204010 1 42967302250
47262204010 2 42984079464
47262204010 90 47262269441
47262204010 26 47262269544
47262204010 4 47279046657
47262269441 1 17694721
47262269441 130 47262269546
47262269441 16 47262334977
47262269441 1 47262335080
47262269544 2 17694721
47262269544 1 42967367784
47262269544 92 47262334977
47262269544 58 47262335080
47262269544 4 47262335082
47262269546 3 17694721
47262269546 4 42967367784
47262269546 107 47262334977
47262269546 59 47262335080
47262269546 4 47262335082
47262334977 3 17760257
47262334977 1 17760362
47262334977 90 47262335082
47262334977 34 47262400513
47262334977 2 47262400618
47262334977 1 47279177834
47262335080 2 17760257
47262335080 1 42967433320
47262335080 6 47262335082
47262335080 64 47262400513
47262335080 72 47262400616
47262335080 7 47262400618
47262335082 5 17760257
47262335082 1 17760362
47262335082 3 42967433320
47262335082 94 47262400513
47262335082 71 47262400616
47262335082 9 47262400618
47262335082 1 47279177834
47262400513 1 47245688833
47262400513 44 47262400618
47262400513 36 47262466049
47262400513 16 47262466154
47262400616 8 42967498856
47262400616 1 47245688833
47262400616 2 47262400618
47262400616 23 47262466049
47262400616 67 47262466152
47262400616 17 47262466154
47262400616 1 47279243368
47262400618 8 42967498856
47262400618 57 47262466049
47262400618 67 47262466152
47262400618 42 47262466154
47262400618 1 47279243368
47262466049 3 17891329
47262466049 2 47245754369
47262466049 11 47262466154
47262466049 27 47262531585
47262466049 15 47262531690
47262466152 4 42967564392
47262466152 1 47262466154
47262466152 2 47262531585
47262466152 44 47262531688
47262466152 26 47262531690
47262466154 3 17891329
47262466154 4 42967564392
47262466154 2 47245754369
47262466154 30 47262531585
47262466154 44 47262531688
47262466154 80 47262531690
47262466154 1 47279308906
47262531585 30 47262531690
47262531688 47 47262531690
47262531690 1 38707658899
47278915690 1 42967236712
47278981121 3 47278981226
47278981224 2 47279046657
47278981224 3 47279046760
47278981226 2 47279046657
47278981226 3 47279046760
47279046657 3 47279046762
47279046657 3 47279112193
47279046760 1 47262334977
47279046760 1 47279046762
47279046760 2 47279112296
47279046760 2 47279112298
47279046762 1 47262334977
47279046762 3 47279112193
47279046762 2 47279112296
47279046762 2 47279112298
47279112193 3 47279177729
47279112296 2 47279177832
47279112298 3 47279177729
47279112298 2 47279177832
47279112298 2 47279177834
47279177729 1 34603009
47279177729 2 47279243265
47279177832 2 47279243368
47279177834 1 34603009
47279177834 2 47279243265
47279177834 2 47279243368
47279177834 3 47279243370
47279243265 1 34668545
47279243265 1 47279308801
47279243368 2 42984341608
47279243368 1 47279308904
47279243370 1 34668545
47279243370 2 42984341608
47279243370 1 47279308801
47279243370 1 47279308904
47279243370 3 47279308906
47279308801 1 47279308906
47279308904 1 47279308906
