47429451777 1 47429451882
47429451777 1 47429517313
47429451777 1 47429517418
47429517313 1 47429582849
47429517313 1 47429582954
47429582849 1 47429648385
47429582849 1 47429648490
47429648385 1 47446491137
47429648385 1 47446491242
47446228993 1 47446229098
47446228993 1 47446294632
47446228993 1 47446294634
47446229096 1 47446229098
47446294529 2 47446294634
47446294529 2 47446360168
47446294529 2 47446360170
47446294632 1 47446294634
47446360065 2 47446360170
47446360065 1 47446425601
47446360065 1 47446425704
47446360065 2 47446425706
47446425601 2 47446425706
47446425601 3 47446491240
47446425601 3 47446491242
47446425704 1 47446425706
47446491137 3 47446491242
47446491137 1 47446556673
47446491137 3 47463333992
47446491137 3 47463333994
47446556673 1 47463399528
47446556673 1 47463399530
47463333889 2 47463333994
47463399425 1 47463399530
