101843387 1 4396876453
117571846 1 117637592
117637592 1 101843387
118620483 1 4413653446
118620523 1 118686205
118686146 1 30200299963
118686201 1 118751936
118686205 1 4413719241
118751782 1 4413784993
118751936 1 118817690
118817690 1 118883511
118882905 1 118948455
118883507 1 102172307
118883511 1 102172158
134217840 1 167837761
134283425 1 117571846
134348958 1 134414572
134349009 1 134414572
134349009 2 134414650
134349009 1 134414651
134349009 1 47379054905
134349010 1 21609251086
134414493 1 135397617
134414494 1 135397618
134414495 1 135397658
134414572 1 135397659
134414572 1 135397697
134414573 1 135397659
134414650 2 135397698
134414651 1 118620483
134414651 1 118620523
134414652 1 118620483
135397577 2 135463137
135397577 1 135790599
135397577 2 135790602
135397578 1 135463250
135397616 1 135463137
135397617 1 135463195
135397618 1 135463139
135397618 1 135463250
135397618 1 135463253
135397657 1 47363326511
135397658 1 118686146
135397659 1 4430430550
135397697 1 47363326456
135397698 1 118686091
135397698 1 135463308
135463081 1 135528527
135463081 1 135987205
135463081 1 136118277
135463082 1 135987205
135463084 1 4430495753
135463137 2 135528529
135463139 1 135528610
135463195 1 135528688
135463249 1 118751782
135463250 1 47363392190
135463253 1 4430496144
135463308 1 4413719005
135528527 1 135987204
135528529 1 136118281
135528529 1 4431085579
135528610 1 4430561290
135528688 1 4430561393
135594087 1 135856129
135790596 1 152698883
135856129 1 135856130
135856133 1 135987204
135987201 1 135987204
135987201 1 136118275
135987204 1 135987206
135987204 1 136118277
135987205 1 135987206
135987208 1 135987210
135987208 1 136118281
135987208 1 4431085579
150995025 3 151060545
150995025 1 151257090
150995025 1 151257196
150995025 1 167837697
150995025 1 167837729
150995025 3 167837761
150995025 1 168034305
150995025 4 168034306
150995025 1 168034307
150995025 3 168034412
150995025 1 168099842
150995025 1 168099948
150995025 1 47395700832
150995025 3 47412478048
150995025 1 47412674562
150995025 3 47412674667
150995025 5 47412674668
150995040 1 151060545
150995040 1 167837761
150995040 1 47395700832
150995040 3 47412478048
150995041 1 151060577
150995041 1 167837761
150995041 1 168034306
150995041 1 47412674668
151060545 1 151060608
151060545 1 151126017
151060545 1 151126070
151060545 1 151126123
151060545 1 43119149215
151060545 1 47414640807
151060576 1 151126069
151060576 1 47414640807
151060577 1 134348958
151060577 2 151126069
151060577 2 151126121
151060577 1 151126123
151060577 1 151126173
151060577 1 43119411363
151060608 1 151126069
151060608 1 151126121
151060609 3 134349009
151060609 1 151126173
151060609 1 21609185461
151060640 1 134349009
151126017 1 151191554
151126017 1 152174674
151126017 1 43119673502
151126017 1 43119673505
151126017 1 47395897452
151126068 1 152174674
151126068 1 43119673502
151126069 1 152829956
151126069 1 152829959
151126069 1 4447797270
151126069 1 4447797273
151126070 1 151191556
151126120 1 152829959
151126121 1 134414495
151126121 2 151191553
151126121 1 151191631
151126121 2 151191632
151126122 1 134414495
151126123 1 151191635
151126172 1 151191553
151126173 1 134414494
151126173 1 47379054826
151126224 1 47379054826
151191553 1 135397657
151191553 1 152698887
151191553 1 152698890
151191553 1 4447797267
151191553 1 43102372001
151191553 1 47412674666
151191554 1 135397618
151191554 1 135397657
151191556 1 4447666204
151191630 1 43102372001
151191631 1 152174793
151191631 1 4447666195
151191632 1 4447535123
151191632 1 4447535129
151191632 1 4447666195
151191635 1 8742502439
151257090 1 47412740204
152174673 1 152240129
152174673 1 152240130
152174673 2 152567809
152174673 1 152567813
152174673 4 152567814
152174673 2 153288707
152174673 1 153288709
152174673 1 153288711
152174674 1 152567822
152174674 1 8743223316
152174713 1 152240131
152174713 1 152240185
152174713 1 152567810
152174713 1 152567817
152174713 1 47396880552
152174714 1 152240187
152174714 1 152567819
152174715 1 152240133
152174715 1 4447207486
152174715 1 4447535121
152174715 1 4447535127
152174716 1 152240300
152174752 1 152240185
152174753 1 152240241
152174753 3 152240242
152174753 1 152567814
152174753 2 152567815
152174753 1 152567817
152174753 1 152567818
152174754 1 152240243
152174754 1 152567822
152174793 1 135463081
152174793 1 135790595
152174793 1 152240242
152174793 1 152240297
152174794 1 135463084
152174794 1 152240300
152174794 1 4447535123
152174794 1 4447535129
152174796 1 4430430383
152174796 1 8742502439
152174796 1 8742502442
152240129 1 153288713
152240130 1 153157639
152240130 1 153288713
152240131 1 4448256014
152240133 1 8743223318
152240185 1 153026563
152240185 1 153157635
152240187 1 4448256016
152240241 1 152305667
152240241 1 34478490364
152240242 1 152305668
152240242 1 153026567
152240242 1 4447993865
152240243 1 8743092243
152240297 1 152305665
152240298 1 152305668
152240300 1 135528607
152240300 1 4447272968
152305665 1 136118275
152305665 1 152895490
152305667 1 152895495
152305668 1 4447993867
152567809 1 152698881
152567809 2 152698882
152567809 1 152698886
152567810 2 152698884
152567812 1 152698887
152567813 1 152698886
152567814 2 152698886
152567814 1 152698887
152567814 1 152698889
152567815 1 152698893
152567817 1 152698890
152567817 1 152698891
152567819 1 152698893
152567819 1 152698896
152567822 1 4447666193
152567822 1 4447666195
152698881 2 152829954
152698881 1 152829958
152698882 1 152829955
152698882 2 152829956
152698883 1 47397470377
152698884 1 152829956
152698886 1 152829956
152698886 3 152829959
152698889 1 152829959
152698889 1 152829962
152698891 1 152829968
152698893 1 4447797267
152764417 1 152895490
152764417 1 152895491
152829954 1 152961028
152829954 1 152961030
152829955 1 152961027
152829955 1 47414378662
152829956 2 152961028
152829958 1 152961030
152895489 1 47397535841
152895489 1 47414378665
152895494 1 153026567
152895494 1 153026568
152895495 1 152895497
152895496 1 152895497
152895496 1 152895498
152895496 1 4447993866
152895496 1 4447993867
152895498 1 4447993867
152961028 1 153092100
152961030 1 153092100
152961030 1 153092103
153026561 1 153157634
153026563 1 153026564
153026564 1 153157635
153026566 1 153157639
153026566 1 153157640
153157633 1 153288706
153157636 2 153288707
153157636 1 153288709
153157638 1 153288709
153157639 1 153157640
153157639 1 153288713
153157640 1 153288711
167772193 3 167772224
167772193 1 43119673507
167772193 2 47412674561
167772193 4 47412674666
167772194 1 167837697
167772209 1 167772224
167772209 2 167837697
167772209 1 167837728
167772209 14 168034305
167772209 3 168034410
167772209 1 168099841
167772209 1 43119280293
167772209 1 43119673498
167772209 1 43119673501
167772209 2 43119673503
167772209 2 43119673504
167772209 3 43119673506
167772209 3 43119673507
167772209 1 43119673510
167772209 1 47412477953
167772209 1 47412477984
167772209 5 47412674561
167772209 11 47412674666
167772209 3 47414640805
167772209 3 47414640806
167772209 1 47414640808
167772224 1 167837697
167772224 1 167837728
167772224 1 43119673503
167772224 2 43119673504
167772224 2 43119673506
167772224 2 43119673507
167772224 1 43119673510
167772224 1 47412477953
167772224 1 47414640805
167772224 2 47414640806
167772225 1 167772256
167772225 6 167837697
167772225 1 167837728
167772225 13 167837729
167772225 3 167837761
167772225 5 168034305
167772225 7 168034306
167772225 1 168034410
167772225 4 168034412
167772225 1 43119542434
167772225 1 43119673506
167772225 1 43136450722
167772225 1 47412477984
167772225 2 47412477985
167772225 3 47412478048
167772225 1 47412674561
167772225 4 47412674562
167772225 5 47412674666
167772225 2 47412674667
167772225 14 47412674668
167772225 1 47412740098
167772225 1 47412740204
167772240 3 167837697
167772240 1 167837728
167772240 10 167837729
167772240 1 168034306
167772240 1 168034412
167772240 1 43100733599
167772240 2 47412477953
167772240 1 47412477984
167772240 2 47412477985
167772240 3 47412478048
167772240 1 47412674561
167772240 2 47412674666
167772241 1 167837697
167772256 1 167837729
167837697 1 167837728
167837697 1 168034306
167837697 1 43102765214
167837697 1 43119673498
167837697 1 43119673502
167837697 1 43119673504
167837697 2 43119673507
167837697 1 43119673508
167837697 3 47414640806
167837728 1 43119673498
167837728 1 43119673507
167837728 1 43119673510
167837728 2 47414640806
167837729 2 38824706197
167837729 1 43119673496
167837729 1 43119673498
167837729 1 43119673499
167837729 1 43119673502
167837729 2 43119673504
167837729 2 43119673505
167837729 1 43119673507
167837729 5 43119673508
167837729 1 43119673511
167837760 1 43119673498
167837760 2 43119673502
167837760 2 43119673508
167837761 1 38824706197
167837761 1 43119542427
167837761 1 43119673501
167837761 1 43119673502
167837761 2 43119673507
167837761 1 43119673511
167837792 1 43119542427
168034305 14 168099841
168034305 6 168099842
168034305 2 168099946
168034305 3 168099948
168034305 1 168165378
168034305 2 47412740098
168034305 2 47412740202
168034305 2 47412740204
168034305 1 47412805634
168034305 1 47412805740
168034306 7 168099842
168034306 4 168099948
168034306 1 43119673501
168034306 6 47412740098
168034306 10 47412740204
168034307 1 47412740203
168034308 1 34512568455
168034308 1 47412740203
168034308 1 47412740204
168034309 1 168099845
168034309 1 43136450713
168034310 1 34512568455
168034311 1 43136450713
168034312 1 4430364919
168034312 1 47412740203
168034314 1 4430364919
168034412 1 135397578
168034412 1 43119673501
168099841 3 168165377
168099841 9 168165378
168099841 1 168165379
168099841 1 168165482
168099841 4 168165484
168099841 1 168230914
168099841 2 47412805634
168099841 2 47412805740
168099842 5 168165378
168099842 4 168165484
168099842 4 47412805634
168099842 8 47412805740
168099845 1 168165379
168165377 1 168230914
168165377 2 47412871170
168165377 2 47412871276
168165378 8 168230914
168165378 9 168231020
168165378 2 47412871170
168165378 5 47412871276
168165379 1 168230914
168165484 1 168230914
168165484 1 168231020
168230914 3 168296450
168230914 1 168296556
168230914 4 47412936706
168230914 10 47412936812
168231020 1 47412936812
168296450 1 168361986
168296450 1 168362092
168296450 2 47413002348
168361986 1 47413067884
169345025 1 152698881
169345025 1 169345029
169345025 1 169345192
169345025 6 169476097
169345025 9 169476101
169345029 1 169476104
169476097 3 169476101
169476097 3 169476264
169476097 15 169607169
169476097 3 169607170
169476097 9 169607173
169476097 3 169607174
169476101 1 169607173
169476101 1 169607174
169476101 6 169607176
169476101 2 169607177
169476104 1 169607176
169607169 1 169607336
169607169 27 169738241
169607169 5 169738242
169607169 6 169738245
169607169 3 169738246
169607170 9 169738242
169607170 3 169738246
169607173 2 169738245
169607173 1 169738246
169607173 3 169738248
169607173 2 169738249
169607173 1 169869321
169607173 1 169869323
169607174 1 169738246
169607174 3 169738249
169607176 3 169738249
169607176 2 169738251
169607176 1 169738254
169607180 1 169607183
169607180 1 4464705554
169738241 3 169738245
169738241 3 169738408
169738241 28 169869313
169738241 11 169869314
169738241 13 169869317
169738241 7 169869318
169738241 1 169869480
169738241 1 170000390
169738241 1 186646533
169738242 6 169869314
169738242 7 169869315
169738242 3 169869316
169738242 2 169869318
169738245 2 169869317
169738245 3 169869318
169738245 2 169869321
169738246 2 169869316
169738246 1 169869318
169738246 2 169869319
169738246 2 169869321
169738248 1 169869321
169738248 2 169869323
169738249 1 169869319
169738249 2 169869321
169738249 1 169869322
169738249 3 169869323
169738251 1 169869326
169869313 13 170000385
169869313 11 170000386
169869313 7 170000389
169869313 5 170000390
169869313 2 186777601
169869314 11 170000386
169869314 7 170000387
169869314 1 170000388
169869314 4 170000390
169869315 2 170000387
169869315 7 170000388
169869316 3 170000388
169869316 2 170000391
169869317 2 170000389
169869317 6 170000390
169869317 1 170000392
169869317 1 170000393
169869317 2 186777605
169869318 2 170000388
169869318 7 170000390
169869318 1 170000391
169869318 5 170000393
169869319 1 170000391
169869319 2 170000394
169869321 2 170000391
169869321 3 170000393
169869321 1 170000394
169869321 2 170000395
169869322 1 170000397
169869323 3 170000395
169869323 3 170000397
169869326 1 4464967696
169869326 1 4464967699
184549409 6 168034305
184549409 1 168034306
184549409 1 168034307
184549409 2 168034410
184549409 1 184549425
184549409 1 43119411365
184549409 2 43119673504
184549409 2 43119673506
184549409 1 43119673508
184549409 1 47414640805
184549409 1 47429451777
184549409 1 47429451882
184549424 1 43119673506
184549425 1 167837697
184549440 1 43119673506
184811521 1 168099841
184811521 1 43119673498
184811524 1 184877060
184811524 1 43119673498
184811524 1 43119673500
184877060 1 184942593
184942593 1 168230914
184942593 1 47412871275
186646529 1 186777601
186646529 2 186777605
186646533 1 186777605
4363256455 1 135790596
4363256455 1 8675066707
4380165199 1 8675198682
4396876453 1 4380165199
4396876454 1 4380165199
4396942262 1 4413784997
4413653446 1 4413719241
4413653449 1 4413719241
4413719005 1 4413719083
4413719241 1 4413719319
4413719318 1 102040885
4413719319 1 102040885
4413784997 1 4413784998
4430364919 1 4413653449
4430430383 1 4430495836
4430495753 1 4430495831
4430496144 1 4430496222
4430561290 1 4430954509
4430561393 1 8725921809
4430823436 1 4430954509
4430823436 1 4430954511
4430823438 1 8725921809
4430823438 1 8725921811
4446027908 1 25888424281
4446093319 1 168034307
4446093319 1 8724349100
4446093320 1 8724349100
4447141972 1 4447207488
4447141972 1 8742502435
4447207486 1 13038190620
4447207488 1 17332895780
4447272968 1 8742961172
4447535121 1 4447666196
4447535127 1 4447666204
4447666193 1 4447797270
4447666196 1 4447797273
4447862802 1 8742961172
4447993865 1 4447993867
4447993872 1 8743092243
4447993872 1 8743092244
4448124942 1 4448256014
4448124942 1 4448256015
4448124944 1 4448256016
4448124944 1 4448256017
4463001618 1 25922502750
4463001618 1 43117772907
4463001618 1 47412740201
4463001619 1 25922502750
4464705554 1 4464836629
4464836629 1 4464967704
8675066707 1 4396942262
8675132582 1 8691975391
8691975391 1 135987204
8691975392 1 135987204
8708817999 1 135856133
8708817999 1 135856134
8724349100 1 43102372007
8742109274 1 13037142089
8742109274 1 17332437062
8743092250 1 13038190620
8758034452 1 17315266777
8758034452 1 47412805740
12953191131 1 152829955
12953191131 1 152830122
12953191131 1 12970034119
12953256904 1 8675132582
12970034119 1 8675132582
17315266777 1 21610299754
17331060842 1 13020299518
17349214270 1 34513027148
17349214270 1 47414247589
21593588297 1 21593588375
21593588297 1 25888621519
21593588298 1 21593588375
21593588375 1 25888621519
21593654116 1 21593654218
21609185461 1 21609251086
21609185515 1 21609251169
21609251086 1 134414652
21609251169 1 25888424318
21609251170 1 25888424318
21610299754 1 21593588297
21625897072 1 21609185461
21625897105 1 21609185515
25871647144 1 25888490011
25871647144 1 43102503073
25871778619 1 30166811813
25888424281 1 25888489954
25888424318 1 25888490008
25888489954 1 25888555676
25888490008 1 25871778619
25888490011 1 30183522979
25888555676 1 21593654116
25937838138 1 184942593
25937838138 1 201719914
25937838138 1 43119018143
25937903676 1 43102371998
25937903676 1 47412871275
25937903676 1 47412871276
30183522979 1 30183588522
30183588522 1 43085660247
30200299963 1 30200365536
30200299964 1 30200365536
30200365536 1 34478621241
30200365638 1 34478621241
30217011293 1 21593588297
30217011293 1 34512306298
30217338988 1 25922502750
30232805450 1 43085463707
30232805450 1 47412740202
34461779122 1 34461779123
34478686929 1 34478686930
34495201549 1 34495266950
34495398337 1 38790561875
34495398337 1 38790561876
34495725643 1 34512633927
34510864423 1 34510929977
34510864423 1 43117707370
34510864423 1 47412674664
34510929977 1 152240241
34511913031 1 30217011240
34511913031 1 30217338988
34511913032 1 30217011240
34512306298 1 38824181897
34512633929 1 34512764998
34512633929 1 34512764999
38756680526 1 34461779222
38756746325 1 38756812172
38773326179 1 38773391911
38773391858 1 38773457664
38773391911 1 34478490364
38773391970 1 38756680526
38773457508 1 38773523229
38773457511 1 38773523231
38773457664 1 34461779122
38773523229 1 34478621604
38773523336 1 38773589029
38773523337 2 38773589029
38773523338 1 38773589029
38773523439 1 38773589146
38773588545 1 34478686929
38773588910 1 30151016558
38773588910 1 38773588911
38773589029 1 38773654843
38773589146 1 38773589147
38773589266 1 38773589267
38773654846 1 38773654847
38773654853 1 38773655005
38789120223 1 38790103353
38790103274 1 34495201549
38790103355 1 38790169014
38790168792 1 38790234255
38790168793 1 38790234255
38790169014 1 34495267342
38790169015 1 34495267342
38790169017 1 38773457508
38790169018 1 38773457508
38790234255 1 34512633927
38790234570 1 38790300244
38790299737 1 38790692943
38790300144 1 38790300145
38790300244 1 38773588545
38790561874 1 38790561876
38790561874 1 43085660247
38790692949 1 38790692951
38805831882 1 38789120223
38805897362 1 38790103274
38806880492 1 34495529095
38806880492 1 38790168792
38806945953 1 38807011393
38807011393 1 34512764998
38807011394 1 34512764998
38807273619 1 38807404686
38807273623 1 38807404685
38807404686 1 34512568455
38807404692 1 38807535760
38807404695 1 38807535762
38807601235 1 38807732304
38807601235 1 38807732305
38807601239 1 38807732308
38807601239 1 38807732310
38807732309 1 38807863380
38807863375 1 34513027150
38824181897 1 43119280281
38824575127 1 38824706197
38856360018 1 169345032
38856360018 1 43134615653
38856360023 1 169345032
43067310543 1 43068293517
43067310545 2 43068293518
43067310546 2 43068293518
43068293477 1 43068359155
43068293478 1 43068359156
43068293478 1 43068359157
43068293517 1 38773391970
43068293518 2 43068359212
43068293519 2 43068359212
43068359155 1 43068424885
43068359156 1 43068424887
43068359157 1 43068424887
43068359157 1 43068424970
43068359158 1 43068424970
43068359212 1 43068424965
43068359212 1 43068425043
43068359213 1 43068424965
43068359213 1 43068425043
43068424736 1 47363457737
43068424811 1 43068490536
43068424812 1 43068490536
43068424814 1 47363457737
43068424885 1 38773523336
43068424886 1 38773523336
43068424887 1 38773523337
43068424891 1 43068490637
43068424891 1 43068490639
43068424965 1 38773523439
43068424970 1 47363458043
43068425043 1 38756746325
43068490536 1 43068556332
43068490637 1 43068490638
43068490639 1 43068556331
43068490845 1 43068490846
43068556331 1 38773654846
43068556332 1 38773654846
43068556332 1 38773654853
43083890800 1 43100733567
43083890800 1 43100930153
43083890800 1 43100930155
43084021965 1 43084087603
43084022016 1 43084087678
43084022018 1 43067310543
43084022018 1 43084087681
43084022019 1 43084087683
43084022071 2 43067310545
43084087522 1 38790103355
43084087524 1 43085070652
43084087527 1 43085070654
43084087603 1 43068293478
43084087603 1 43085070654
43084087678 1 38773326179
43084087681 1 43068293477
43084087683 1 43068293478
43085070575 1 43085136149
43085070613 1 43085136202
43085070615 1 43085136150
43085070615 1 43085136318
43085070652 1 38790169017
43085070653 1 38773391858
43085070654 1 43085136316
43085070654 1 43085136318
43085070655 1 43085136318
43085136149 1 43085201637
43085136150 1 43085201636
43085136150 1 43085201637
43085136151 1 43085201639
43085136202 1 38790234570
43085136261 1 43085201869
43085136262 1 43085201869
43085136262 1 43085201870
43085136263 1 43085201873
43085136316 1 38773457511
43085136318 1 43068424736
43085136318 1 43068424811
43085136318 1 43085201951
43085136319 1 43085201951
43085201560 1 43085267444
43085201560 1 47413985281
43085201560 1 47413985448
43085201636 1 38790299737
43085201637 1 38790692949
43085201637 1 43085267545
43085201639 1 43085267041
43085201640 1 43085267041
43085201795 1 43085267346
43085201870 1 38790300144
43085201873 1 43085267450
43085201874 1 43085267450
43085201951 1 43085267551
43085267039 1 38790561879
43085267041 1 43085660252
43085267346 1 43085332951
43085267347 1 43085332951
43085267444 1 30151016558
43085267450 1 43085332954
43085267545 1 38773589266
43085267551 1 43085333073
43085332951 1 43068621392
43085332954 1 43085398462
43085333073 1 43068621245
43085398159 1 43085529182
43085529181 1 43085660252
43085529182 1 47397339306
43100667999 1 43100733535
43100667999 1 47412674665
43100667999 1 47412674667
43100668000 2 43100733535
43100668000 1 43117510719
43100668000 3 43117510751
43100668000 1 43117707368
43100668000 2 43117707369
43100668000 1 43117707371
43100668000 1 47395700832
43100668000 1 47412478048
43100668000 3 47412674667
43100668000 1 47412674668
43100668016 1 43117510752
43100668016 1 47412674665
43100668016 1 47412674667
43100733535 1 170000395
43100733535 1 43100799027
43100733566 1 38805831882
43100733566 1 43100799127
43100733566 1 43100799128
43100733566 1 43100799181
43100733567 1 43100799027
43100733567 1 43100799128
43100733567 1 43100799130
43100733567 1 43100799181
43100733568 1 43100799027
43100733568 1 43100799130
43100733598 1 43084022016
43100733599 1 43084021965
43100733599 2 43084022018
43100799026 1 43100864585
43100799026 1 43100864663
43100799027 1 170000388
43100799027 1 47414640810
43100799076 1 43101847748
43100799079 1 38807535760
43100799079 1 38807535762
43100799079 1 43102371995
43100799079 1 43102503070
43100799127 1 38805897362
43100799128 1 43084087522
43100799128 1 43100864661
43100799130 1 43084087524
43100799130 1 43100864664
43100799131 1 43084087527
43100799131 1 43100864588
43100799181 1 43084087603
43100864585 1 43085070613
43100864588 2 43102371992
43100864661 1 34495529095
43100864663 1 43085070653
43100864664 1 43085070653
43100864666 1 43085070575
43100930153 1 47412740203
43101847589 1 38807273619
43101847591 1 43102240930
43101847630 1 43101913141
43101847630 1 43102240931
43101847671 1 38807273623
43101847671 1 43101913140
43101847671 1 43101913142
43101847671 1 43102240928
43101847671 1 43102372000
43101847671 1 43102961754
43101847710 1 43101913139
43101847710 1 43101913140
43101847710 1 43101913197
43101847710 1 43102240919
43101847710 1 43102240922
43101847710 1 43102240925
43101847711 1 43101913141
43101847711 1 43101913142
43101847711 2 43101913197
43101847711 1 43102240925
43101847711 1 43102240928
43101847711 1 43102240931
43101847748 1 38806945953
43101847751 2 43101913253
43101847751 1 43101913254
43101847751 1 43102240920
43101847751 1 43102240923
43101847751 1 43102240929
43101847751 1 43102240931
43101847791 1 43101913253
43101913139 1 34513027147
43101913140 1 34513027150
43101913140 1 43101913197
43101913141 1 153026561
43101913141 1 43101913142
43101913142 1 43085201637
43101913142 1 43102830681
43101913142 1 43102830684
43101913142 1 47413985448
43101913143 1 43085201637
43101913196 1 43101913197
43101913197 1 38807863378
43101913197 1 38807863380
43101913198 1 43102830684
43101913253 1 38807732308
43101913253 1 43101978695
43101913255 1 43101978699
43101913309 1 43101978695
43101978695 1 38807732304
43101978696 1 38807732304
43101978699 1 38790692947
43101978699 1 43102568539
43102240919 1 38807404692
43102240920 1 38807404693
43102240922 1 38807404695
43102240923 1 43102371992
43102240925 1 43102371992
43102240925 1 43102371995
43102240928 2 43102372000
43102240930 1 43102371999
43102240931 2 43102372001
43102240931 1 43102372007
43102240933 1 43102371998
43102240933 1 43102372003
43102240933 1 43102568535
43102240934 2 43102372004
43102240934 1 43102372007
43102371999 1 43102503066
43102371999 1 43102503069
43102372000 2 43102503070
43102372001 1 43102503073
43102372002 1 43102503075
43102372003 1 43102503072
43102372005 1 43102503075
43102372005 1 43102503078
43102503066 1 38807666834
43102503069 1 43102634138
43102503072 1 43102634139
43102503072 1 43102634142
43102503073 1 47414378664
43102503075 1 43102634142
43102503075 1 43102634145
43102503075 2 43102634147
43102568537 1 43102568539
43102568538 1 43102568539
43102568539 1 43102699609
43102568539 1 43102699610
43102568543 1 43102699614
43102634138 1 43102765208
43102634142 1 43102765214
43102634147 2 43102765217
43102634147 1 43102765220
43102699611 1 43102830684
43102699613 1 43102830686
43102830681 2 43102830682
43102830681 1 43102961754
43117445168 1 43117707365
43117445168 1 43117707368
43117445168 1 43134222399
43117445183 2 170000389
43117445183 1 186777601
43117445183 1 43117707365
43117445183 3 43117707368
43117445184 6 170000385
43117445184 4 170000386
43117445184 4 170000389
43117445184 1 170000390
43117445184 1 170000392
43117445184 1 186777601
43117445184 1 186777605
43117445184 6 43117510687
43117445184 1 43117510688
43117445184 1 43117510719
43117445184 16 43117707368
43117445184 1 43117707369
43117445184 2 43117707370
43117445184 1 43117707371
43117445184 2 47412477984
43117445184 8 47412674664
43117445184 9 47412674666
43117445184 2 47412674667
43117445184 1 47412740203
43117445184 1 47414247589
43117445184 1 47414640808
43117445184 1 47414640809
43117445184 1 47431418021
43117445199 1 186777605
43117445199 1 43117510687
43117445199 2 43117510719
43117445199 2 43117510751
43117445199 1 43117707365
43117445199 1 43117707367
43117445199 2 43117707368
43117445199 3 43117707369
43117445199 1 43117707371
43117445199 1 47412674665
43117445199 1 47412674667
43117445200 1 186777605
43117445200 7 43117510687
43117445200 13 43117510719
43117445200 4 43117510751
43117445200 7 43117707368
43117445200 7 43117707369
43117445200 7 43117707371
43117445200 2 43117772905
43117445200 2 43117772907
43117445200 6 47412477984
43117445200 6 47412478016
43117445200 1 47412478048
43117445200 1 47412674664
43117445200 6 47412674666
43117445200 10 47412674667
43117445200 4 47412674668
43117445216 2 43117510719
43117445216 1 47412478048
43117445216 1 47412674668
43117510687 1 169738245
43117510687 3 170000386
43117510687 4 170000390
43117510687 1 43117772905
43117510687 1 43117772907
43117510687 1 47414509737
43117510687 3 47414640809
43117510687 1 47414640810
43117510688 2 170000386
43117510688 1 170000387
43117510688 1 170000390
43117510688 1 47414509737
43117510688 2 47414640809
43117510688 1 47414640810
43117510719 1 169607176
43117510719 1 170000385
43117510719 1 170000386
43117510719 1 170000388
43117510719 3 170000390
43117510719 1 170000391
43117510719 2 170000393
43117510719 1 170000395
43117510719 1 47397339304
43117510719 1 47414640807
43117510719 1 47414640809
43117510719 1 47414640810
43117510720 1 170000390
43117510720 1 170000395
43117510720 1 47397339304
43117510720 1 47414640807
43117510720 1 47414640809
43117510720 1 47414640810
43117510750 1 43100799076
43117510751 1 169607177
43117510751 1 169738251
43117510751 1 169738254
43117510751 1 170000387
43117510751 2 170000391
43117510751 1 170000395
43117510751 1 170000397
43117510751 1 43100799076
43117510752 1 170000387
43117510752 1 170000391
43117510752 1 47414640809
43117707365 1 43102240934
43117707365 6 43117772904
43117707365 1 47412740203
43117707365 1 47412740204
43117707367 1 4464967704
43117707367 2 43117772905
43117707368 15 43117772904
43117707368 9 43117772905
43117707368 8 43117772907
43117707368 4 47412740200
43117707368 4 47412740201
43117707368 3 47412740202
43117707368 4 47412740203
43117707368 1 47414640808
43117707369 2 43117772905
43117707369 2 43117772907
43117707369 1 47412740201
43117707369 11 47412740203
43117772904 2 43117838439
43117772904 6 43117838440
43117772904 13 43117838441
43117772904 9 43117838443
43117772904 2 43117903977
43117772905 9 43117838441
43117772905 8 43117838443
43117772905 7 47412805739
43117838439 2 43117903977
43117838440 6 43117903977
43117838440 5 43117903979
43117838441 12 43117903977
43117838441 9 43117903979
43117838441 1 47412871273
43117838441 9 47412871275
43117903977 13 43117969513
43117903977 9 43117969515
43117903977 1 47412936809
43117903977 11 47412936811
43117969513 13 47413002347
43119018146 1 43102371999
43119018146 3 43119018149
43119018146 4 43119149215
43119018146 2 43119149218
43119018149 10 43119149218
43119018149 5 43119149221
43119149215 2 43119280284
43119149215 2 43119280285
43119149215 1 43119280288
43119149218 1 43102503075
43119149218 1 43119149221
43119149218 4 43119280287
43119149218 1 43119280288
43119149218 12 43119280290
43119149218 1 43119280291
43119149221 10 43119280290
43119149221 6 43119280291
43119149221 9 43119280293
43119149221 4 43119280294
43119280281 1 47414378497
43119280281 1 47414378664
43119280284 2 43119411354
43119280285 1 43119411357
43119280287 1 43119280290
43119280287 4 43119411357
43119280287 1 43119411359
43119280287 2 43119411360
43119280290 4 43119280293
43119280290 8 43119411359
43119280290 3 43119411360
43119280290 11 43119411362
43119280290 9 43119411363
43119280291 1 43119411360
43119280291 4 43119411363
43119280293 12 43119411362
43119280293 4 43119411363
43119280293 13 43119411365
43119280293 3 43119411366
43119280294 3 43119411363
43119280294 6 43119411366
43119411354 1 38824575127
43119411354 1 43119542423
43119411357 1 43119542424
43119411357 2 43119542426
43119411357 1 43119542427
43119411357 1 43119542429
43119411359 2 43119542428
43119411359 4 43119542429
43119411359 5 43119542432
43119411360 2 43119542429
43119411360 1 43119542430
43119411360 1 43119542432
43119411362 2 43119411365
43119411362 6 43119542431
43119411362 5 43119542432
43119411362 11 43119542434
43119411362 11 43119542435
43119411363 5 43119542432
43119411363 6 43119542433
43119411363 4 43119542435
43119411363 5 43119542436
43119411365 7 43119542434
43119411365 4 43119542435
43119411365 10 43119542437
43119411365 4 43119542438
43119411366 3 43119542435
43119411366 7 43119542436
43119411366 3 43119542438
43119411366 2 43119542439
43119542423 1 38824706197
43119542426 1 38824706197
43119542426 1 43119673496
43119542428 2 43119673498
43119542428 1 43119673501
43119542429 2 43119673498
43119542429 2 43119673499
43119542429 4 43119673501
43119542429 2 43119673502
43119542430 1 43119673502
43119542431 1 43119673500
43119542431 1 43119673501
43119542431 2 43119673503
43119542431 3 43119673504
43119542432 1 43119542435
43119542432 3 43119673501
43119542432 2 43119673502
43119542432 4 43119673504
43119542432 5 43119673505
43119542433 2 43119673502
43119542433 5 43119673505
43119542434 4 43119673504
43119542434 5 43119673506
43119542434 8 43119673507
43119542435 1 43119673504
43119542435 3 43119673505
43119542435 14 43119673507
43119542435 4 43119673508
43119542436 1 43119673505
43119542436 11 43119673508
43119542437 3 43119673506
43119542437 5 43119673507
43119542437 6 43119673509
43119542437 10 43119673510
43119542438 1 43119673507
43119542438 3 43119673508
43119542438 6 43119673510
43119542438 2 43119673511
43119542439 1 43119673508
43119542439 1 43119673511
43119673507 1 43119673510
43134222351 1 38807404685
43134222351 1 47412674668
43134222352 1 170000389
43134222352 1 38807404685
43134222352 1 43134484581
43134222352 1 43134484584
43134222368 1 170000385
43134222368 1 43134484584
43134222383 1 169738241
43134222383 1 170000385
43134222383 2 170000389
43134222383 3 43117707365
43134222383 3 43117707368
43134222383 1 43134484581
43134222383 1 43134484584
43134222384 2 170000385
43134222384 2 170000389
43134222384 1 170000393
43134222384 4 43117707368
43134222384 2 43117707370
43134222384 3 47414640808
43134222384 1 47429451880
43134222384 1 47429451882
43134484578 1 43134484584
43134484578 1 43134550117
43134484578 1 43134550120
43134484581 2 43134550120
43134484581 1 47414640806
43134484584 1 43134550120
43134484584 1 47414640806
43134550117 1 38807666834
43134550117 1 47412805738
43134550117 1 47429582952
43134550117 1 47429582954
43134550120 1 38807666834
43134550120 3 43134615656
43134615653 1 47412871275
43134615656 2 43117903977
43134615656 1 43117903979
43134615656 1 43134681193
43134615656 1 43134681195
43134681193 1 43117969515
43134681193 1 43134746729
43134746729 1 47413002347
43136188575 1 43136319644
43136188581 1 43136319650
43136319644 1 43136450713
43136319650 1 43136450722
47363260776 1 118686201
47363260776 1 47363326455
47363326455 1 43068424891
47363326456 1 43068424891
47363326511 1 43051647986
47363326512 1 43051647986
47363392111 1 47363457737
47363392112 1 47363457737
47363392190 1 43068490845
47363457737 1 118882905
47363457737 1 47363523400
47363457738 1 47363523400
47363458043 1 118883507
47363523400 1 47363589008
47378858096 1 47395700832
47378858096 3 47395700864
47378858096 1 47395897451
47378858096 1 47395897452
47378858096 1 47412478048
47378858096 2 47412674667
47378858096 3 47412674668
47378923712 2 43084022071
47378989315 1 47379054902
47378989315 1 47379054903
47378989315 1 47379054981
47378989316 1 47379054903
47378989316 1 47379054981
47379054825 1 43085070615
47379054825 1 47380037912
47379054826 1 47380037951
47379054902 1 43085070655
47379054903 1 43085070655
47379054903 1 47380037951
47379054903 1 47380037992
47379054905 1 47363260776
47379054981 1 47363260776
47379054982 1 47363260776
47380037872 1 135463249
47380037872 1 43085136151
47380037911 1 43085136261
47380037912 1 43085136261
47380037912 1 47380103448
47380037951 1 43085136262
47380037951 1 43085136263
47380037952 1 43085136262
47380037952 1 43085136263
47380037992 1 47380103615
47380103447 1 43085201795
47380103448 1 47380169016
47380103504 1 47380169016
47380103615 1 47363392111
47380103616 1 47363392111
47380169016 1 135594087
47395635281 2 47395700832
47395635281 1 47412478016
47395635281 1 47412478048
47395635281 2 47412674667
47395635281 3 47412674668
47395635296 1 43119673508
47395635296 11 47395700832
47395635296 1 47395700864
47395635296 1 47395897451
47395635296 5 47412478016
47395635296 7 47412478048
47395635296 1 47412674562
47395635296 17 47412674667
47395635296 8 47412674668
47395700832 1 151126069
47395700832 1 170000390
47395700832 1 170000391
47395700832 1 43100799079
47395700832 2 43119673505
47395700832 2 43119673508
47395700832 1 47395700864
47395700832 2 47395766323
47395700832 1 47395766324
47395700832 1 47395766375
47395700832 2 47395766376
47395700832 3 47412543539
47395700832 1 47412543540
47395700833 1 151126121
47395700864 3 151126121
47395700864 4 43100799079
47395700864 1 43100799131
47395700864 1 47378989315
47395700864 3 47395766324
47395700864 1 47395766325
47395700864 4 47395766375
47395700864 6 47395766376
47395700864 1 47395766377
47395700864 3 47395766427
47395700864 9 47395766428
47395700864 1 47395766429
47395700864 1 47395766480
47395700864 1 47414640806
47395700896 2 134349009
47395700896 1 43084022019
47395700896 2 47378989315
47395700896 1 47378989316
47395700896 1 47395766428
47395700896 2 47395766479
47395700896 5 47395766480
47395766323 1 170000387
47395766323 1 170000388
47395766324 1 170000387
47395766324 1 17331060842
47395766324 1 43119673505
47395766324 1 43119673508
47395766324 1 47414640643
47395766325 1 152961028
47395766375 1 43100864588
47395766375 1 43102240934
47395766375 1 43102372000
47395766375 1 43102503070
47395766375 1 43102503073
47395766375 1 47395831962
47395766375 1 47395831963
47395766376 1 151191553
47395766376 2 152829959
47395766376 1 152829968
47395766376 1 152961027
47395766376 2 152961028
47395766376 1 43102240934
47395766376 2 47395831886
47395766376 1 47395831962
47395766376 1 47395831964
47395766377 1 151191631
47395766427 1 47395831884
47395766427 1 47395831885
47395766427 1 47395831962
47395766428 1 151191553
47395766428 1 151191631
47395766428 4 47395831885
47395766428 2 47395831886
47395766428 1 47395831887
47395766428 1 47395831962
47395766428 3 47395831964
47395766429 1 134414493
47395766479 1 43100864666
47395766479 1 47379054825
47395766480 1 134414493
47395766480 2 47379054825
47395766480 1 47379054826
47395766480 3 47395831964
47395766480 1 47395832041
47395831884 1 43102240929
47395831885 1 43102240929
47395831885 1 43102240932
47395831885 2 43102372004
47395831885 1 47395831963
47395831885 1 47397339306
47395831886 1 152567811
47395831886 1 152567815
47395831886 1 152698884
47395831886 1 152698887
47395831886 1 152829956
47395831887 1 135790595
47395831962 1 38807404693
47395831962 1 43085070615
47395831963 1 152567811
47395831963 1 43085070615
47395831964 1 135790595
47395831964 2 135790596
47395831964 1 135790599
47395831964 1 135790602
47395831964 1 152698893
47395831964 1 47380037911
47395832041 1 47380037872
47395897451 1 47412740203
47395897451 1 47412740204
47395897452 1 47412740204
47396814887 1 38807994455
47396814887 1 43102240933
47396814888 1 153288708
47396814888 1 38807994455
47396814888 1 47397208065
47396814888 1 47397208232
47396814967 1 43102240934
47396814967 1 47396880439
47396814968 1 153288706
47396814968 1 43085463707
47396814968 1 43102240934
47396814968 1 47396880439
47396814968 1 47396880495
47396814968 1 47396880496
47396814968 1 47397208232
47396815008 1 152240185
47396815008 1 152567810
47396815008 1 43102240934
47396815008 1 47396880495
47396815008 1 47396880496
47396815008 1 47397208233
47396815009 1 152240241
47396815009 1 152567812
47396815047 1 43101913255
47396815047 1 43102240932
47396815048 1 152240241
47396815048 1 152567811
47396815048 1 43101913255
47396815048 1 43102240931
47396815048 1 43102240934
47396815048 1 47380103447
47396815048 2 47396880551
47396815048 1 47396880552
47396815049 1 135463081
47396815049 1 135790596
47396815088 2 135463081
47396815088 1 135790596
47396880495 1 43101978699
47396880495 1 43102830686
47396880496 1 153157634
47396880496 1 43101978699
47396880496 1 43102568537
47396880551 1 43102699609
47396880551 1 43102699614
47396880552 1 152305665
47396880552 1 43085267039
47396880608 1 152305665
47396880608 1 43085267039
47397208065 1 152698881
47397208229 1 43102372002
47397208229 1 43102372005
47397208229 1 43102961753
47397208232 1 152698882
47397208232 1 152699049
47397208232 1 47397339304
47397208233 1 47397339306
47397339306 1 47414247592
47397470377 1 47414378664
47412412449 1 170000385
47412412449 2 43119673509
47412412449 2 47412412480
47412412449 3 47412674561
47412412449 5 47412674666
47412412449 1 47414640805
47412412465 1 151060545
47412412465 1 167837729
47412412465 1 43119280293
47412412465 3 43119673507
47412412465 1 43119673509
47412412465 1 47395700864
47412412465 2 47412412480
47412412465 1 47412412481
47412412465 1 47412412496
47412412465 6 47412477984
47412412465 1 47412478016
47412412465 11 47412674666
47412412465 1 47412674667
47412412465 1 47412674668
47412412480 1 151060545
47412412480 1 151060577
47412412480 1 167837729
47412412480 3 170000385
47412412480 5 170000386
47412412480 1 170000389
47412412480 1 170000390
47412412480 1 186777601
47412412480 1 21625897105
47412412480 4 43100733566
47412412480 1 43117510750
47412412480 1 43119673504
47412412480 2 43119673506
47412412480 6 43119673507
47412412480 3 43119673509
47412412480 3 43119673510
47412412480 1 47395700864
47412412480 1 47412412496
47412412480 16 47412477984
47412412480 8 47412478016
47412412480 8 47412674664
47412412480 41 47412674666
47412412480 7 47412674667
47412412480 7 47412674668
47412412480 1 47414509733
47412412480 1 47414509736
47412412480 1 47414640805
47412412480 1 47414640806
47412412480 3 47414640808
47412412480 3 47414640809
47412412481 1 134283425
47412412481 2 151060545
47412412481 5 151060577
47412412481 3 151060609
47412412481 1 167837729
47412412481 1 168034306
47412412481 1 168034412
47412412481 1 186777601
47412412481 1 21625897072
47412412481 1 43100733567
47412412481 2 43100733599
47412412481 2 47395700832
47412412481 2 47395700864
47412412481 1 47395700896
47412412481 1 47395766428
47412412481 2 47412412512
47412412481 2 47412477984
47412412481 2 47412477985
47412412481 7 47412478016
47412412481 2 47412478048
47412412481 2 47412674562
47412412481 4 47412674666
47412412481 6 47412674667
47412412481 10 47412674668
47412412496 1 134283425
47412412496 2 151060545
47412412496 6 151060577
47412412496 4 151060609
47412412496 1 167837729
47412412496 1 170000390
47412412496 1 186777601
47412412496 1 4446027908
47412412496 1 21625897072
47412412496 1 43100733567
47412412496 1 43100733598
47412412496 2 43100733599
47412412496 1 43117510751
47412412496 1 43117707369
47412412496 1 43117707371
47412412496 1 43119280293
47412412496 1 43119673507
47412412496 1 43119673508
47412412496 1 43119673509
47412412496 1 47378923712
47412412496 5 47395700832
47412412496 1 47395700833
47412412496 27 47395700864
47412412496 9 47395700896
47412412496 1 47395766428
47412412496 26 47412477984
47412412496 2 47412477985
47412412496 31 47412478016
47412412496 8 47412478048
47412412496 1 47412674664
47412412496 27 47412674666
47412412496 22 47412674667
47412412496 20 47412674668
47412412496 1 47412740203
47412412496 1 47412740204
47412412496 1 47414378664
47412412496 1 47431418024
47412412512 1 47378923712
47412412512 1 47395700832
47412412512 11 47395700864
47412412512 6 47395700896
47412412512 4 47412478016
47412412512 2 47412478048
47412412512 1 47412674667
47412412512 2 47412674668
47412477953 1 47414247589
47412477953 1 47414378664
47412477953 1 47414640806
47412477984 1 151126017
47412477984 1 169607169
47412477984 1 169869313
47412477984 1 169869314
47412477984 8 170000386
47412477984 1 170000388
47412477984 1 170000389
47412477984 6 170000390
47412477984 1 43100799026
47412477984 1 43119673504
47412477984 1 43119673505
47412477984 10 43119673507
47412477984 1 43119673509
47412477984 7 43119673510
47412477984 1 47395766324
47412477984 1 47412478016
47412477984 2 47412674666
47412477984 1 47414116517
47412477984 1 47414116520
47412477984 1 47414247589
47412477984 1 47414378664
47412477984 4 47414640806
47412477984 2 47414640808
47412477984 4 47414640809
47412477985 1 43119673501
47412477985 1 43119673502
47412477985 1 47414247592
47412477985 1 47414640807
47412478016 1 153092100
47412478016 2 170000386
47412478016 5 170000387
47412478016 3 170000388
47412478016 2 170000390
47412478016 1 170000391
47412478016 3 170000393
47412478016 2 170000395
47412478016 2 170000397
47412478016 1 43100799026
47412478016 1 43102765217
47412478016 1 43119149218
47412478016 1 43119673501
47412478016 1 43119673502
47412478016 3 43119673504
47412478016 2 43119673505
47412478016 2 43119673507
47412478016 2 43119673508
47412478016 2 43119673511
47412478016 2 47395766375
47412478016 1 47395766376
47412478016 1 47414247589
47412478016 1 47414247592
47412478016 2 47414640807
47412478016 6 47414640809
47412478048 1 151126017
47412478048 1 151126121
47412478048 1 153092103
47412478048 1 170000387
47412478048 3 170000388
47412478048 1 170000390
47412478048 1 170000391
47412478048 2 170000394
47412478048 1 170000397
47412478048 1 4464967696
47412478048 1 43100799130
47412478048 1 43100799131
47412478048 1 43102765208
47412478048 1 43102765217
47412478048 1 43119149221
47412478048 1 43119542424
47412478048 1 43119673499
47412478048 2 43119673501
47412478048 3 43119673505
47412478048 1 47412674667
47412478048 1 47414640807
47412478048 2 47414640809
47412478048 1 47414640810
47412543539 1 170000388
47412543539 2 43119673508
47412543540 1 43119673508
47412674561 1 47412740097
47412674561 1 47412740098
47412674561 10 47412740202
47412674561 1 47412740204
47412674562 1 135397578
47412674562 6 47412740204
47412674562 1 47412805740
47412674664 1 170000386
47412674664 7 47412740200
47412674664 18 47412740202
47412674664 3 47412740203
47412674664 1 47412805739
47412674664 1 47412805740
47412674664 1 47414640808
47412674665 3 47412740203
47412674666 1 152174716
47412674666 1 170000386
47412674666 5 47412740098
47412674666 1 47412740200
47412674666 62 47412740202
47412674666 41 47412740203
47412674666 38 47412740204
47412674666 1 47412805739
47412674666 1 47412805740
47412674666 2 47414640808
47412674666 2 47414640809
47412674667 1 153092100
47412674667 1 8742502435
47412674667 1 17332437062
47412674667 1 47380037872
47412674667 68 47412740203
47412674667 34 47412740204
47412674667 1 47414640810
47412674668 1 152174713
47412674668 1 47396815048
47412674668 2 47412740098
47412674668 2 47412740203
47412674668 32 47412740204
47412674668 1 47414640809
47412740097 1 47412805738
47412740098 3 47412805634
47412740098 13 47412805740
47412740200 3 47412805738
47412740200 7 47412805739
47412740200 2 47412871275
47412740201 5 47412805739
47412740202 5 47412805634
47412740202 21 47412805738
47412740202 39 47412805739
47412740202 46 47412805740
47412740202 1 47412871275
47412740202 4 47412871276
47412740203 81 47412805739
47412740203 34 47412805740
47412740203 1 47412871275
47412740204 2 47412805634
47412740204 5 47412805739
47412740204 37 47412805740
47412805634 4 47412871170
47412805634 14 47412871276
47412805738 1 47412871170
47412805738 15 47412871275
47412805738 20 47412871276
47412805739 98 47412871275
47412805739 39 47412871276
47412805739 1 47412936811
47412805740 1 47412871170
47412805740 2 47412871275
47412805740 38 47412871276
47412805740 1 47412936812
47412871170 3 47412936706
47412871170 6 47412936812
47412871273 1 47412936811
47412871275 64 47412936811
47412871275 24 47412936812
47412871276 1 47412936706
47412871276 6 47412936811
47412871276 46 47412936812
47412936706 1 47413002242
47412936706 2 47413002348
47412936809 1 47413002347
47412936811 23 47413002347
47412936811 9 47413002348
47412936812 2 47413002242
47412936812 3 47413002347
47412936812 27 47413002348
47413002347 1 47413067883
47413002347 1 47413067884
47413002348 1 47413067883
47413002348 4 47413067884
47413985281 1 169476097
47413985281 1 47413985448
47413985445 13 43119149221
47413985445 5 47413985448
47413985445 9 47414116517
47413985445 4 47414116520
47413985448 3 169476097
47413985448 2 169476264
47413985448 1 47414116353
47413985448 4 47414116517
47413985448 21 47414116520
47414116353 3 169607169
47414116353 1 169607170
47414116353 4 47414116520
47414116353 1 47414247592
47414116517 8 43119280293
47414116517 3 43119280294
47414116517 4 47414116520
47414116517 17 47414247589
47414116517 3 47414247590
47414116517 2 47414247592
47414116520 6 169607169
47414116520 7 169607170
47414116520 1 169607336
47414116520 1 47414247425
47414116520 3 47414247589
47414116520 2 47414247590
47414116520 41 47414247592
47414116520 6 47414247593
47414247425 1 169607336
47414247425 5 169738241
47414247425 4 47414247592
47414247425 1 47414378664
47414247589 1 43119411362
47414247589 6 43119411365
47414247589 7 43119411366
47414247589 11 47414247592
47414247589 20 47414378661
47414247589 7 47414378662
47414247589 6 47414378664
47414247589 2 47414378665
47414247590 1 43119411366
47414247590 1 47414378662
47414247592 6 169738241
47414247592 4 169738242
47414247592 1 169738408
47414247592 1 169738409
47414247592 1 47414378497
47414247592 1 47414378498
47414247592 1 47414378661
47414247592 4 47414378662
47414247592 46 47414378664
47414247592 13 47414378665
47414247592 1 47414509737
47414247593 3 47414378665
47414378497 1 169869314
47414378498 1 169869314
47414378661 13 43119542437
47414378661 6 43119542438
47414378661 4 47414378664
47414378661 13 47414509733
47414378661 1 47414509734
47414378661 6 47414509736
47414378661 2 47414509737
47414378662 2 43119542438
47414378662 1 43119542439
47414378662 6 47414509734
47414378662 1 47414509735
47414378662 1 47414509737
47414378662 1 47414509738
47414378664 9 169869313
47414378664 3 169869314
47414378664 3 169869480
47414378664 1 169869481
47414378664 1 186646529
47414378664 2 47414509569
47414378664 4 47414509733
47414378664 5 47414509734
47414378664 29 47414509736
47414378664 21 47414509737
47414378664 1 47431286952
47414378665 2 169869314
47414378665 1 43102830681
47414378665 1 47414509735
47414378665 5 47414509737
47414378665 6 47414509738
47414509569 2 170000385
47414509733 2 43119673509
47414509733 1 43119673510
47414509733 6 47414640805
47414509733 8 47414640806
47414509733 1 47414640808
47414509734 3 43119673511
47414509734 1 47414509737
47414509734 5 47414640806
47414509734 3 47414640807
47414509734 2 47414640809
47414509735 2 47414640807
47414509735 1 47414640810
47414509736 2 170000385
47414509736 2 170000386
47414509736 1 170000552
47414509736 1 43102961758
47414509736 1 47414640805
47414509736 2 47414640806
47414509736 14 47414640808
47414509736 14 47414640809
47414509736 1 47431418021
47414509737 2 170000386
47414509737 1 170000387
47414509737 1 43102961758
47414509737 2 47414640806
47414509737 1 47414640807
47414509737 1 47414640808
47414509737 14 47414640809
47414509737 3 47414640810
47414509738 1 170000387
47414509738 1 47414640643
47414509738 5 47414640810
47429189649 1 43119673509
47429189649 1 47429451882
47429189664 1 43102634139
47429189664 1 47412674666
47429189665 1 43119673509
47429189665 1 47412674666
47429189665 1 47429189696
47429189665 1 47429451777
47429189665 1 47429451882
47429189680 4 170000385
47429189680 1 170000386
47429189680 2 170000390
47429189680 2 186777605
47429189680 2 43119673509
47429189680 2 43119673510
47429189680 1 47412477984
47429189680 4 47412674664
47429189680 16 47412674666
47429189680 1 47414378664
47429189680 1 47414640805
47429189680 2 47414640806
47429189680 1 47414640808
47429189680 1 47414640809
47429189680 1 47429189696
47429189680 2 47429451880
47429189680 4 47429451882
47429189696 1 170000385
47429189696 1 170000386
47429189696 1 170000390
47429189696 1 186777605
47429189696 1 47414640809
47429451777 2 47429517418
47429451880 1 170000387
47429451880 1 47429517416
47429451880 4 47429517418
47429451882 1 170000387
47429451882 1 47412740202
47429451882 2 47429517418
47429517416 1 47412805738
47429517418 1 47412805738
47429517418 6 47429582954
47429582952 1 47429648491
47429582952 1 47429648492
47429582954 1 47412871275
47429582954 2 47412871276
47429582954 2 47429648491
47429582954 4 47429648492
47429648491 1 47412936811
47429648491 1 47412936812
47429648491 2 47429714027
47429648491 2 47429714028
47429648492 2 47429714028
47429714027 1 47413002347
47429714027 1 47413002348
47429714027 1 47429779564
47429714028 1 47413002347
47429714028 2 47413002348
47429779564 1 47413067884
47431286952 1 47431418024
