118620481 1 118686203
118620482 1 118686203
118686203 1 118752018
118751779 1 47363457736
118751856 1 47363457736
118752018 1 4397007980
134414495 1 135397658
134414496 1 135397658
134414571 1 118620481
135397618 1 135397619
135397657 1 135463305
135397658 1 135463306
135463140 1 4430495987
135463305 1 47363392110
135463306 1 118751779
135528684 1 135528685
151060546 1 151126122
151126017 1 151126018
151126017 1 151191553
151126069 1 151191632
151126070 1 134414494
151126070 1 151191555
151126070 1 151191633
151126121 1 47379054904
151126122 1 134414495
151126123 1 134414495
151126172 1 47379054904
151126173 1 134414571
151126224 1 134414571
151191553 1 152174793
151191553 1 152174794
151191554 1 152174793
151191554 1 152174794
151191555 1 43085463713
151191632 1 135397618
151191633 1 135397657
152174594 1 152567822
152174594 1 8742830097
152174753 1 152240297
152174753 1 43085463713
152174793 1 47380103448
152174794 1 135463140
152240131 1 135528684
152240131 1 169345032
152240131 1 169345036
152240132 1 135528684
152240297 1 47380168859
167772193 1 184811521
167772193 1 47431418021
167772209 1 184811521
167772209 1 47431418021
167772224 1 43136450722
167772224 2 47429451777
167772224 2 47429451882
167772224 1 47431418024
167837697 1 151126017
167837729 1 151126017
167837729 2 151126070
167837729 1 151126121
167837761 1 151126070
167837761 1 151126122
184549377 1 184811524
184549377 1 184811626
184549377 1 43136319653
184549393 4 184811521
184549393 2 184811524
184549393 1 184811626
184549393 1 43136450722
184549393 1 43136450725
184549393 2 47431418024
184549408 3 184811521
184549408 3 184811626
184549408 1 43136450725
184549408 1 47431418021
184549408 1 47431418024
184549409 1 184549424
184549409 5 184811521
184549409 2 184811626
184549409 1 43136450722
184549409 1 47429451777
184549409 1 47429451882
184549409 1 47431418021
184549409 2 47431418024
184549424 2 184811521
184549424 2 184811626
184549424 1 43136450725
184549424 1 47429451777
184549424 1 47429451882
184549424 5 47431418024
184811521 1 184811524
184811521 1 184811526
184811521 13 184811626
184811521 37 184877057
184811521 3 184877060
184811521 1 184877062
184811521 24 184877162
184811521 2 43136450719
184811521 2 43136450725
184811521 4 47429517313
184811521 4 47429517418
184811521 2 47431418021
184811521 5 47431418024
184811524 1 184811526
184811524 5 184811626
184811524 1 43136450725
184811626 2 43136450719
184811626 1 43136450725
184811626 1 47431418021
184811626 5 47431418024
184877057 1 184877062
184877057 34 184942593
184877057 1 184942596
184877057 21 184942698
184877057 4 47429582849
184877057 3 47429582954
184942593 22 185008129
184942593 1 185008130
184942593 1 185008132
184942593 12 185008234
184942593 1 185008236
184942593 3 185073666
184942593 1 185073772
184942593 4 47429648385
184942593 2 47429648386
184942593 6 47429648490
184942593 2 47429648492
185008129 7 185073665
185008129 9 185073666
185008129 5 185073770
185008129 8 185073772
185008129 3 47429713921
185008129 2 47429713922
185008129 4 47429714026
185008129 2 47429714028
185008129 1 47429779564
185008130 1 47429713922
185008130 1 47429714028
185073665 2 185139201
185073665 1 185139202
185073665 2 185139306
185073665 1 185139308
185073665 2 47429779457
185073665 3 47429779458
185073665 2 47429779562
185073665 3 47429779564
185073666 7 185139202
185073666 6 185139308
185073666 4 47429779458
185073666 5 47429779564
185139201 1 47429844993
185139201 1 47429844994
185139201 2 47429845098
185139201 1 47429845100
185139202 6 47429844994
185139202 8 47429845100
186515457 2 186646529
186646529 3 186646696
186646529 12 186777601
186646529 2 186777605
186777601 1 186777605
186777601 1 186777768
201588737 2 201588842
201588737 4 201654276
201588737 4 201654378
201588740 2 201588842
201654273 4 201654378
201654273 2 201719809
201654273 1 201719812
201654273 3 201719914
201654273 1 47446360065
201654273 1 47446360170
201654276 1 201654378
201719809 1 201719914
201719809 2 201785345
201719809 2 201785450
201719809 1 47429648385
201719809 1 47429648490
201785345 2 201850881
201785345 2 201850986
201785348 1 185073665
201785348 1 185073668
201850881 1 185139201
201850881 2 185139306
201850881 1 47429779457
4397007980 1 4397073841
4397007981 1 4397073841
4496687113 1 201785348
4496687113 1 201785350
4496687113 1 47431418024
4496687116 1 47431418024
8708883836 1 8708883837
8742830097 1 8742830098
8774746135 1 34512306302
8774746135 1 47429517416
8774746135 1 47429517418
8774746137 1 34512306302
12986876710 1 12986876711
13003719507 1 13003785189
13003785189 1 8708883836
13053067294 1 34512437374
13053067294 1 47429648490
17298489681 1 17298555406
17298555406 1 12986876710
17298620991 1 13003719507
17314283788 1 17298489681
17315266857 1 17315332510
17315332510 1 17298620991
17315332511 1 17298620991
17330995274 1 17331060847
17330995275 1 17331060847
17331060847 1 17315266857
17331060925 1 17315266857
17332043791 1 152698886
17347706926 1 17330995274
21625962624 1 17314283788
21642674255 1 21625962624
21659713591 1 152567822
21659713591 1 47429582952
21659713591 1 47429582954
34478424613 1 34478424669
34478424668 1 34478424669
34495266956 1 34495266957
34495725645 1 34512633929
34495725645 1 34512633930
34512633928 1 34512633930
38756680524 1 38773457741
38773588553 1 38773654088
38790103354 1 34478424613
38790103394 1 34478424613
38790234178 1 38790234257
38790234256 1 34512633928
38790234257 1 34512633928
38805897363 1 38790103354
38805897363 1 47429451880
38805897363 1 47429451882
38806880330 1 34511978541
38806880330 1 34512306302
38806880411 1 38806945951
38806880412 1 38806945951
38806945951 1 34495266956
38806945952 1 34495266956
38806945953 1 38806946010
38806946009 1 38790234178
38806946010 1 38790234178
38807273612 1 34512437374
43051582109 1 38739903703
43068293519 1 43051582109
43068359154 1 38756680524
43068490537 1 43068490538
43084087526 1 43085070693
43084087527 1 43085070693
43085070574 1 43085136205
43085070693 1 43068359154
43085136205 1 43085201870
43085201870 1 43085267443
43085267143 1 43085529176
43085267144 1 43085529176
43085267443 1 38773588553
43085267444 1 38773588553
43085529176 1 43085529178
43085660249 1 38807601237
43100799025 1 38790496394
43100799027 1 43100864587
43100799079 1 43084087526
43100864587 1 43085070574
43101847748 1 38790496394
43101847748 1 38806945953
43117445184 2 186777601
43117445184 1 43117707368
43117445184 1 43117707370
43117445184 2 43134484584
43117445184 1 43134484586
43117445184 1 47429451880
43117445184 1 47429451882
43117445184 1 47431418021
43117510719 1 43100799025
43117707368 1 43134550120
43134222368 1 186777601
43134222368 2 43134484584
43134222368 1 43134484586
43134222368 1 47431418024
43134222384 3 186777601
43134222384 1 186777605
43134222384 1 43134484581
43134222384 7 43134484584
43134222384 6 43134484586
43134222384 1 47429451880
43134222384 1 47429451882
43134222384 1 47431286952
43134222384 3 47431418024
43134484578 1 43134484581
43134484578 1 43134550117
43134484578 1 43134550120
43134484581 11 43134484586
43134484581 12 43134550120
43134484581 9 43134550122
43134484584 3 186777601
43134484584 20 43134484586
43134484584 24 43134550120
43134484584 20 43134550122
43134484584 5 47429517416
43134484584 4 47429517418
43134484584 1 47431417857
43134484584 2 47431418021
43134484584 5 47431418024
43134484586 4 186777601
43134484586 2 47431418021
43134484586 4 47431418024
43134550117 5 43134550122
43134550117 1 43134615653
43134550117 6 43134615656
43134550117 5 43134615658
43134550120 26 43134615656
43134550120 16 43134615658
43134550120 6 47429582952
43134550120 6 47429582954
43134550122 1 47429582952
43134550122 1 47429582954
43134615653 1 43134681192
43134615656 19 43134681192
43134615656 3 43134681193
43134615656 8 43134681194
43134615656 2 43134681195
43134615656 1 43134746729
43134615656 1 43134746731
43134615656 7 47429648488
43134615656 7 47429648490
43134681192 11 43134746728
43134681192 4 43134746729
43134681192 5 43134746730
43134681192 4 43134746731
43134681192 3 47429714024
43134681192 2 47429714025
43134681192 3 47429714026
43134681192 2 47429714027
43134681192 1 47429779561
43134681192 1 47429779563
43134681193 3 43134746729
43134681193 2 43134746731
43134746728 6 43134812264
43134746728 1 43134812265
43134746728 2 43134812266
43134746728 1 43134812267
43134746728 3 47429779560
43134746728 1 47429779561
43134746728 2 47429779562
43134746728 1 47429779563
43134746729 4 43134812265
43134746729 4 43134812267
43134746729 1 47429779561
43134746729 4 47429779563
43134812264 3 47429845096
43134812264 3 47429845097
43134812264 1 47429845098
43134812264 4 47429845099
43134812265 1 47429845097
43134812265 5 47429845099
43136319650 1 43119673506
43136319650 2 43136319653
43136319650 2 43136450719
43136319650 4 43136450722
43136319653 2 43136450722
43136319653 5 43136450725
43136450722 1 43136450725
43151261800 1 43151327336
43151261800 1 43151327338
43151327333 2 43151327338
43151327333 2 43151392872
43151327333 2 43151392874
43151392869 1 43151392874
43151392869 1 43151458408
43151392869 1 43151458410
43151392872 1 43151458408
43151392872 1 43151458410
43151458408 1 43151523944
43151458408 1 43151523946
43151458408 1 47429714024
43151458408 1 47429714026
43151523936 1 43134812264
43151523936 1 43151523941
43151523938 1 47414640809
43151523941 1 47414640809
43151523944 1 47429779560
43151523944 1 47429779562
47363392110 1 43068490537
47363392111 1 43068490537
47363457736 1 43068556098
47379054904 1 43068293519
47380103448 1 47380169014
47380168859 1 38807601237
47380169014 1 43085267143
47380169015 1 43085267143
47395635296 1 47412478016
47395635296 1 47412674667
47395635296 1 47412674668
47395700864 1 151126173
47395766273 1 151191553
47395766324 1 151191553
47412412480 2 186777601
47412412480 1 43136450725
47412412480 3 47412674666
47412412480 2 47429451882
47412477984 1 43100799027
47412478016 1 43100799079
47412478016 1 47395766273
47412478048 1 151126069
47412674666 3 47412740202
47412674666 1 47412805740
47412674667 1 47412740204
47412740202 2 47412805738
47412740202 1 47412805739
47412740204 1 47412805740
47412805738 1 47412871275
47412805738 2 47412871276
47412805739 1 47412871275
47412805739 1 47412871276
47412805740 1 47412871276
47412805740 1 47429648490
47412871275 1 47429714027
47412871275 2 47429714028
47412871276 1 47412936812
47412871276 1 47429845100
47412936812 1 47429779564
47414378664 2 47414509736
47414509736 1 47414640808
47414509736 1 47414640809
47429189648 1 167837729
47429189648 1 47412478016
47429189649 1 167837729
47429189649 1 21642674255
47429189649 1 47429189680
47429189649 2 47429451777
47429189649 2 47429451882
47429189649 1 47431418024
47429189664 1 167837697
47429189664 3 167837729
47429189664 1 186777601
47429189664 1 17347706926
47429189664 1 21642674255
47429189664 1 43119673506
47429189664 1 43136450725
47429189664 1 47412477984
47429189664 2 47412478016
47429189664 2 47429451777
47429189664 5 47429451880
47429189664 8 47429451882
47429189664 1 47431418021
47429189664 3 47431418024
47429189665 1 167837761
47429189665 1 47429189696
47429189665 2 47429451777
47429189665 3 47429451882
47429189665 2 47431418021
47429189680 1 167837729
47429189680 2 167837761
47429189680 4 186777601
47429189680 1 43117510719
47429189680 1 43136319653
47429189680 2 43136450722
47429189680 1 43136450725
47429189680 1 47395700864
47429189680 1 47412478048
47429189680 1 47429189696
47429189680 1 47429451777
47429189680 6 47429451880
47429189680 14 47429451882
47429189680 3 47431418021
47429189680 2 47431418024
47429189696 1 167837761
47429189696 1 43136450725
47429451777 4 186777601
47429451777 1 43136450722
47429451777 3 43136450725
47429451777 3 47429451880
47429451777 93 47429451882
47429451777 47 47429517313
47429451777 60 47429517416
47429451777 119 47429517418
47429451777 3 47431418021
47429451777 3 47431418024
47429451880 4 186777601
47429451880 3 43136450722
47429451880 4 43136450725
47429451880 116 47429451882
47429451880 68 47429517416
47429451880 76 47429517418
47429451880 4 47431418021
47429451880 16 47431418024
47429451882 10 186777601
47429451882 1 38806880411
47429451882 5 43136450722
47429451882 10 43136450725
47429451882 1 47429517416
47429451882 23 47429517418
47429451882 1 47431286952
47429451882 7 47431418021
47429451882 20 47431418024
47429517313 36 47429517418
47429517313 48 47429582849
47429517313 18 47429582952
47429517313 86 47429582954
47429517416 1 47414640808
47429517416 1 47429517418
47429517416 74 47429582952
47429517416 101 47429582954
47429517416 1 47431418021
47429517418 1 47414640808
47429517418 43 47429582954
47429517418 1 47431418021
47429582849 1 185008129
47429582849 1 185008234
47429582849 7 47429582954
47429582849 31 47429648385
47429582849 1 47429648386
47429582849 56 47429648490
47429582849 1 47429648492
47429582849 1 47429714026
47429582952 1 43134681192
47429582952 1 43134681194
47429582952 58 47429648488
47429582952 84 47429648490
47429582952 3 47429648491
47429582952 1 47429714025
47429582952 2 47429714027
47429582952 1 47429779563
47429582954 1 47429648385
47429582954 74 47429648490
47429582954 6 47429648491
47429582954 6 47429648492
47429582954 5 47429714027
47429582954 4 47429714028
47429648385 17 47429713921
47429648385 2 47429713922
47429648385 37 47429714026
47429648385 2 47429714028
47429648386 2 47429713922
47429648386 3 47429714028
47429648488 47 47429714024
47429648488 1 47429714025
47429648488 61 47429714026
47429648488 5 47429714027
47429648490 4 47429713922
47429648490 93 47429714026
47429648490 23 47429714027
47429648490 22 47429714028
47429648490 2 47429779563
47429648490 2 47429779564
47429648490 1 47429845099
47429648490 1 47429845100
47429648490 1 47431418021
47429648491 9 47429714027
47429648491 6 47429714028
47429648492 2 47429714028
47429713921 8 47429779457
47429713921 1 47429779458
47429713921 17 47429779562
47429713921 1 47429779564
47429713921 1 47429845100
47429713922 3 47429779458
47429713922 11 47429779564
47429714024 29 47429779560
47429714024 1 47429779561
47429714024 46 47429779562
47429714024 3 47429779563
47429714024 1 47429779564
47429714024 1 47429845099
47429714024 1 47429845100
47429714025 4 47429779563
47429714026 4 47429779458
47429714026 71 47429779562
47429714026 33 47429779563
47429714026 41 47429779564
47429714026 1 47429845098
47429714026 6 47429845099
47429714026 5 47429845100
47429714027 1 186777601
47429714027 36 47429779563
47429714027 21 47429779564
47429714028 1 186777601
47429714028 1 47429779562
47429714028 3 47429779563
47429714028 10 47429779564
47429779457 6 47429844993
47429779457 10 47429845098
47429779458 7 47429844994
47429779458 15 47429845100
47429779560 12 47429845096
47429779560 5 47429845097
47429779560 20 47429845098
47429779560 7 47429845099
47429779561 4 47429845099
47429779562 6 47429844994
47429779562 1 47429845096
47429779562 47 47429845098
47429779562 29 47429845099
47429779562 40 47429845100
47429779563 1 152698886
47429779563 74 47429845099
47429779563 38 47429845100
47429779564 1 152698886
47429779564 1 47429845099
47429779564 40 47429845100
47429845099 1 169345032
47431155877 1 47431155880
47431155877 1 47431286949
47431155877 1 47431286952
47431155880 1 186646529
47431155880 1 47431286785
47431155880 5 47431286952
47431286785 1 186777601
47431286949 3 43136450725
47431286949 6 47431286952
47431286949 13 47431418021
47431286949 3 47431418024
47431286952 3 186777601
47431286952 1 186777768
47431286952 22 47431418024
47431417857 1 47431418024
47431418021 1 47431418024
47446228993 1 47429517313
47446228993 1 47429517416
47446228993 1 47429517418
47446228993 10 47446229098
47446228993 8 47446294632
47446228993 9 47446294634
47446229096 11 47446229098
47446229096 1 47446294632
47446229096 1 47446294634
47446294529 1 201654378
47446294529 1 47429582849
47446294529 1 47429582952
47446294529 2 47429582954
47446294529 8 47446294634
47446294529 2 47446360065
47446294529 5 47446360168
47446294529 7 47446360170
47446294632 1 47446360168
47446294632 1 47446360170
47446360065 3 47429648385
47446360065 1 47429648488
47446360065 4 47429648490
47446360065 4 47446360170
47446360065 2 47446425601
47446360065 1 47446425704
47446360065 3 47446425706
47446360168 1 47429648488
47446360168 1 47429648490
47446360168 1 47446425704
47446360168 1 47446425706
47446425601 2 47446425706
47446425601 1 47446491137
47446425601 4 47446491242
47446425704 1 43136450722
47446425704 1 47429714026
47446425706 1 43136450722
47446491137 1 47429779562
47446491242 1 47429779562
47446491242 2 47446556778
47446556778 2 47429845098
