184811521 1 184811626
184811521 1 47429517313
184811521 1 47429517418
184811524 1 184811626
185008132 1 185008134
185008132 1 201850881
185008132 1 201850884
201588737 3 201588842
201588737 3 201654276
201588737 3 201654378
201588737 1 47446294632
201588737 1 47446294634
201588740 3 201588842
201654273 5 201654378
201654273 2 201719809
201654273 2 201719812
201654273 4 201719914
201654273 1 47446360065
201654273 1 47446360170
201654276 2 201654378
201719809 8 201719914
201719809 5 201785345
201719809 1 201785348
201719809 7 201785450
201719809 1 47446360170
201719809 4 47446425601
201719809 1 47446425704
201719809 4 47446425706
201719812 5 201719914
201719812 1 47446360170
201785345 1 201785450
201785345 3 201850881
201785345 4 201850986
201785345 3 47446491137
201785345 2 47446491242
201850881 3 201916417
201850881 3 201916522
201850881 2 47446556673
201850881 2 47446556778
201916417 2 47446622209
201916417 3 47446622314
21659844660 1 47446491140
21659844660 1 47446491242
25937969211 1 21659844660
25937969211 1 21659844663
43151261697 2 43151261802
43151261697 1 43151327336
43151261697 1 43151327338
43151261697 1 47446294634
43151261794 1 43151261797
43151261794 1 43151327333
43151261794 1 43151327336
43151261797 1 43151261802
43151261797 1 43151327336
43151261797 1 43151327338
43151261800 3 43151261802
43151261800 1 43151327336
43151261800 1 43151327338
43151327333 1 43151327336
43151327333 6 43151327338
43151327333 1 43151392869
43151327333 8 43151392872
43151327333 7 43151392874
43151327336 7 43151327338
43151327336 3 43151392872
43151327336 2 43151392874
43151327336 1 47446360168
43151327336 1 47446360170
43151392769 1 47446360170
43151392769 1 47446425704
43151392769 1 47446425706
43151392869 10 43151392874
43151392869 1 43151458405
43151392869 11 43151458408
43151392869 10 43151458410
43151392872 6 43151392874
43151392872 4 43151458408
43151392872 4 43151458410
43151392872 1 47446360170
43151392872 2 47446425704
43151392872 2 47446425706
43151458405 5 43151458410
43151458405 1 43151523941
43151458405 5 43151523944
43151458405 4 43151523946
43151458405 1 47446491240
43151458405 1 47446491242
43151458408 3 43151458410
43151458408 8 43151523944
43151458408 8 43151523946
43151458408 4 47446491240
43151458408 4 47446491242
43151523941 1 43151589480
43151523944 5 43151589480
43151523944 5 43151589482
43151523944 7 47446556776
43151523944 7 47446556778
43151589480 6 47446622312
43151589480 6 47446622314
47429451777 15 47429451882
47429451777 4 47429517313
47429451777 6 47429517416
47429451777 10 47429517418
47429451777 1 47446294529
47429451777 4 47446294632
47429451777 5 47446294634
47429451880 15 47429451882
47429451880 4 47429517416
47429451880 4 47429517418
47429451882 1 47429517416
47429451882 1 47429517418
47429517313 4 47429517418
47429517313 5 47429582849
47429517313 1 47429582952
47429517313 6 47429582954
47429517313 3 47446360168
47429517313 3 47446360170
47429517416 5 47429582952
47429517416 6 47429582954
47429517416 1 47446360168
47429517416 1 47446360170
47429582849 1 47429582954
47429582849 6 47429648385
47429582849 5 47429648490
47429582849 1 47446425706
47429582952 3 47429648488
47429582952 4 47429648490
47429582952 1 47446425704
47429582952 1 47446425706
47429582954 1 47429648490
47429648385 3 47429713921
47429648385 3 47429714026
47429648385 1 47446491137
47429648385 1 47446491240
47429648385 3 47446491242
47429648488 2 47429714024
47429648488 2 47429714026
47429648488 1 47446491240
47429648488 1 47446491242
47429648490 1 47429714026
47429648490 1 47429779562
47429713921 1 47429779562
47429713921 2 47446556673
47429713921 2 47446556778
47429714024 1 47429779560
47429714024 1 47429779562
47429714024 1 47446556776
47429714024 1 47446556778
47429714026 1 47446622314
47429779560 1 47446622314
47429779562 1 47446622312
47429779562 2 47446622314
47446228993 1 47429451882
47446228993 2 47446229096
47446228993 42 47446229098
47446228993 1 47446294529
47446228993 46 47446294632
47446228993 47 47446294634
47446229096 1 47429451882
47446229096 43 47446229098
47446229096 2 47446294632
47446229096 2 47446294634
47446294529 110 47446294634
47446294529 13 47446360065
47446294529 100 47446360168
47446294529 109 47446360170
47446294532 1 47446294634
47446294632 61 47446294634
47446294632 2 47446360065
47446294632 5 47446360168
47446294632 5 47446360170
47446294634 1 47446360168
47446294634 1 47446360170
47446360065 132 47446360170
47446360065 40 47446425601
47446360065 103 47446425704
47446360065 145 47446425706
47446360168 45 47446360170
47446360168 22 47446425704
47446360168 22 47446425706
47446425601 91 47446425706
47446425601 59 47446491137
47446425601 61 47446491240
47446425601 131 47446491242
47446425601 1 47446556778
47446425704 19 47446425706
47446425704 1 47446491137
47446425704 53 47446491240
47446425704 57 47446491242
47446425706 2 47446491240
47446425706 1 47446491242
47446491137 41 47446491242
47446491137 55 47446556673
47446491137 24 47446556776
47446491137 103 47446556778
47446491240 1 47446556673
47446491240 68 47446556776
47446491240 80 47446556778
47446491240 1 47446622314
47446491242 1 47446556673
47446491242 1 47446556776
47446491242 17 47446556778
47446556673 9 47446556778
47446556673 47 47446622209
47446556673 3 47446622312
47446556673 69 47446622314
47446556776 2 47446556778
47446556776 66 47446622312
47446556776 93 47446622314
47446556778 1 47446622209
47446556778 2 47446622312
47446556778 50 47446622314
47446622209 3 47446622314
